#         t          x          y          z         vx         vy         vz
      0.000   -377.180    611.080   -284.520     71.590    -73.360     52.610
      0.071   -371.610    605.820   -281.240     74.250    -78.450     56.260
      0.143   -366.280    600.320   -277.540     72.910    -77.610     54.140
      0.214   -360.960    594.850   -273.800     71.050    -78.650     55.520
      0.286   -355.890    589.550   -270.470     71.360    -81.620     52.530
      0.357   -350.920    583.910   -266.950     71.280    -83.460     50.100
      0.429   -346.220    578.300   -263.610     68.720    -81.530     45.180
      0.500   -341.610    572.560   -260.480     68.340    -82.380     42.160
      0.571   -336.950    566.680   -257.230     67.660    -81.950     41.690
      0.643   -332.160    560.690   -254.080     66.710    -84.710     43.280
      0.714   -327.940    554.710   -250.760     59.580    -82.880     42.510
      0.786   -324.100    548.830   -247.500     53.940    -80.620     42.440
      0.857   -320.550    543.170   -244.420     47.280    -75.780     40.480
      0.929   -317.350    537.830   -241.340     45.130    -70.560     37.350
      1.000   -314.160    532.740   -238.230     45.570    -68.470     41.780
      1.071   -311.140    527.920   -234.890     42.320    -63.290     45.680
      1.143   -307.760    523.190   -231.340     45.240    -61.070     47.260
      1.214   -304.390    518.590   -227.540     47.310    -61.080     52.660
      1.286   -300.760    513.990   -223.570     46.490    -59.900     57.580
      1.357   -297.140    509.620   -219.410     51.140    -59.760     58.560
      1.429   -293.330    505.150   -214.990     52.560    -60.870     61.930
      1.500   -289.130    500.590   -210.450     56.790    -61.410     62.560
      1.571   -284.890    496.040   -205.840     57.820    -62.050     63.330
      1.643   -280.420    491.620   -201.500     62.490    -64.150     65.500
      1.714   -275.640    486.980   -196.980     69.690    -68.000     66.760
      1.786   -270.370    482.040   -192.150     73.550    -69.500     68.920
      1.857   -264.960    477.100   -187.310     76.400    -72.760     71.000
      1.929   -259.380    472.050   -182.280     78.110    -72.750     73.550
      2.000   -253.770    466.790   -177.230     78.510    -74.530     73.830
      2.071   -248.080    461.390   -172.110     81.070    -79.160     74.760
      2.143   -242.260    455.790   -166.870     83.160    -81.980     76.930
      2.214   -236.330    450.150   -161.760     85.920    -82.560     74.000
      2.286   -230.180    444.370   -156.590     90.120    -83.960     71.480
      2.357   -223.630    438.330   -151.480     94.290    -89.220     72.200
      2.429   -217.310    431.840   -146.180     91.350    -92.950     71.850
      2.500   -211.060    425.300   -140.950     93.150    -95.730     73.160
      2.571   -204.620    418.500   -135.610     94.760    -97.210     73.430
      2.643   -198.090    411.610   -130.380     94.030    -97.710     73.020
      2.714   -191.340    404.490   -124.940     94.940    -99.760     72.720
      2.786   -184.640    397.220   -119.340     95.250   -102.270     76.270
      2.857   -178.040    389.880   -113.710     97.460   -103.930     76.150
      2.929   -171.330    382.390   -108.070     97.280   -105.030     74.940
      3.000   -164.420    374.590   -102.430     98.120   -110.390     77.180
      3.071   -157.380    366.440    -96.530     99.390   -111.770     80.170
      3.143   -150.030    358.030    -90.470    102.720   -117.560     80.490
      3.214   -142.790    349.430    -84.410    104.700   -120.330     79.820
      3.286   -135.270    340.430    -78.300    108.850   -128.750     84.240
      3.357   -127.470    330.710    -71.770    111.910   -134.340     86.690
      3.429   -119.330    320.700    -65.460    114.780   -143.860     85.560
      3.500   -110.860    309.780    -59.120    119.410   -157.570     86.220
      3.571   -102.290    297.850    -52.740    116.160   -168.790     89.540
      3.643    -93.680    285.240    -46.470    121.120   -181.660     86.170
      3.714    -84.690    271.420    -40.330    121.500   -198.820     81.750
      3.786    -75.630    256.270    -35.070    123.510   -227.380     71.160
      3.857    -66.670    238.990    -30.640    121.270   -259.160     52.980
      3.929    -58.330    218.950    -28.320     95.640   -299.940     13.910
      4.000    -53.390    197.780    -30.010     44.150   -286.630    -52.510
      4.071    -51.560    179.710    -35.090     18.180   -232.690    -68.640
      4.143    -50.690    165.240    -39.820     20.440   -186.200    -59.120
      4.214    -49.540    153.310    -43.540     26.210   -159.580    -41.700
      4.286    -48.030    142.820    -45.920     27.200   -136.010    -25.600
      4.357    -46.760    133.840    -47.070     25.540   -115.110    -14.640
      4.429    -45.560    126.300    -47.870     22.260    -99.820     -4.520
      4.500    -44.410    119.820    -48.090     23.270    -83.010      0.330
      4.571    -43.310    114.360    -48.050     19.200    -67.450      4.600
      4.643    -42.120    109.950    -47.590     18.320    -54.730      7.920
      4.714    -41.240    106.260    -46.540     18.080    -43.140     11.730
      4.786    -40.340    103.610    -45.590     15.610    -32.220     12.930
      4.857    -39.360    101.520    -44.480     18.670    -21.130     14.340
      4.929    -38.230    100.190    -43.240     18.440    -10.430     15.650
      5.000    -36.960     99.600    -41.760     19.790     -2.390     19.670
      5.071    -35.570     99.620    -40.040     20.930      6.370     22.270
      5.143    -33.940    100.290    -38.280     23.660     14.980     26.120
      5.214    -31.850    101.330    -36.160     26.340     20.760     32.490
      5.286    -29.760    102.920    -33.570     25.770     29.160     37.120
      5.357    -27.460    105.360    -30.830     29.270     37.910     41.490
      5.429    -25.160    108.500    -27.890     33.940     48.680     45.370
      5.500    -22.420    112.300    -24.930     38.300     55.450     52.120
      5.571    -19.220    116.880    -21.210     45.400     68.660     60.280
      5.643    -16.030    122.500    -16.580     49.520     85.940     69.890
      5.714    -13.000    129.670    -11.360     60.770    110.450     80.040
      5.786     -8.260    138.770     -5.190     81.360    146.940     98.890
      5.857     -0.340    150.770      3.280    196.940    148.020    134.900
      5.929     10.600    156.800      9.210    120.050     20.220     64.680
      6.000     17.650    157.900     12.180     50.930     -6.650     39.340
      6.071     21.860    156.400     13.980      8.340    -21.290     22.200
      6.143     21.680    151.290     16.970    -16.650    -49.160      4.730
      6.214     19.330    145.620     16.100    -49.190   -113.090    -29.510
      6.286     19.310    140.240     14.410     54.290     -3.440     28.990
      6.357     22.980    139.770     18.200     34.190     -4.690     36.580
      6.429     25.590    138.510     20.540     28.750    -26.280     31.750
      6.500     28.610    136.530     21.880     36.410    -34.550     31.750
      6.571     31.540    134.760     23.840     39.200    -26.350     45.690
      6.643     34.720    133.260     26.920     41.950    -26.740     43.300
      6.714     36.530    131.270     29.810     42.510    -26.510     40.870
      6.786     39.730    129.370     32.340     36.630    -34.270     29.670
      6.857     42.580    127.190     34.650     38.630    -31.870     29.340
      6.929     43.920    125.820     35.780     39.820    -34.310     25.290
      7.000     48.410    122.420     38.710     39.840    -33.530     30.640
      7.071     51.020    120.040     40.450     33.600    -34.710     18.920
      7.143     51.870    118.500     41.670     35.340    -30.970     14.280
      7.214     54.440    116.190     43.570     33.550    -28.050     14.270
      7.286     56.910    114.180     45.220     34.570    -29.590     14.500
      7.357     60.400    112.380     46.250     37.770    -25.960     20.110
      7.429     62.770    110.650     47.830     35.960    -23.130     20.670
      7.500     65.340    109.080     49.630     38.230    -23.150     23.500
      7.571     67.870    107.320     51.370     36.040    -22.830     25.870
      7.643     71.010    105.430     53.610     34.100    -20.810     23.070
      7.714     73.360    103.900     54.990     31.330    -19.470     23.370
      7.786     75.390    103.250     55.990     33.530    -16.200     20.050
      7.857     77.320    101.300     58.320     31.040    -17.890     19.440
      7.929     79.630     99.980     59.790     31.760    -19.860     15.530
      8.000     82.020     98.570     61.030     33.620    -17.540     19.810
      8.071     84.560     97.320     62.530     34.120    -18.320     20.750
      8.143     87.300     96.170     64.160     33.260    -16.670     23.890
      8.214     89.850     94.980     65.870     34.780    -16.010     25.660
      8.286     92.490     93.750     67.790     36.130    -21.250     31.100
      8.357     95.130     92.380     70.070     37.230    -20.590     36.090
      8.429     97.420     91.150     72.200     37.620    -24.170     32.460
      8.500    100.400     88.870     74.850     33.640    -27.760     34.140
      8.571    102.440     87.380     76.380     35.930    -28.430     29.890
      8.643    105.150     84.950     78.890     32.520    -32.710     24.110
      8.714    107.460     83.040     80.420     28.840    -30.750     25.260
      8.786    109.500     81.100     82.420     31.820    -27.420     23.260
      8.857    112.230     79.310     83.770     31.920    -29.100     20.810
      8.929    114.050     77.290     85.550     31.590    -27.080     21.540
      9.000    116.430     75.350     87.040     32.270    -26.120     19.710
      9.071    118.210     73.420     88.680     29.210    -24.330     21.220
      9.143    120.530     71.410     90.310     30.630    -25.160     21.130
      9.214    122.630     69.880     91.750     29.780    -25.440     18.200
      9.286    124.780     68.090     92.980     31.870    -26.900     18.850
      9.357    127.060     66.340     94.410     31.630    -26.880     21.400
      9.429    129.180     64.520     95.830     27.560    -25.830     21.120
      9.500    131.130     62.780     97.340     25.060    -21.080     20.060
      9.571    132.850     61.430     99.060     25.210    -14.580     22.210
      9.643    134.760     60.560    100.730     29.250    -13.060     22.420
      9.714    136.990     59.590    102.480     31.580    -12.850     22.740
      9.786    139.290     58.470    104.270     33.200    -14.260     24.640
      9.857    141.660     57.320    106.170     34.260    -18.850     25.140
      9.929    144.020     55.870    108.380     32.700    -20.060     30.120
     10.000    146.410     54.720    110.710     36.410    -20.180     31.510
     10.071    148.850     53.480    112.800     33.280    -19.130     31.850
     10.143    151.380     52.120    114.830     31.180    -18.060     33.320
     10.214    154.070     50.110    116.960     33.690    -18.710     31.460
     10.286    156.420     48.770    119.180     34.070    -19.090     30.050
     10.357    158.860     47.470    121.370     36.080    -19.280     28.160
     10.429    162.150     46.010    123.170     34.810    -24.940     28.030
     10.500    163.640     44.280    125.220     33.410    -31.390     24.780
     10.571    165.860     42.250    126.870     32.520    -31.070     18.690
     10.643    168.110     40.140    128.250     29.400    -30.260     18.650
     10.714    170.290     38.110    129.640     31.680    -26.890     16.780
     10.786    172.250     36.240    131.060     27.030    -22.800     19.790
     10.857    174.020     34.570    132.360     28.570    -19.570     18.910
     10.929    176.010     33.240    133.880     28.400    -17.700     20.910
     11.000    178.100     31.960    135.600     30.750    -16.010     24.270
     11.071    180.280     30.750    137.450     32.450    -17.300     26.300
     11.143    182.360     29.280    139.370     29.860    -20.370     27.420
     11.214    183.940     27.580    140.530     29.270    -18.910     29.220
     11.286    186.570     26.400    143.330     29.220    -16.690     27.420
     11.357    188.680     24.960    145.290     30.410    -19.380     28.170
