#         t          m          x          y          z         vx         vy         vz
   455.0000     0.0001   156.3780    59.4336   218.7450    31.5538  -155.3760    62.2701
   455.0000     0.0001    75.9138    53.6880    36.3595   193.0620   -78.2308   131.7950
   455.0000     0.0001    49.2121    77.8341    84.9701   -48.2119   -58.5622  -214.8290
   455.0000     0.0001    56.2797    88.4753   100.9490   -80.9063  -108.1280  -197.4770
   455.0000     0.0001    55.8973    71.3764    65.0094   -73.3669   -45.4092  -155.4180
   455.0000     0.0001   147.2560    81.6273   192.0140    14.8404  -139.7850    27.7725
   455.0000     0.0001    59.8857    73.5401    57.2278  -132.3850  -107.9800  -148.1190
   455.0000     0.0001    -0.4268   160.5010   -39.7166   -59.3788   125.4380   -91.1582
   455.0000     0.0001    37.6512    81.7205    82.0208   -62.5403   -71.1719  -194.1990
   455.0000     0.0001   125.1780    73.7354   160.0980   -38.4037  -153.4220    10.5521
   455.0000     0.0001    86.0684    80.9024    87.5450   -56.3577  -124.6890  -185.2630
   455.0000     0.0001   127.8660    74.1768   160.9220   -20.9547  -136.4120   -12.5734
   455.0000     0.0001    60.6599    82.8155   101.4660   -78.6331   -90.5704  -157.2040
   455.0000     0.0001    57.7323   141.8240    23.7135    66.0369    59.5598   157.0840
   455.0000     0.0001    54.8623    91.0407    56.5065  -126.4550  -102.0870  -191.0930
   455.0000     0.0001   150.4540    82.6430   173.3860     2.4717  -149.6320    15.7251
   455.0000     0.0001    59.0262    81.5789   110.6680  -100.1880   -73.3076  -141.7960
   455.0000     0.0001   194.8790    98.2854   182.2980    44.4088  -155.7320    62.2648
   455.0000     0.0001    48.0722    79.7330    47.4090   -66.4595   -68.4948  -225.3620
   455.0000     0.0001    33.0748    97.5575    18.3675  -101.0250     9.1685  -298.6700
   455.0000     0.0001    41.1549    95.8704    48.5111   -81.7061   -67.8154  -253.9980
   455.0000     0.0001    43.4835    80.0067    89.5553   -61.0047   -83.9878  -183.4020
   455.0000     0.0001    44.1098    78.4559    91.3974   -51.4662   -85.8118  -182.0330
   455.0000     0.0001    17.2048   110.1500   -12.0881  -142.5740   150.3110  -191.6290
   455.0000     0.0001    39.1112    90.6929    42.0933   -50.2277    12.6581  -234.9860
   455.0000     0.0001    98.4339    72.0326   152.2000   -43.1962  -114.2790   -43.5938
   455.0000     0.0001    50.5242    72.1302    92.6083  -113.2670  -112.8560  -202.3630
   455.0000     0.0001    67.6248    58.9755    44.8379   182.9230  -104.2980   163.3700
   455.0000     0.0001    43.0576    94.1440    37.2302  -137.3250   -33.7798  -239.6530
   455.0000     0.0001    41.4920    71.5022    94.9744  -119.0880   -29.8107  -135.0030
   455.0000     0.0001   149.1050    84.6460   190.5040     5.4825  -141.2430    30.6258
   455.0000     0.0001   -15.8866   140.9880   -66.8731   -49.2162    47.0923   -66.9943
   455.0000     0.0001    46.8956    71.4347    81.9295   -92.0987   -81.9340  -241.4820
   455.0000     0.0001    47.1258    66.6303    89.5860   -70.4484   -99.1451  -156.8530
   455.0000     0.0001   128.7010   102.6770   144.4620    -2.7108  -157.8570   -41.3853
   455.0000     0.0001    46.7903    72.6926    80.8003   -86.2805   -80.8177  -207.5960
   455.0000     0.0001    39.3796   102.0760    49.5118   -63.0168   -57.0229  -304.3730
   455.0000     0.0001   213.8120   176.2520   144.5370    73.0592  -159.6330    64.0042
   455.0000     0.0001    44.7506    83.5236   106.6490  -103.5720  -120.2780  -171.8830
   455.0000     0.0001    12.3555   149.1330   -34.7382   -74.6134   135.3730  -163.2450
   455.0000     0.0001    19.0167    98.1493     8.8906   -30.0763   105.7910  -283.0800
   455.0000     0.0001    27.0376    97.4592    10.8200   -31.9512    98.2507  -292.9950
   455.0000     0.0001   111.6070   129.2990   149.7840     4.9709  -158.3910   -42.8995
   455.0000     0.0001   243.3830   108.7010   185.4640   103.3250  -158.7860    93.1292
   455.0000     0.0001   164.1350    83.6543   189.4870    20.8407  -150.7100    38.3311
   455.0000     0.0001    46.0955    83.4875    56.0585  -106.8480   -66.0364  -219.1530
   455.0000     0.0001    42.1300    95.3411    56.5398   -89.8319   -41.4589  -182.7710
   455.0000     0.0001    38.4606    94.0314    70.1299   -51.1302   -46.4520  -190.4670
   455.0000     0.0001   158.8590    53.0557   183.6660    17.8059  -157.9200    34.5856
   455.0000     0.0001   136.8910    91.5648   156.2160   -11.3214  -147.7980   -14.1393
   455.0000     0.0001   146.1740    77.5358   179.3540    -2.9424  -154.7400    25.3115
   455.0000     0.0001    65.6412    73.3076    37.0807   178.4080  -105.2090   146.9160
   455.0000     0.0001    89.1714    93.8350    27.6734   207.5760   -55.9590    99.1155
   455.0000     0.0001    49.2375    71.8434    80.2510   -96.0760   -80.6447  -149.5440
   455.0000     0.0001    56.3773    85.0090    54.6165   105.9340   113.5600   118.2850
   455.0000     0.0001    40.5435    93.4520    37.7217  -112.7950     7.9163  -230.3510
   455.0000     0.0001   -61.0652   161.2520   -58.3592   -42.5667    47.9121     1.0762
   455.0000     0.0001   166.1000    91.9077   221.3440    42.5576  -140.2360    58.7985
   455.0000     0.0001   166.3090   111.2490   153.1800     5.4687  -180.5400    28.8335
   455.0000     0.0001    93.1016    78.0754   159.9000   -47.0374  -117.7870   -39.0988
   455.0000     0.0001    54.4376    55.4806    59.9350   129.2740   -70.9691   183.6840
   455.0000     0.0001    19.8333    85.7602    33.1603   -47.5053    29.4613  -255.4500
   455.0000     0.0001    21.8806    93.7127    22.1600   -52.2941    77.0989  -272.4850
   455.0000     0.0001    82.4578    62.9694   126.1400  -102.3680  -158.1220   -48.2962
   455.0000     0.0001    39.1446    90.1286    61.5023   -95.1843   -82.7282  -209.5760
   455.0000     0.0001    33.6508    83.7257    57.7687  -100.9530   -26.6010  -201.1550
   455.0000     0.0001    20.9472   399.2670    53.4422   188.8870     9.2083    75.9913
   455.0000     0.0001   -32.3289   147.0010   -44.0179   -73.7589   117.7080   -73.7019
   455.0000     0.0001   104.6860    52.7588   127.8370   -72.7579  -147.2740   -22.8552
   455.0000     0.0001   148.6900    74.9521   167.3260    -4.4108  -143.6550    16.5903
   455.0000     0.0001    90.9899    95.6708   171.5760   -14.9575  -141.0700   -32.0051
   455.0000     0.0001   150.4540    82.6430   173.3860     2.4717  -149.6320    15.7251
   455.0000     0.0001   236.4330   128.0650   168.8630    93.5144  -154.7490    89.8490
   455.0000     0.0001    89.6475   150.6880    63.5029   147.3290  -234.5510   119.4940
   455.0000     0.0001    45.2756    93.5498    44.9635   -66.4388   -42.6350  -270.6030
   455.0000     0.0001    50.8249    62.7648    63.7721  -114.7940   -77.5372  -167.9780
   455.0000     0.0001   -95.7893   122.7150   -60.1957   -59.1967   -11.0904    -8.3896
   455.0000     0.0001    81.2979    67.4431    38.5718   203.0290  -102.1160   143.6830
   455.0000     0.0001    41.3176    97.0401    63.4978   -92.3451   -15.0025  -234.9990
   455.0000     0.0001   186.2720    82.0341   186.2050    41.3134  -148.4070    51.6281
   455.0000     0.0001   104.7290   127.9890   163.2000   -13.0919  -138.1490   -30.2047
   455.0000     0.0001    96.7182    76.3265    40.7786   202.0500  -109.2430   107.4320
   455.0000     0.0001   -10.7887   155.5850   -63.9534   -15.4782    75.5686  -108.9830
   455.0000     0.0001    22.5892   128.8770    12.2691  -196.1660   251.4220  -304.1180
   455.0000     0.0001    28.6432    97.9448    30.3286   -84.3217    17.2249  -299.0160
   455.0000     0.0001   110.6110    69.9498   136.9660   -51.5917  -132.1910   -44.7733
   455.0000     0.0001   159.6770    74.9622   188.9600    19.1844  -150.3910    34.1871
   455.0000     0.0001    38.9748    72.0225    69.7524   -85.3466   -70.9757  -196.2570
   455.0000     0.0001    68.5152    75.0253    81.2298  -136.5210  -164.7520  -148.2940
   455.0000     0.0001    35.7302    87.3436    66.1636  -104.8170   -60.6110  -185.3900
   455.0000     0.0001   154.9910    87.1071   184.5640    23.7626  -146.0660    16.9324
   455.0000     0.0001    95.6836   176.7730    63.6847   189.8220  -158.1190   112.0700
   455.0000     0.0001   147.4350    73.3287   182.9930     4.8329  -138.5120    21.8356
   455.0000     0.0001   142.0930    65.2123   168.6210    -6.7762  -146.2620     8.5786
   455.0000     0.0001    43.0449    79.2421    52.9616   -97.5348   -71.1001  -250.2920
   455.0000     0.0001   173.4990    84.8629   207.9490    48.5804  -154.7420    65.5235
   455.0000     0.0001   231.5700   242.2720   128.5030   116.2290  -125.1000    76.6346
   455.0000     0.0001    40.0060    95.8864    64.2333  -101.7420   -40.9577  -224.8600
   455.0000     0.0001    51.6301    86.6590    55.9999   -93.9382   -34.9411  -186.5100
   455.0000     0.0001    75.5568    79.5453   114.9580  -107.6390  -126.9830  -101.3530
   455.0000     0.0001   166.0600   111.0050   208.2210    50.4918  -138.3860    42.8694
   455.0000     0.0001   104.7840    81.6371   132.1510   -10.6328  -142.2320   -94.6034
   455.0000     0.0001    19.9784   124.7120   -12.6324  -100.5300   108.0090  -292.8380
   455.0000     0.0001   106.1460    89.5552   172.5850   -25.9150  -139.3530   -23.4971
   455.0000     0.0001    39.1917    96.0868    69.1826   -54.8521   -42.6803  -193.8930
   455.0000     0.0001    37.7243    84.0835    61.8269  -137.5760   -62.5856  -189.5180
   455.0000     0.0001    52.9121    73.2959    86.6296   -48.1392   -64.7804  -198.2640
   455.0000     0.0001    38.9880   103.0470    41.7019   -61.4140    10.8674  -273.4660
   455.0000     0.0001    25.2823   108.1340     8.9202  -100.2940   153.0690  -271.8890
   455.0000     0.0001   -18.7860   152.0070   -51.1056   -49.7426   106.9550   -91.1149
   455.0000     0.0001    72.6182    77.4424    81.8273  -127.5360  -121.1970  -176.3200
   455.0000     0.0001    60.4830    79.2003    95.3010  -154.4450   -99.5735  -141.7600
   455.0000     0.0001    42.7248    99.3824    37.3058  -113.0870   -22.3424  -282.8560
   455.0000     0.0001    40.0222    87.1909    54.9947  -114.8230   -49.0441  -256.7310
   455.0000     0.0001    43.2011    90.3465    58.7906   -98.4478   -36.3526  -211.1890
   455.0000     0.0001    39.5217   100.2740    35.2599  -108.9230    24.5650  -274.2400
   455.0000     0.0001   151.5740    57.4654   178.2820     7.7753  -146.8050    24.6235
   455.0000     0.0001    28.6743    96.0325    41.2805   -62.3419    22.6467  -258.0430
   455.0000     0.0001   112.9980    93.5562   113.2190   -33.3723  -153.4470   -92.6584
   455.0000     0.0001    65.1597   137.5050    57.3511   -10.4956  -259.1420    27.3203
   455.0000     0.0001    53.2102    89.1553    53.5273   -63.7620   -73.8477  -238.6260
   455.0000     0.0001    65.1597   137.5050    57.3511   -10.4956  -259.1420    27.3203
   455.0000     0.0001    80.2708    68.9099    48.0856   192.8150  -102.6240   156.1920
   455.0000     0.0001    37.3080    92.5068    48.5367  -144.6790   -42.1228  -219.6930
   455.0000     0.0001    46.0429    80.5042    55.8261   -85.2116   -31.8170  -165.9030
   455.0000     0.0001    54.5016    70.4542    80.6352   -83.6155   -89.6493  -191.1670
   455.0000     0.0001   107.4600    92.5179   141.9630    13.9847  -137.8180   -79.2449
   455.0000     0.0001   243.3800   230.7000   127.0300   140.0480  -124.9530    75.3218
   455.0000     0.0001    88.9371    84.1306   155.0760   -41.0935  -115.9920   -57.2270
   455.0000     0.0001    78.8171    84.7663   101.1960   -99.3511  -112.8610  -144.4130
   455.0000     0.0001    34.2187    74.5604    62.9448   -75.7681   -77.2379  -152.2820
   455.0000     0.0001   154.1390    98.2393   198.8110    18.3140  -137.1860    34.6889
   455.0000     0.0001   237.6410   132.1640   161.9120    98.9634  -154.8290    87.1577
   455.0000     0.0001    70.6768    82.1812    86.7710  -112.8520  -115.4320  -191.3010
   455.0000     0.0001    77.5223    84.8478    96.1779  -110.4060  -114.5480  -151.7120
   455.0000     0.0001    90.8165   366.3280    76.4093   201.8280   -35.7693    73.0676
   455.0000     0.0001    24.3034   115.5300    -2.3038  -102.5020    91.2244  -320.5770
   455.0000     0.0001    83.2290    65.0951   173.5250   -55.1302  -154.8080    -2.2058
   455.0000     0.0001    50.8249    62.7648    63.7721  -114.7940   -77.5372  -167.9780
   455.0000     0.0001    54.1719    88.2821    54.2913  -135.2900   -64.2051  -191.4550
   455.0000     0.0001    66.4374    82.8136    80.3209   -90.7924  -115.8670  -152.9200
   455.0000     0.0001   189.5260   113.4500   189.8290    61.4079  -159.7310    68.9184
   455.0000     0.0001    54.6220    82.1620    85.9613   -41.4216   -78.7095  -218.0930
   455.0000     0.0001    77.6253    71.5080    42.5433   204.0060  -208.4200   122.6750
   455.0000     0.0001    36.4522    73.4808    74.7525   -62.4512   -62.7793  -196.3670
   455.0000     0.0001    72.5480   103.0710   109.2420   -34.7189  -133.3220  -156.1120
   455.0000     0.0001    67.7982    76.8402    83.6489  -134.6450  -117.2160  -185.2830
   455.0000     0.0001    56.8671    68.5014    70.6734  -134.8750   -94.6415  -120.1110
   455.0000     0.0001    64.0758    82.7329    69.2760  -112.9270  -111.6720  -236.7890
   455.0000     0.0001    51.6301    86.6590    55.9999   -93.9382   -34.9411  -186.5100
   455.0000     0.0001    63.0311    72.0434    87.1775   -68.7603  -108.0220  -143.2750
   455.0000     0.0001    34.3242    90.0554    69.1301  -131.5390   -48.0984  -206.3130
   455.0000     0.0001    80.4958    75.9367    94.3471   -98.8171  -133.1140  -151.6000
   455.0000     0.0001    47.5085    88.5612    57.0606   -95.6837   -33.2967  -144.2630
   455.0000     0.0001   117.3520    94.6279   177.8470    -2.2534  -138.3260    -9.1455
   455.0000     0.0001   213.3080   100.1110   114.3970    55.8156  -185.3650    42.9531
   455.0000     0.0001   145.2190    73.2349   161.4640   -15.8239  -165.8910    24.5979
   455.0000     0.0001   253.8620   178.3590   136.3160   130.5710  -140.3850    72.3990
   455.0000     0.0001    38.0308    91.0336    81.0241   -78.1504   -71.9057  -190.1720
   455.0000     0.0001    95.2722    98.4299    32.8046   231.8860   -76.4303    98.1702
   455.0000     0.0001    34.7019   102.3440    30.8714  -130.7810     6.0034  -297.2160
   455.0000     0.0001    81.1065    89.3804    31.8768   189.9020   -63.6816   104.4030
   455.0000     0.0001    36.6527    82.0053    62.8264   -97.8902   -63.3567  -172.8280
   455.0000     0.0001    39.1944    92.9137    33.9248  -123.5100    -9.3377  -257.7800
   455.0000     0.0001    70.1165   135.2340    51.7311  -234.4770  -160.5900  -110.8150
   455.0000     0.0001    67.4121    62.8218   157.9530   -69.4143  -124.1210   -32.2198
   455.0000     0.0001   249.2340   196.0110   124.2080   133.7780  -138.6670    67.8132
   455.0000     0.0001   105.9430    83.8492   210.3770   -19.8415  -142.5450    40.6280
   455.0000     0.0001   184.3580    97.7244   193.3720    37.5765  -147.1040    54.4813
   455.0000     0.0001   246.7130   176.7610   142.7050   121.9140  -142.6230    81.2433
   455.0000     0.0001    50.6423    98.3388    44.0381  -110.6590   -54.9480  -256.1200
   455.0000     0.0001    76.5664    73.3843    89.3370  -104.7820  -125.8990  -165.4120
   455.0000     0.0001    45.0720    72.2857    84.5314   -45.4292   -78.1592  -179.8550
   455.0000     0.0001   -70.0085    97.0381   -96.2080   -41.7555   -52.0558   -35.1027
   455.0000     0.0001    77.8829    89.0673   108.8600   -75.2655  -119.4490  -146.0270
   455.0000     0.0001    91.1578   169.3170    66.5771   158.9760  -184.1820   127.7570
   455.0000     0.0001    39.3709    93.5441    27.6292  -130.6980    21.9998  -241.5660
   455.0000     0.0001    -5.0587   167.4800   -31.3404   -67.9382   121.2720   -40.1496
   455.0000     0.0001    76.0693    87.0083   113.3330   -52.1020  -116.8910  -151.5010
   455.0000     0.0001   142.3030    73.6694   205.9680    14.6388  -142.3860    37.0366
   455.0000     0.0001    57.1230    83.0551    83.9318  -125.5300   -40.2184  -133.1820
   455.0000     0.0001   204.9950   108.9370   200.5120    60.6837  -148.1390    78.0426
   455.0000     0.0001   111.4640    73.8122   162.7120   -42.3864  -137.7970   -10.5063
   455.0000     0.0001   137.5290    67.9434   172.3160    -3.4880  -139.6950     4.0642
   455.0000     0.0001     6.8147   111.8610    65.3231    90.8972   145.3780    46.0034
   455.0000     0.0001   159.4670   100.7980   189.3200    27.1311  -146.8020    26.7621
   455.0000     0.0001    44.9827    90.3645    56.8605   -98.4324   -33.9517  -233.2050
   455.0000     0.0001   134.7480    68.1430   163.1700   -20.2701  -143.2220     4.1054
   455.0000     0.0001    73.9966    63.5065   111.3180  -126.1290  -142.5070   -71.0872
   455.0000     0.0001    56.8924    73.8069    88.3285   -90.1915  -106.4360  -149.3210
   455.0000     0.0001   152.4240    78.0327   182.3810     5.8540  -144.5710    26.8761
   455.0000     0.0001    94.2570    79.1603   102.0900   -50.4418  -136.8330  -142.6140
   455.0000     0.0001   -82.7551   111.0840   -75.6207   -56.7246   -27.1511   -11.2294
   455.0000     0.0001   -39.8788   142.0490   -59.7360   -76.4346    54.3593   -50.1352
   455.0000     0.0001    41.3685    78.1447    83.7558   -41.1145   -62.9349  -195.0310
   455.0000     0.0001    47.1629    96.5378    58.7189   -88.4609  -114.4020  -234.4940
   455.0000     0.0001   -37.2097   147.6460   -58.4149   -73.9469    66.9294   -39.8200
   455.0000     0.0001    70.2043    98.4724   132.4780   -33.9851  -147.7520  -105.3520
   455.0000     0.0001   165.4310    88.3739   197.4520    38.8962  -143.7290    34.3240
   455.0000     0.0001    88.3901    60.9077   155.2610   -12.3630  -117.6590   -57.7055
   455.0000     0.0001    47.1870   100.7990    69.3567   -69.3165   -31.0993  -213.0340
   455.0000     0.0001    54.7975    82.3698    99.3595  -101.1740   -81.2234  -147.0830
   455.0000     0.0001   217.8060   155.4480   151.3890    66.2329  -158.1870    65.5036
   455.0000     0.0001    65.7399    59.7036    49.5917   162.3900   -90.0623   173.0970
   455.0000     0.0001    38.5027   150.6210    27.9948   160.7310   148.7730   323.9850
   455.0000     0.0001    39.6764    92.1634    60.2820   108.9130   136.3210   110.7300
   455.0000     0.0001    51.7509    85.2716   123.7390   -46.8855   -83.5473  -136.7940
   455.0000     0.0001    77.6179    77.3911    87.2192  -111.4370  -167.2390  -135.4400
   455.0000     0.0001    30.1879   126.6950    -0.2806   -20.2422    74.5824  -393.0980
   455.0000     0.0001    60.1815   139.1370   -49.1124   134.8080    36.3290  -180.5550
   455.0000     0.0001   218.0990   119.8210   208.2550    78.7348  -123.2910    79.0092
   455.0000     0.0001    42.1513    96.9124    68.7238   -79.7161   -49.6619  -197.5860
   455.0000     0.0001   101.9600    61.1855   182.1860   -36.9060  -153.7730    15.0947
   455.0000     0.0001   160.1840   269.7850    86.7333   192.1700  -115.9590    71.1497
   455.0000     0.0001     3.5227   100.0720    62.9076    59.3324   120.4290    56.1510
   455.0000     0.0001    66.5431    56.9157   169.7700   -49.6432  -140.7860   -25.9726
   455.0000     0.0001    67.0605    49.3816    33.9746   170.9230   -94.0924   127.0020
   455.0000     0.0001    42.5851   107.1690    52.8144   -82.6389   -69.1497  -292.5660
   455.0000     0.0001    61.3699    83.7295    37.9898   222.8800  -166.2050   169.3210
   455.0000     0.0001    -7.3249   111.0680    -8.8147   -39.0917   132.3900  -244.4400
   455.0000     0.0001    30.1798   133.6350    13.5084  -205.5050  -254.7000   -44.5420
   455.0000     0.0001   136.2170    87.6860   160.2620   -14.1867  -141.2930    -9.3370
   455.0000     0.0001    65.0361    86.1515    93.3626   -55.8911  -109.7900  -179.7200
   455.0000     0.0001    53.7022    77.0595    92.2612   -87.6871   -86.8500  -179.7140
   455.0000     0.0001    49.7003    99.0858    62.7396  -121.8360   -76.6717  -227.9290
   455.0000     0.0001    23.6070    95.5650    -1.1126  -147.2030   109.8990  -201.5000
   455.0000     0.0001    40.0335    98.5244    72.7188   -64.0902   -71.8159  -218.9040
   455.0000     0.0001    48.1452    72.8343    82.9556   -38.1399   -57.4906  -179.0080
   455.0000     0.0001    41.0539    97.2785    52.7856  -102.2520   -41.0097  -210.7450
   455.0000     0.0001    41.3862    83.2284    58.2896  -128.8250   -38.6939  -182.0140
   455.0000     0.0001    62.1952    90.4069   118.3510   -91.7212  -108.5380  -135.3020
   455.0000     0.0001   -81.3580    74.1265   -78.9853   -29.9089   -73.6470    -4.7936
   455.0000     0.0001   101.4200    78.6187   123.9630   -40.9561  -150.2870   -96.8259
   455.0000     0.0001    49.1720    82.5927    89.7983   -47.5227   -90.3165  -208.3460
   455.0000     0.0001    36.2810    86.2973    62.4681   -56.4820   -27.3501  -201.1200
   455.0000     0.0001   201.0150   100.1100   192.7770    60.7899  -149.5560    73.4973
   455.0000     0.0001    39.8974    97.6998    38.0714   -88.0894    25.8281  -240.9350
   455.0000     0.0001   227.3820   160.2670   117.3730   125.7550  -166.9760    57.2750
   455.0000     0.0001   153.5260    55.0081   190.9300    19.2246  -155.5990    34.6727
   455.0000     0.0001    25.1027    81.7300    47.0664  -134.7110   -64.3466  -198.1450
   455.0000     0.0001    49.3947    93.5327    51.4283   -49.1115   -49.4271  -209.2620
   455.0000     0.0001    44.3829    83.6637    56.2890  -106.9870   -50.4645  -234.8120
   455.0000     0.0001   156.9090    63.0599   181.9920    14.2743  -151.2570    28.5664
   455.0000     0.0001   161.7810    98.9229   185.2210    20.6224  -152.1360    32.5467
   455.0000     0.0001   231.8720   217.4380   107.3720   128.4750  -142.9050    60.6933
   455.0000     0.0001   106.7940    56.9556   193.2030    -4.8063  -150.2070     5.8901
   455.0000     0.0001   -55.6498   126.9010   -78.5456   -50.7619   -21.3631   -19.0736
   455.0000     0.0001   105.3640    93.9365   125.1810    -8.7099  -157.8900   -98.7926
   455.0000     0.0001    55.2970   150.3000    40.4345   140.4230    29.3437   213.0920
   455.0000     0.0001    32.9043    89.2946    49.8533   -87.7308    -5.8224  -216.1320
   455.0000     0.0001    62.4148    97.2746    77.5814   -37.7018  -156.5180  -231.5630
   455.0000     0.0001    38.1913    77.7551    44.4712   -84.1931   -32.5311  -219.6040
   455.0000     0.0001   192.2950   109.4870   185.2650    53.0302  -155.8410    63.1046
   455.0000     0.0001    45.7414    67.9794    74.0247   -85.2967  -114.1550  -179.1210
   455.0000     0.0001    40.7990    75.8554    84.2450   -98.2131   -55.0189  -178.8440
   455.0000     0.0001   141.7530   107.0600   185.2890    -0.4056  -146.2530    21.9934
   455.0000     0.0001   133.2160    66.2021   157.3230   -37.0292  -164.1080    26.0476
   455.0000     0.0001   -60.2879   154.2800   -49.7749   -68.7457    59.0112   -11.1577
   455.0000     0.0001   -32.1161   148.1000   -61.1836   -56.1351    62.0271   -58.5970
   455.0000     0.0001    51.8015    92.3452    53.1635  -104.9530   -73.7812  -218.3400
   455.0000     0.0001    45.7094    75.3980    90.1017   -84.6315   -66.2540  -174.4970
   455.0000     0.0001    58.7889    78.8804    86.0053   -79.2166   -89.6709  -161.2360
   455.0000     0.0001    84.9241    74.4076   125.0880   -85.7386  -108.8480   -78.1218
   455.0000     0.0001    -8.3004    97.8502     8.0736   168.4610   121.0300   130.7190
   455.0000     0.0001    47.8268    86.8262    40.7512   -77.0606   -31.5984  -239.0390
   455.0000     0.0001    47.3959    83.2207    33.0726   -95.9504   -17.0055  -211.4700
   455.0000     0.0001    42.1564    93.8747    79.9300   -53.8842   -62.2139  -188.4500
   455.0000     0.0001    50.7763    76.5648   108.2270  -121.5690   -89.1753  -140.8220
   455.0000     0.0001    44.0877    83.2502    94.4287   -59.0640   -86.9766  -169.5300
   455.0000     0.0001   186.5410    91.1177   155.2770    36.7074  -169.5980    35.5524
   455.0000     0.0001    37.3735    98.6263    65.3245   -69.2353   -50.3322  -215.9410
   455.0000     0.0001    39.5237    88.1053    55.0465  -109.3850   -58.5227  -194.1090
   455.0000     0.0001   161.7810    98.9229   185.2210    20.6224  -152.1360    32.5467
   455.0000     0.0001    35.5708    90.1965    70.7603   -53.0988   -37.8232  -188.6790
   455.0000     0.0001    41.9232    71.1975    82.9772   -70.1979   -76.6635  -175.7830
   455.0000     0.0001    69.5754    83.9402   120.3490   -87.8948   -94.2136  -118.6370
   455.0000     0.0001    34.9756   111.1770    84.5478   -37.1523  -160.3340    33.2278
   455.0000     0.0001   159.4670   100.7980   189.3200    27.1311  -146.8020    26.7621
   455.0000     0.0001    39.2636    92.6503    39.4293  -112.0110    10.4359  -217.6490
   455.0000     0.0001   -25.8695   148.3570   -57.6995   -60.4636    78.5233   -64.5144
   455.0000     0.0001   154.4730    69.2669   203.2200    26.7503  -139.5330    40.4026
   455.0000     0.0001    52.6868    72.2761    80.0418   -93.3333   -35.7288  -190.2370
   455.0000     0.0001   138.4990    55.1161   220.6050    24.5492  -158.3860    58.9021
   455.0000     0.0001    80.2708    68.9099    48.0856   192.8150  -102.6240   156.1920
   455.0000     0.0001    -0.1817   161.9990   -38.9133   -50.1008   143.3340   -50.0235
   455.0000     0.0001    97.5395    71.2151   114.6800   -77.8886  -130.6740   -82.0127
   455.0000     0.0001    83.2769    74.6333   138.4410   -81.3417  -123.8270   -57.0791
   455.0000     0.0001    48.7261    88.4044    44.6712   161.0470  -248.2960   185.6970
   455.0000     0.0001    46.6565    69.6909    92.2903   -64.1433   -99.4232  -154.0440
   455.0000     0.0001    38.5439    95.1717    63.4966   -75.2556   -21.9410  -206.3480
   455.0000     0.0001    36.1780    83.2161    80.3315   -70.7495   -71.4763  -183.7870
   455.0000     0.0001   232.5730   175.7420   103.4630   104.2690  -161.6140    48.6080
   455.0000     0.0001    39.5262    86.5797    56.0429   -98.1705   -58.4806  -199.4940
   455.0000     0.0001    51.4147    61.8273   149.1530   -66.0795  -131.1550   -65.7722
   455.0000     0.0001    74.8519    67.7875   145.9100   -62.9699  -114.6630   -62.2984
   455.0000     0.0001    39.4967    70.9929    71.3285  -164.7240   -76.5550  -203.4270
   455.0000     0.0001   137.5290    67.9434   172.3160    -3.4880  -139.6950     4.0642
   455.0000     0.0001   242.9360   143.9110   151.8410    96.0897  -154.1100    74.0458
   455.0000     0.0001     0.7831   119.4940   -20.9266   -76.3719   115.9680  -238.9600
   455.0000     0.0001    39.8092    84.4308    82.3166   -42.6102   -82.2281  -200.9290
   455.0000     0.0001    48.3514    80.4873    46.9472   -85.9356   -35.9910  -192.3110
   455.0000     0.0001   130.6690   105.5780   151.5040   -25.7908  -139.8470   -13.3236
   455.0000     0.0001    92.7473    86.4409   113.3360   -21.5513  -151.1120  -126.7680
   455.0000     0.0001   -41.2071   122.9640  -106.4520   -20.2888   -25.3344   -37.2605
   455.0000     0.0001    83.1396    87.0613   108.8730   -86.0173  -117.1880  -130.5510
   455.0000     0.0001   177.4940   114.2230   209.3940    42.1265  -141.2970    62.7782
   455.0000     0.0001    40.7089    92.5568    22.0733  -123.0990    21.6238  -240.7760
   455.0000     0.0001    77.1529    89.1493    40.7841   214.7070   -83.6899   153.2210
   455.0000     0.0001    40.5027    86.7745    44.9343  -111.8830   -40.9526  -201.1510
   455.0000     0.0001    34.1839    80.6931    68.3767   -90.8714    -8.2568  -136.0120
   455.0000     0.0001    60.4300    51.8274   180.2010   -34.7100  -156.3810   -14.9049
   455.0000     0.0001   169.1270    74.6524   140.3590    -5.9566  -175.6310    30.6454
   455.0000     0.0001    98.8624    82.4679   120.5880   -41.1475  -126.4830  -111.1650
   455.0000     0.0001    38.8899    95.4907    59.0709   -82.0345   -10.7182  -180.6600
   455.0000     0.0001    65.4482    83.9743    86.0277   -80.5282  -166.1070  -203.6690
   455.0000     0.0001    48.7246    63.0512    83.5584  -120.8400   -96.5641  -141.3560
   455.0000     0.0001    42.8175   106.6130    67.7735   -88.8579  -162.9970  -242.9830
   455.0000     0.0001   105.1900    63.1039   137.3570   -57.1876  -127.1450   -40.8508
   455.0000     0.0001   162.3840    98.4255   194.0940    23.2821  -146.6000    38.9830
   455.0000     0.0001    70.0479    75.7960    92.6513  -140.9190  -110.6110  -130.5970
   455.0000     0.0001    50.6547    56.9513    76.1109   -93.9703  -112.0490  -162.2420
   455.0000     0.0001   104.0650    77.9595   141.7560   -58.0578  -130.0630   -44.8052
   455.0000     0.0001    52.7308    56.8905    80.9211  -113.7460   -99.8969  -141.2620
   455.0000     0.0001   100.5350    80.5856   156.9140   -52.9001  -149.2070   -28.6944
   455.0000     0.0001    52.3957    74.8000    86.0480   -30.6210   -73.9627  -145.9390
   455.0000     0.0001   237.5840   172.2490   165.9370   121.4370  -142.0230    95.8461
   455.0000     0.0001    47.8264    88.2287    86.2891   -93.4863   -96.9666  -192.7530
   455.0000     0.0001    47.8360    67.6788    74.3973  -157.4020   -53.1760  -144.3130
   455.0000     0.0001    63.6312    82.6733   116.3220   -96.1189   -88.4931  -128.0470
   455.0000     0.0001    73.4133    79.7630    40.0792   200.6930   -91.5646   144.9690
   455.0000     0.0001    68.5346    75.2721   126.7060   -69.1181   -94.8037  -110.0110
   455.0000     0.0001    71.3539    75.8889    80.9910  -120.8260  -116.4990  -190.5900
   455.0000     0.0001    67.9431    93.1186    88.8635   -73.0883  -156.2260  -189.6670
   455.0000     0.0001    46.5303    90.5603    44.2329   -98.7287   -47.3368  -249.7660
   455.0000     0.0001    34.6477   105.1820    47.9037  -106.5430   -22.9994  -295.1130
   455.0000     0.0001    65.1261    76.3057   110.0760  -120.2010  -133.8220  -121.6070
   455.0000     0.0001    40.2073    91.6203    81.6810   -42.0813   -79.8587  -196.0510
   455.0000     0.0001    47.7126    66.3401    95.0649   -87.3183   -81.5091  -152.6610
   455.0000     0.0001    67.3232    97.9593   100.2660   -42.5582  -142.7470  -178.5680
   455.0000     0.0001    35.2789    81.3421    56.1309  -119.1060   -33.1553  -171.8670
   455.0000     0.0001    43.9886    95.9137    53.8818   -64.3084   -54.0830  -280.1650
   455.0000     0.0001    23.6615   110.2280    12.2028  -147.8320   168.8230  -249.2180
   455.0000     0.0001    93.3671   107.3150   199.0760    35.5623  -135.3010    -4.8686
   455.0000     0.0001    50.4266    70.2719    64.2118   -61.9187   -83.3713  -193.1610
   455.0000     0.0001    68.5938    83.5441    86.9546   -99.2287  -140.3350  -202.0260
   455.0000     0.0001    58.4622    90.6322    96.5543   -50.1232   -94.7448  -162.4030
   455.0000     0.0001   113.8120    75.3484   130.6930   -41.2408  -154.2920   -60.0216
   455.0000     0.0001   -32.9244   147.8480   -53.3106   -64.2513   102.7140   -66.2245
   455.0000     0.0001   218.0990   119.8210   208.2550    78.7348  -123.2910    79.0092
   455.0000     0.0001    92.6379    87.5789   108.2320   -41.3857  -172.6580  -120.8370
   455.0000     0.0001    59.3387    89.9729    55.2160   -92.8183   -28.7949  -171.4230
   455.0000     0.0001   149.3410    85.2995   181.0530     9.5543  -143.6910    15.2705
   455.0000     0.0001    44.2022    91.4722    58.3780  -129.4480   -42.1699  -232.5570
   455.0000     0.0001    69.7580    69.7604    45.6104   188.0000   -96.6765   181.0950
   455.0000     0.0001    55.6909    92.6705    54.5418   -66.0940   -79.0124  -239.7640
   455.0000     0.0001    53.4597    72.0385    84.8989   -93.9617   -52.0000  -195.0160
   455.0000     0.0001    39.7117   103.6620    31.6086   -59.3637   -46.7875  -335.2020
   455.0000     0.0001    97.5142    70.1708   135.7700   -55.4997  -113.1430   -60.0914
   455.0000     0.0001    60.3588    72.9237    77.1016  -145.7710  -120.4390  -194.4820
   455.0000     0.0001   158.7950    58.9192   190.9270    26.2178  -157.4510    34.1502
   455.0000     0.0001    51.6769    75.0572    84.0653  -143.9830  -110.7750  -181.6410
   455.0000     0.0001    42.9208    84.7623    57.2112   -86.4571   -41.3875  -207.9680
   455.0000     0.0001   173.4890   100.1150   219.1950    45.7808  -142.8800    62.8644
   455.0000     0.0001   119.6990    70.0763   199.8270    -3.1280  -136.5980    20.4429
   455.0000     0.0001    39.8191    74.3661    80.9361   -77.1590   -42.1403  -188.3930
   455.0000     0.0001   119.0500   367.4210    82.6703   201.4560   -37.6984    59.9278
   455.0000     0.0001    53.7932    68.4561    75.1710  -136.6150  -101.0940  -197.8240
   455.0000     0.0001    33.9864    91.1232    64.7206   -16.0370   -23.5818  -210.3310
   455.0000     0.0001    32.3863   106.1690    24.9185   -88.9570    84.7784  -299.8820
   455.0000     0.0001    92.3830    59.7638   178.4190   -45.5991  -154.1890     9.0250
   455.0000     0.0001    45.8003    72.5847   107.3260   -99.4867  -121.5720  -164.5430
   455.0000     0.0001    68.4301   137.8610    80.0940  -138.4440  -164.2860  -141.3280
   455.0000     0.0001   132.6310    61.4043   172.2720    -2.5385  -142.3010    -0.4913
   455.0000     0.0001   -14.6823   172.3640   -12.5923   -72.7846   126.0440    29.2744
   455.0000     0.0001    41.7040    84.8568    86.2077   -47.5084   -88.4531  -210.1490
   455.0000     0.0001    38.2984    94.4703    66.2074  -100.8090   -13.1094  -219.2560
   455.0000     0.0001    52.5202    66.2763    74.1365  -132.0390   -77.4240  -151.2710
   455.0000     0.0001    69.4467    85.4820    95.5134   -69.1796  -129.7170  -192.5060
   455.0000     0.0001   -41.9432   142.5060   -64.7995   -65.8536    62.2189   -61.7654
   455.0000     0.0001    68.2749    85.1044    84.1630   -80.2661  -109.9900  -207.9640
   455.0000     0.0001   125.1710    55.6590   171.1300   -10.3347  -144.0320    -2.3474
   455.0000     0.0001   175.6330   116.3370   210.6340    46.0100  -140.3500    58.7957
   455.0000     0.0001   174.0110    77.9265   228.8390    50.3496  -145.3980    72.2961
   455.0000     0.0001    60.6734    78.5653   117.2700  -112.9140  -105.8540  -115.7870
   455.0000     0.0001    55.7789    90.8208    50.1977   -89.8154   -76.7146  -227.3240
   455.0000     0.0001    38.5348    80.8941    55.4148  -143.6160   -63.8127  -190.4680
   455.0000     0.0001    71.2591    83.7969    93.4928  -110.5560  -115.3030  -174.1840
   455.0000     0.0001   166.6220    76.0803   226.7400    40.5727  -142.7160    69.4537
   455.0000     0.0001    37.2751    83.7894    60.5506  -119.6690   -52.0058  -182.5000
   455.0000     0.0001    39.6936    84.6114    52.0382   -63.2762   -48.8322  -261.7730
   455.0000     0.0001    39.5211    90.9777    60.7471  -113.7980   -45.5424  -200.1920
   455.0000     0.0001    33.7290    85.8842    69.1816   -71.6368   -23.6093  -204.2020
   455.0000     0.0001   162.8950    96.3454   193.1090    21.3210  -168.6900    70.1965
   455.0000     0.0001   158.8590    53.0557   183.6660    17.8059  -157.9200    34.5856
   455.0000     0.0001    37.9911    88.6588    44.6157   -89.1017   -33.1462  -267.3910
   455.0000     0.0001   126.0870    89.2922   104.9330   -74.7989  -130.7820   -36.8910
   455.0000     0.0001   -74.2504   113.8730   -73.8498   -12.7846   -39.2229    15.2982
   455.0000     0.0001   165.6290    72.7541   203.5380    30.6150  -147.6690    49.7443
   455.0000     0.0001    59.7619    75.2557    77.4265  -132.1640  -126.5250  -228.1810
   455.0000     0.0001    24.2495   108.2150     8.8249  -104.1460   142.7990  -286.3940
   455.0000     0.0001   190.1410   101.9730   191.2430    41.0872  -145.3020    59.1275
   455.0000     0.0001     8.9756   128.2250   -25.5567   -95.1305   175.8750  -160.2080
   455.0000     0.0001    42.1513    96.9124    68.7238   -79.7161   -49.6619  -197.5860
   455.0000     0.0001    46.3186    74.1279    83.2016  -109.2960   -97.9409  -178.2310
   455.0000     0.0001    58.9222    66.9066    74.4159  -152.8490   -91.6316  -180.6710
   455.0000     0.0001    32.3863   106.1690    24.9185   -88.9570    84.7784  -299.8820
   455.0000     0.0001    35.1235    77.4943    57.4629  -120.6910   -24.9915  -180.0130
   455.0000     0.0001    61.3612    87.4159    82.6249   -77.4087  -130.1740  -214.3440
   455.0000     0.0001    17.3632   131.9900   -25.3043   -65.7819   120.3340  -250.8330
   455.0000     0.0001    91.7004    80.4461   156.9380   -49.6111  -117.9490   -44.4890
   455.0000     0.0001    93.5291   110.0730    70.8141    67.7423  -239.4040    69.5075
   455.0000     0.0001    39.0069    75.2076    91.1243  -132.2830  -112.9510  -205.4490
   455.0000     0.0001    56.1191    85.4694    56.3177   -95.1094   -71.3486  -177.3830
   455.0000     0.0001    38.5581    97.3003    26.7803  -123.6090    35.0789  -260.3090
   455.0000     0.0001    75.5053    83.3860    96.2143  -109.9940  -118.9420  -157.0600
   455.0000     0.0001   187.5930    94.4043   190.7470    51.6813  -156.5090    56.1056
   455.0000     0.0001    71.8706    77.7246   132.0420   -66.8580  -153.5820  -100.3580
   455.0000     0.0001  -109.0890   407.7070    -2.0814   142.7440    74.6815    57.7800
   455.0000     0.0001   100.3660   100.4810   113.8880   -30.0407  -166.7360  -107.1140
   455.0000     0.0001    49.5774    72.6268    55.5786   -54.6166   -73.1128  -196.9080
   455.0000     0.0001    27.1481    66.3152    64.2881    63.9772    18.4326   146.7380
   455.0000     0.0001    65.9783   143.5870    -9.6097    53.2729   -66.4982   -47.2033
   455.0000     0.0001    35.8248    91.3145    73.3143   -93.4604   -64.0452  -205.8650
   455.0000     0.0001    54.2573   153.9230    48.8484    62.9517    -3.6801   187.7290
   455.0000     0.0001    95.8743    96.4363    13.4846   246.5150   -49.8574    63.4937
   455.0000     0.0001    56.6093    82.5919    84.1318   -49.7219  -107.5960  -239.8170
   455.0000     0.0001    83.3594    60.3872   137.8670   -65.5815  -120.6430   -62.6656
   455.0000     0.0001    62.1603    75.9577    95.3345  -149.8150  -114.4510  -138.6660
   455.0000     0.0001    96.2221    81.8260    97.9783   -90.4350  -133.0760   -91.2197
   455.0000     0.0001    69.5041    80.9157   132.4450   -76.3317   -95.3846   -93.9670
   455.0000     0.0001    80.0482    84.1276    92.4192   -97.5150  -116.2590  -164.3910
   455.0000     0.0001    67.0148   128.6790    75.0853  -159.8050  -146.8670  -145.2850
   455.0000     0.0001   154.9970    88.5440   123.2950   -31.4486  -180.3040    11.1260
   455.0000     0.0001    35.9172    83.8011    63.7850  -104.7970   -30.2769  -204.4010
   455.0000     0.0001    36.7908    83.9723    79.6702   -87.2075   -70.0276  -182.5780
   455.0000     0.0001   226.4430   113.6050   124.9470    65.8929  -171.6010    55.9448
   455.0000     0.0001   154.1500    91.5099   180.6700    20.1932  -145.3850    14.2647
   455.0000     0.0001   107.3860    79.4005   127.7320   -47.5560  -128.8450   -76.2797
   455.0000     0.0001   -78.1365   113.0450   -76.4197   -36.1672   -37.9713     0.3763
   455.0000     0.0001    36.4522    73.4808    74.7525   -62.4512   -62.7793  -196.3670
   455.0000     0.0001   -33.3933   151.2550   -58.2284   -67.3681    84.7418   -40.6999
   455.0000     0.0001    70.5468    82.4014   134.8760   -85.8462  -137.8390   -83.7028
   455.0000     0.0001   184.3580    97.7244   193.3720    37.5765  -147.1040    54.4813
   455.0000     0.0001   130.6390    58.9136   162.9750   -20.7582  -139.1700     2.7214
   455.0000     0.0001   -82.3317    99.9219   -59.8626    -8.0633   -46.3285    26.7283
   455.0000     0.0001   120.6700    54.9788   164.7850   -23.0624  -159.8560    -2.8041
   455.0000     0.0001    38.5609    88.5438    84.9714   -80.0022   -71.1269  -174.4800
   455.0000     0.0001   -44.0458   129.0280   -73.3743   -64.5219     4.7199   -38.6112
   455.0000     0.0001    50.4266    70.2719    64.2118   -61.9187   -83.3713  -193.1610
   455.0000     0.0001    42.8865    73.1909   104.8540   -89.5742  -126.7530  -176.6850
   455.0000     0.0001    28.3259   142.3170    20.3892    36.7403  -629.3750   -16.0529
   455.0000     0.0001    61.0925    66.6474    88.8450  -171.6570   -93.1402   -96.3700
   455.0000     0.0001    53.8337    75.8182   111.5410  -119.1820   -93.4487  -128.3390
   455.0000     0.0001    58.4028    88.3997   -98.8131    72.6012   -50.0099   -90.3797
   455.0000     0.0001    34.1198   108.6680   -25.9067    55.4042  -161.9940  -237.2430
   455.0000     0.0001    43.1804    70.3304    87.7498   -73.3666  -100.9860  -156.8920
   455.0000     0.0001    41.0259    84.4983    57.0899  -127.3500   -24.9325  -153.3200
   455.0000     0.0001    39.2079    72.4056    82.3151  -122.4210   -81.4744  -151.7610
   455.0000     0.0001    68.3457    82.2676    91.1015  -120.4470  -122.5230  -179.9510
   455.0000     0.0001    55.7783    69.5499    67.0960  -134.8600   -83.5337  -147.0080
   455.0000     0.0001   144.4620   100.2830   157.3080    12.0030  -147.7890   -17.7670
   455.0000     0.0001    68.0883    79.8502    83.6215  -116.5410   -94.1618  -169.8640
   455.0000     0.0001    11.9786   105.1230     8.5274   -41.4271   142.9940  -276.1470
   455.0000     0.0001    40.5490    82.1989    38.2916  -104.2000   -39.8521  -234.6740
   455.0000     0.0001   -15.9815   124.0590   -91.3683   -16.9310     1.7353   -73.8924
   455.0000     0.0001    79.7355    82.6760   100.1880   -94.5099  -101.4740  -148.5730
   455.0000     0.0001    40.5243    85.3811    43.3737   -96.4399    -9.1770  -213.7800
   455.0000     0.0001    36.4280    89.4477   101.9940   -51.3042  -106.0290  -198.2450
   455.0000     0.0001    46.9149    59.2691    64.6868   107.4790   -50.0184   192.8130
   455.0000     0.0001    93.6983    70.1248   130.8220   -90.7413  -163.0550   -37.2413
   455.0000     0.0001    26.5477   117.8570    -2.5482   -86.9990   134.1750  -311.6610
   455.0000     0.0001    31.8932   111.1180    11.7038  -124.1040    38.5811  -348.7940
   455.0000     0.0001    89.6719    71.4499    40.9918   214.0340  -100.0110   144.0070
   455.0000     0.0001    61.3677    72.5980   159.8240   -59.7971  -132.0790   -52.0288
   455.0000     0.0001    34.2970    84.2116    75.9189   -98.5073   -39.4012  -169.0230
   455.0000     0.0001   139.4490    88.8301   178.2610    36.6044  -142.6400    -6.8770
   455.0000     0.0001   -40.9105   118.2560  -100.1250   -32.6522   -16.2201   -57.4150
   455.0000     0.0001    65.2449    93.8710    18.7716   275.9660  -191.0370    69.6888
   455.0000     0.0001    49.4064    86.8899    51.8748  -108.7710   -26.3100  -168.8590
   455.0000     0.0001    52.8209    83.8472    55.7975  -124.6510   -76.9237  -217.8360
   455.0000     0.0001    70.9413    61.6332    45.0048   176.1710   -97.0320   163.4380
   455.0000     0.0001   -13.8689   160.7800   -70.4906   -11.3203    87.4345   -64.9858
   455.0000     0.0001   118.4200    89.0137   124.1010   -35.8946  -154.6320   -65.2101
   455.0000     0.0001    45.9028    76.1469    85.2756  -163.0430   -95.2270  -186.4890
   455.0000     0.0001   176.9290    95.6892   190.8550    31.1742  -163.1520    65.1650
   455.0000     0.0001    22.0898   147.6510    45.9495   115.3640  -303.1300  -276.5350
   455.0000     0.0001    75.5326    73.6649    44.8860   204.7140  -198.4860   135.6790
   455.0000     0.0001    97.4191   143.4780   139.1720   -36.0041  -146.9530   -48.4192
   455.0000     0.0001    54.9674    74.6889   101.1480  -122.8340   -56.4767  -140.6290
   455.0000     0.0001    68.7134    62.5053    54.6421   162.5010  -105.0930   168.0970
   455.0000     0.0001    64.4697    67.2215    87.8389   -69.7462  -113.9370  -137.3700
   455.0000     0.0001    94.9703   174.1930    67.8755   177.1990  -177.8290    88.2360
   455.0000     0.0001    42.4869    95.4431    38.0721   -76.2555    15.4282  -262.2930
   455.0000     0.0001    68.1701    79.3848    81.4891  -100.9160  -137.9490  -216.1550
   455.0000     0.0001   180.3900   113.6430   228.0260    58.6029  -136.6880    71.5256
   455.0000     0.0001    48.6959    96.0331    60.8059   -98.5151   -63.2117  -223.4540
   455.0000     0.0001     8.2975   118.0210    68.6663   107.2170   146.7080    48.2571
   455.0000     0.0001   -30.0874   146.2540   -51.2133   -54.0676   131.4330   -77.7547
   455.0000     0.0001    37.9903    90.8048    58.2686   -62.4205   -53.9241  -200.4410
   455.0000     0.0001   213.3080   100.1110   114.3970    55.8156  -185.3650    42.9531
   455.0000     0.0001   113.6170    71.0263   144.2640   -50.3507  -133.3260   -29.4009
   455.0000     0.0001   162.2920    69.3801   214.9310    34.7611  -142.3150    55.5258
   455.0000     0.0001    44.1501    75.4128    57.5890  -148.6800   -69.8771  -214.0070
   455.0000     0.0001    14.8096   138.5610   -27.8559   -64.4131   193.4010  -155.3460
   455.0000     0.0001    59.7040    75.3645   114.2390   -90.9953   -85.6154  -133.8430
   455.0000     0.0001    44.2416    91.9968    88.3162   -59.6621   -92.5139  -189.0940
   455.0000     0.0001    44.4648    86.9079    46.9802  -135.6530   -55.8977  -189.2820
   455.0000     0.0001   100.0070   352.9120    92.8164   200.0120   -52.3715    70.5362
   455.0000     0.0001    43.2317    80.8855    88.5347   -51.9416   -78.7058  -176.4220
   455.0000     0.0001   156.3780    59.4336   218.7450    31.5538  -155.3760    62.2701
   455.0000     0.0001    65.5687    78.5660    91.1739  -154.3420  -111.6190  -137.5600
   455.0000     0.0001   105.2040   105.7210   -18.0969   258.1170   -18.9913   -18.8249
   455.0000     0.0001    56.3096    70.1677    69.8020  -118.9810  -112.5160  -206.6840
   455.0000     0.0001    51.6373    72.6837    81.4478   -44.1979   -42.4406  -193.2920
   455.0000     0.0001    47.0191    97.2425    63.7021   -59.4882   -76.3078  -213.4080
   455.0000     0.0001    90.9899    95.6708   171.5760   -14.9575  -141.0700   -32.0051
   455.0000     0.0001    37.3681    92.4649    72.6302   -88.2324   -48.7320  -176.6480
   455.0000     0.0001   136.4100    83.0358   171.4550   -14.3963  -142.2270     8.7347
   455.0000     0.0001    81.6401    88.7710   145.5050   -66.5198  -135.2090   -67.4596
   455.0000     0.0001    33.2439    83.0445    66.9445  -103.1590   -25.6450  -158.8620
   455.0000     0.0001    77.7670    67.1682    35.6745   216.3760  -105.2750   142.3930
   455.0000     0.0001    42.0592    91.6693    56.4733  -102.4800   -70.3118  -185.6860
   455.0000     0.0001    49.3462    83.4528    87.8855  -109.3250   -59.6950  -180.7780
   455.0000     0.0001    47.2636    92.5429    43.6480   -84.3674   -83.3029  -261.6620
   455.0000     0.0001   108.1500    71.6926    40.3623   221.1870   -75.2079   121.7980
   455.0000     0.0001    66.2806    77.8636   136.6530   -81.4699  -143.4400   -84.5790
   455.0000     0.0001    61.9322    69.8156    78.5674  -129.8100   -97.0362  -121.7460
   455.0000     0.0001    87.9490    64.2271   123.3210   -81.0231  -109.8780   -69.3115
   455.0000     0.0001    98.7152    71.6241   136.1100   -62.7831  -119.9360   -53.1821
   455.0000     0.0001    48.7246    63.0512    83.5584  -120.8400   -96.5641  -141.3560
   455.0000     0.0001    62.2422    53.2765    51.8779   143.5170   -75.8588   152.3810
   455.0000     0.0001    72.1374    57.8111    35.1085   196.9440  -106.6020   137.6890
   455.0000     0.0001    84.3205    68.3721   129.9900   -86.6590  -133.1970   -63.4222
   455.0000     0.0001   183.0320   102.2950   215.9670    53.4335  -137.3740    76.3142
   455.0000     0.0001    24.6826    91.8512     1.0909  -118.7270    74.0141  -235.2750
   455.0000     0.0001    18.9184    81.4628    73.2944    79.5607    75.3067   136.6100
   455.0000     0.0001    48.9717    86.8608    93.8475   -50.2960   -92.7530  -174.9220
   455.0000     0.0001    52.2383    61.9353   142.7940   -74.0230  -120.3470   -71.6121
   455.0000     0.0001    60.5160    70.7088   100.7660   -79.1140   -93.3034  -145.4270
   455.0000     0.0001    38.6871   132.1040    61.1079    31.6297   -81.4839    62.5750
   455.0000     0.0001    40.2827    70.4375    74.0304   -76.1889   -99.4158  -182.4160
   455.0000     0.0001   -37.6221   140.5720   -79.2655   -45.8814    31.1276   -47.3135
   455.0000     0.0001    34.9850   101.8070    21.4964   -99.6573    77.7923  -278.3050
   455.0000     0.0001    44.9497    76.5153    85.8499   -46.6777   -66.7137  -203.1940
   455.0000     0.0001    29.9417   104.6670    17.9076  -138.5650   108.1750  -266.1260
   455.0000     0.0001    49.9493    84.3670    90.6199  -124.2820   -47.5046  -208.9380
   455.0000     0.0001    90.3514   164.2320    68.5838   148.0790  -193.9860   119.5200
   455.0000     0.0001    59.7962    79.3803   121.8950  -103.5080  -107.3710  -112.4190
   455.0000     0.0001   164.1350    83.6543   189.4870    20.8407  -150.7100    38.3311
   455.0000     0.0001    54.0185    94.2728    51.1597  -102.2350   -38.6406  -190.4480
   455.0000     0.0001    44.1293    85.3164    55.4370   -38.1482   -84.1759  -260.6320
   455.0000     0.0001   236.4330   128.0650   168.8630    93.5144  -154.7490    89.8490
   455.0000     0.0001    32.2465    96.3203    33.2100  -116.8780    -2.4110  -272.8460
   455.0000     0.0001    46.0803    82.3942    48.5658   -23.3229   -31.5155  -211.5580
   455.0000     0.0001     3.9715   116.5020    62.3407    98.7458   148.9380    21.8843
   455.0000     0.0001    64.0290    78.0431    69.5543  -144.4660  -138.2680  -212.6270
   455.0000     0.0001    33.4415    98.0113    23.3944  -103.1850    29.9489  -287.3750
   455.0000     0.0001    56.7471    71.3455   109.6970  -107.4960   -87.0343  -133.0270
   455.0000     0.0001    47.6873    90.6338    52.9651  -129.9880   -11.3537  -213.4020
   455.0000     0.0001    40.1685    94.8962    58.7772  -112.0480   -25.9135  -246.3550
   455.0000     0.0001    78.9114   111.8970    75.1781    83.9749  -245.0180    82.1664
   455.0000     0.0001    19.0021   102.7670    -1.9458   -15.9967   127.9520  -280.5190
   455.0000     0.0001    88.3836   177.8350    64.1649   163.8600  -180.8250   107.7160
   455.0000     0.0001   219.9570   166.9610   133.1550    90.8646  -166.8290    71.0956
   455.0000     0.0001    38.8151    81.1732    53.6332   -96.9897   -50.3344  -227.0910
   455.0000     0.0001   160.9440    78.5210   180.9130    15.0608  -143.7810    31.2566
   455.0000     0.0001    34.3190    91.9781    50.3991  -133.7840   -23.8994  -202.1950
   455.0000     0.0001    76.6878    80.2698    38.2515   219.0720   -92.1418   158.7810
   455.0000     0.0001    92.5333    68.1778   125.3410   -76.7642  -117.4560   -67.8131
   455.0000     0.0001    50.3281    98.5813    58.6288   -62.9658   -39.5111  -244.6050
   455.0000     0.0001    55.7377    98.2423    79.3029   -59.5636   -54.9708  -197.4440
   455.0000     0.0001   160.3470    92.9286   193.7560    24.8290  -143.1820    33.2316
   455.0000     0.0001    44.5527    86.3959    54.7622  -105.0360     4.2779  -186.3280
   455.0000     0.0001    75.4666    83.7812    94.4759  -116.9880  -112.4600  -153.9450
   455.0000     0.0001   151.0270    67.3327   177.6970     4.4834  -148.7530    23.5849
   455.0000     0.0001   -20.1282   150.0620   -43.3423   -48.4062   150.3830   -72.4458
   455.0000     0.0001   237.1730   133.2690   153.6670    91.4965  -159.6440    78.5479
   455.0000     0.0001    98.8624    82.4679   120.5880   -41.1475  -126.4830  -111.1650
   455.0000     0.0001    41.4255    93.3478    79.5657   -41.8580   -65.9072  -184.9560
   455.0000     0.0001    48.8129    73.6441    82.5019   -43.3165   -47.7396  -206.2650
   455.0000     0.0001    72.6692    82.4027    94.3192  -109.8720   -80.5763  -157.7440
   455.0000     0.0001    83.8494    85.4399    98.8060   -83.1130  -131.3490  -149.2240
   455.0000     0.0001    93.8007    77.9677   116.3220   -37.4195  -147.1620  -122.8210
   455.0000     0.0001    66.8211    55.4618    43.5169   152.0180   -88.0841   146.1530
   455.0000     0.0001    69.7782    78.6534    51.2393   178.3560   -92.2129   176.4770
   455.0000     0.0001    39.6554    88.6166    81.5945   -43.0153   -83.4044  -199.1430
   455.0000     0.0001    46.5644    84.5300    30.8161   -97.8674   -22.1980  -222.2900
   455.0000     0.0001    55.4648    82.4364    90.5601   -93.9105  -108.6400  -184.9210
   455.0000     0.0001    75.5053    83.3860    96.2143  -109.9940  -118.9420  -157.0600
   455.0000     0.0001    56.4235    70.7464    72.5179  -161.2870  -102.0030  -214.7960
   455.0000     0.0001   132.1140   100.8380   137.6770    -6.1366  -153.8560   -46.3386
   455.0000     0.0001    90.7559    91.8525    17.8488   276.7590  -133.3330    56.3755
   455.0000     0.0001   149.1480   324.6000   100.2320   191.6740   -83.0268    66.0375
   455.0000     0.0001   -11.3160   135.3580   -29.0940  -100.6990   174.2770   -81.9109
   455.0000     0.0001   128.6090   100.5180   178.1740    -8.1761  -152.8320     2.3364
   455.0000     0.0001    -0.4266   119.0420   -22.2020  -108.6680   169.5520  -148.6890
   455.0000     0.0001    43.3374    64.9966    75.9812   -63.1345   -85.0124  -176.7140
   455.0000     0.0001    53.3727    81.0423    42.5429   -94.2058   -46.3355  -185.7050
   455.0000     0.0001    76.2439    82.1738    83.1093   -75.1413   -94.4115  -152.5520
   455.0000     0.0001    92.7618    43.7705   144.4470   -68.3922  -162.7310    -7.1732
   455.0000     0.0001    25.6198    97.8056    13.2203   -58.1571   103.0500  -277.6670
   455.0000     0.0001    37.3125    80.3548    62.8343   -82.5126   -51.7683  -179.5990
   455.0000     0.0001    33.7805    77.0815    70.3201  -108.6360   -19.7881  -206.9650
   455.0000     0.0001   -33.3933   151.2550   -58.2284   -67.3681    84.7418   -40.6999
   455.0000     0.0001   163.8730    94.1087   187.2520    14.3885  -138.0660    41.9104
   455.0000     0.0001    42.9613    96.0671    77.2268   -59.9357   -57.5858  -186.9230
   455.0000     0.0001    22.1175    77.2961    74.8022    46.2874    18.4424   162.6830
   455.0000     0.0001   150.9170    75.0995   212.0820    32.5000  -145.4980    44.2315
   455.0000     0.0001    39.3488    97.9980    68.2957   -87.5633   -26.4315  -215.8780
   455.0000     0.0001    -8.4007    98.2003   -97.4858   -17.3708   -51.9404   -76.1694
   455.0000     0.0001    53.1793    67.0614    86.8978   -91.3610   -60.7931  -168.8180
   455.0000     0.0001    76.9465   151.7300    72.4323    93.7851  -223.4660   114.3150
   455.0000     0.0001    44.5844    69.7385    76.5508   -70.9275   -88.8419  -171.6490
   455.0000     0.0001    37.2565    86.9380    57.2146  -101.2430   -68.0654  -200.1540
   455.0000     0.0001    85.6719    59.9444   129.8400   -63.4936  -158.3460   -80.3193
   455.0000     0.0001    67.1829   108.3650   112.7270   -56.2210  -165.4650  -133.1840
   455.0000     0.0001    74.1981    87.5121    83.1781  -145.5520  -128.5760  -140.2910
   455.0000     0.0001    80.6693    78.7187    90.5108   -98.9950  -123.2540  -163.0330
   455.0000     0.0001   136.8910    91.5648   156.2160   -11.3214  -147.7980   -14.1393
   455.0000     0.0001    23.6615   110.2280    12.2028  -147.8320   168.8230  -249.2180
   455.0000     0.0001    52.8336    77.3194    92.4839   -62.2237   -91.8739  -189.0140
   455.0000     0.0001    97.2759    77.2034   133.0420   -75.3564  -118.1660   -50.4523
   455.0000     0.0001    43.2533    70.0160    80.9495  -115.2890   -55.8813  -156.0330
   455.0000     0.0001    41.3023    95.2602    63.1975  -110.7830   -61.1414  -225.9850
   455.0000     0.0001    46.0067    69.0944    62.3212   -80.2662   -44.6830  -181.2240
   455.0000     0.0001    42.1895    91.8311    81.1821   -49.3269   -86.6131  -206.6730
   455.0000     0.0001   218.9250   172.3040    97.6214   134.8600  -166.9720    45.1962
   455.0000     0.0001    90.4280    63.2989   127.3640   -90.6341  -143.0590   -38.4239
   455.0000     0.0001    38.6973    85.8638    82.7885   -85.2383   -68.3097  -170.3700
   455.0000     0.0001    61.6667   113.9930    83.5357   -36.8512  -174.0450  -208.9270
   455.0000     0.0001   168.7350    98.5179   207.1480    34.6149  -143.6550    52.7318
   455.0000     0.0001    69.9635   104.8350     2.1628   280.4390  -155.5000   -62.7732
   455.0000     0.0001    48.0098    67.6414    75.0842   -57.1638   -51.6783  -176.2000
   455.0000     0.0001    91.8842   120.0050    79.3320    89.4593  -230.2870    86.2607
   455.0000     0.0001    41.9232    71.1975    82.9772   -70.1979   -76.6635  -175.7830
   455.0000     0.0001    77.1529    89.1493    40.7841   214.7070   -83.6899   153.2210
   455.0000     0.0001    -0.3421   182.6150   -18.5155   -26.1844   177.8090   -27.7842
   455.0000     0.0001    39.2425    87.1928    59.8616  -104.8640   -75.1424  -199.3980
   455.0000     0.0001   183.0320   102.2950   215.9670    53.4335  -137.3740    76.3142
   455.0000     0.0001    44.0565    84.3173    88.5354   -56.2569   -82.2105  -177.2540
   455.0000     0.0001    59.4124   100.2320   105.9150   -41.7223  -109.9740  -165.4820
   455.0000     0.0001   166.7390    66.9633   218.2790    40.6801  -150.7680    64.1558
   455.0000     0.0001    76.1951    81.0542    90.4974  -114.6830  -116.2340  -162.1640
   455.0000     0.0001    37.4097    90.7903    58.7844  -103.7770   -48.5620  -234.3060
   455.0000     0.0001   190.9430   297.5470    96.8245   185.3570   -88.0919    78.1070
   455.0000     0.0001    40.7242    71.8576    74.8569   -65.3823  -102.9200  -154.4440
   455.0000     0.0001    30.2331   100.7470    17.8037  -114.5190    81.3435  -276.8480
   455.0000     0.0001   114.3430    73.2590   133.5900   -11.0017  -137.4030   -77.5721
   455.0000     0.0001    75.3477    74.7679   134.2130   -85.5413  -115.1270   -74.5924
   455.0000     0.0001    84.1637    68.8613    29.2188   231.5910   -78.1864   141.9730
   455.0000     0.0001    62.4417    86.1396    79.1105  -149.5420   -95.8717  -220.9980
   455.0000     0.0001    32.8415    91.4041    47.3019  -108.0830    -8.5411  -226.1870
   455.0000     0.0001    92.6258    61.9131   187.8800   -32.7181  -170.6900    13.4792
   455.0000     0.0001    56.8326    95.0212    58.9089   -52.9930   -71.6652  -228.0130
   455.0000     0.0001    41.3429    92.5182    80.7729   -43.4806   -59.8956  -176.5800
   455.0000     0.0001    47.7367    86.8039    53.8798  -118.3750  -105.1900  -185.3660
   455.0000     0.0001    48.6701    93.2476    35.3659   -95.8676   -89.5240  -266.2800
   455.0000     0.0001   192.7040    95.8077   205.1950    56.9477  -147.9070    70.7023
   455.0000     0.0001    91.3617    81.6401   137.6990   -62.7101  -159.0930   -61.6824
   455.0000     0.0001    37.9922    92.3145    63.9277   -67.7508   -36.8181  -223.5340
   455.0000     0.0001    49.0644    76.8985    40.2459   -90.4125   -37.2695  -187.4610
   455.0000     0.0001   -49.2487   129.8170   -81.8128   -53.1471     3.4931   -37.8918
   455.0000     0.0001   155.9270   128.6380   194.8730    30.6864  -151.0940    39.6179
   455.0000     0.0001   144.5830    84.7190   166.0420    -3.9446  -148.1540     2.6145
   455.0000     0.0001    71.0338    81.9214    54.8087   160.3950   -82.8320   164.6660
   455.0000     0.0001    61.9322    69.8156    78.5674  -129.8100   -97.0362  -121.7460
   455.0000     0.0001    27.1481    66.3152    64.2881    63.9772    18.4326   146.7380
   455.0000     0.0001    29.7441   125.5700     2.9102   -78.3329    86.3610  -383.7530
   455.0000     0.0001    65.9737    79.1003    86.7333   -96.9471  -131.3980  -194.4960
   455.0000     0.0001   179.0810   104.0060   214.1940    49.8291  -135.7540    75.4567
   455.0000     0.0001   108.2490   136.0230   141.6330   -42.6860  -128.9980   -29.1499
   455.0000     0.0001   -55.2009   128.4680   -88.2036   -44.9201    -0.7151   -37.3080
   455.0000     0.0001    39.9827    80.6987    46.6837   -78.3742   -15.9887  -205.7430
   455.0000     0.0001    64.6122    80.6798    89.4318   -87.6813   -92.3013  -155.2030
   455.0000     0.0001    38.6468    94.5942    63.8349   -70.9763   -21.5530  -222.3110
   455.0000     0.0001    83.2923   101.3600    87.1908   -61.0778  -164.4890  -165.0640
   455.0000     0.0001   152.7580    96.8114   198.2120    14.0020  -139.6960    36.2947
   455.0000     0.0001    47.7536    99.3769    58.5150   -95.3254   -21.7640  -210.4480
   455.0000     0.0001    44.9679    81.0361    88.9990  -111.3580   -91.7524  -176.9280
   455.0000     0.0001    16.9884   125.9120    21.8542   264.4730   270.6620  -126.2130
   455.0000     0.0001    54.5016    70.4542    80.6352   -83.6155   -89.6493  -191.1670
   455.0000     0.0001    65.0007    79.3233    74.0943  -105.4290  -164.2550  -223.6220
   455.0000     0.0001    78.0343    85.3211   101.2940  -100.1010  -110.0470  -146.4980
   455.0000     0.0001    43.4535    82.9012    86.9802   -41.1789   -67.0980  -163.5400
   455.0000     0.0001    71.1828   153.3030    69.6283    65.6537  -236.3620   102.4670
   455.0000     0.0001    39.1446    90.1286    61.5023   -95.1843   -82.7282  -209.5760
   455.0000     0.0001    37.8547    99.0088    41.5085   -49.8960   -22.3885  -299.7130
   455.0000     0.0001    30.9516    65.3458    65.9814    83.6517    35.6438   131.9660
   455.0000     0.0001    51.0978    83.5948    94.2676  -105.5470   -50.5087  -201.2030
   455.0000     0.0001    54.5016    70.4542    80.6352   -83.6155   -89.6493  -191.1670
   455.0000     0.0001   161.2920    98.6928   211.0510    28.0790  -140.4940    52.5483
   455.0000     0.0001    57.2867    81.4245    90.0148   -45.5288   -95.5484  -209.1740
   455.0000     0.0001    53.5155    82.4682    87.5168   -69.4365   -90.6595  -192.0440
   455.0000     0.0001    76.1149   139.0800   166.4880    19.4117  -136.8740   -46.3219
   455.0000     0.0001    80.4479    78.2902    28.1383   231.2340  -200.5000    76.9297
   455.0000     0.0001   159.6220    94.7516   195.8880    21.3243  -143.3740    37.4754
