#         t          m          x          y          z         vx         vy         vz
   430.0000     0.0001   185.0300   181.6600   105.7950   120.2260  -171.2390    87.4315
   430.0000     0.0001   149.0820   130.7900   148.2130    52.8216  -179.4410    97.6314
   430.0000     0.0001    50.3333   340.1420    60.2510   226.7540   -13.0153    75.2937
   430.0000     0.0001    59.5911   125.5180    86.2010   -15.9597  -139.8380   -78.6069
   430.0000     0.0001   125.2780   121.5040   107.9740   -11.6541  -193.7750    45.3333
   430.0000     0.0001   123.7480   116.8750   152.9800    24.2991  -165.4930    62.1776
   430.0000     0.0001    76.6448   149.2350   142.2710    49.2009  -154.2960    -8.8846
   430.0000     0.0001    -3.8186   143.9840   -11.1468   135.2570  -408.8560    83.9198
   430.0000     0.0001   143.8910   146.7580   177.6770    79.8922  -153.9910    90.3837
   430.0000     0.0001    -0.8860   208.1830    28.3311    48.0158  -251.3390   -61.5519
   430.0000     0.0001   123.3090   110.8270   155.6820    26.2351  -168.8210    62.3180
   430.0000     0.0001   139.6470   139.1270   165.6300    56.8349  -160.6420    81.0875
   430.0000     0.0001    93.1164   153.5120   116.3930    32.3379  -197.3190   -27.0915
   430.0000     0.0001   154.6900   168.5290   192.0030    91.1645  -135.2180   121.9030
   430.0000     0.0001    84.6834   128.6420   141.5270   -52.5630  -161.9470    17.4215
   430.0000     0.0001   106.1920   128.1640   134.3170   -19.8866  -165.3170    28.5349
   430.0000     0.0001   135.2380   135.0950   175.3460    56.0374  -153.4720    87.4808
   430.0000     0.0001    81.7820   129.5140   130.4630   -54.8469  -158.5880   -11.9856
   430.0000     0.0001   -43.3615   121.5200   -66.3455  -132.0450   -63.0912  -133.6760
   430.0000     0.0001    73.0682   171.5320   127.8890    -3.9133  -168.9110     6.1466
   430.0000     0.0001   145.6760   135.8480   163.0800    59.5099  -162.2770    84.6947
   430.0000     0.0001    35.8886   163.2370    31.1345    33.9686  -152.0390   296.0150
   430.0000     0.0001    57.5745   118.0210    96.5133   -20.1846  -139.1520   -99.0418
   430.0000     0.0001    43.4437   120.7100    90.0387     5.8754  -152.6130  -119.1350
   430.0000     0.0001    -9.1253   126.8110   -38.3337  -116.7200     2.3593  -265.6860
   430.0000     0.0001    18.8485   119.5560    21.3223  -153.1720   -97.3130  -323.0170
   430.0000     0.0001    51.1179   140.7470   123.1630    28.5794  -144.5960   -44.5555
   430.0000     0.0001    -5.7980   218.3210    54.9419    13.2196  -175.3410   -57.7915
   430.0000     0.0001   125.0600   130.1660   147.5100    20.0199  -175.0130    60.9468
   430.0000     0.0001    78.7303   111.8590   136.7510    -7.0075  -142.0160   -23.7675
   430.0000     0.0001    11.4255   121.9440    -4.5481  -182.1480    13.2974  -333.1750
   430.0000     0.0001     9.7396   129.5540   -15.2779   -93.7911   -59.9934  -345.8310
   430.0000     0.0001    -1.3859   223.0290    51.3204    22.3719  -175.9530   -52.1283
   430.0000     0.0001   136.0020   121.9130   155.2350    43.5723  -169.1430    67.5489
   430.0000     0.0001   120.5520   134.3530   179.1740    39.6286  -146.0380    80.2523
   430.0000     0.0001   -14.1974   133.0460   -12.4333   245.8570  -344.6880    48.4771
   430.0000     0.0001    20.0666   358.4420    57.8052   214.7410    10.1006    75.7413
   430.0000     0.0001    94.2087   117.7500   172.9170    19.2184  -167.2820    51.6245
   430.0000     0.0001    16.3405   105.3670    15.7014   -54.0884  -199.2200   192.5690
   430.0000     0.0001   128.6510   146.8900   163.0320    31.1285  -153.7780    76.8749
   430.0000     0.0001    -4.1759   122.5700    -8.7433   251.9020  -364.0770   117.2150
   430.0000     0.0001    56.6928   127.9480    89.2970   -20.3453  -170.6520   -90.1304
   430.0000     0.0001    62.9861   147.4810    85.8000   -61.7160  -207.3730   -61.0488
   430.0000     0.0001   -51.5864   124.8680   -49.4094  -183.3660   -27.1294  -100.2170
   430.0000     0.0001    89.6341   136.2580   123.6690   -43.9882  -161.9610   -32.8529
   430.0000     0.0001   105.8740   132.7140   127.2730   -16.7110  -169.8580    14.6019
   430.0000     0.0001   108.0030   345.2750    62.1545   211.0740   -41.6265    77.2072
   430.0000     0.0001   130.0550   155.2090   165.1990    37.2376  -159.4220    87.5438
   430.0000     0.0001    44.8610   108.1890    62.2020  -100.5170  -108.1060  -143.8240
   430.0000     0.0001    63.0211   115.1140    88.2768   -22.9778  -163.9490   -47.5412
   430.0000     0.0001    21.6574    95.0747   -34.0422   183.8770  -217.4630  -179.6820
   430.0000     0.0001    -5.1253   127.1740    -6.1456   278.1760  -383.4980    80.2097
   430.0000     0.0001    91.2163   148.0150   109.3000     4.9487  -214.8740   -17.2883
   430.0000     0.0001    61.0703   272.8800     4.8764    23.7586  -102.0040    -1.2347
   430.0000     0.0001   137.6970   137.9260   169.2630    71.4639  -174.6480   101.5630
   430.0000     0.0001   182.4430   175.8900   174.8700   123.8360  -114.5810   122.5580
   430.0000     0.0001   124.1690   131.4950   148.4120    22.2083  -151.4390    50.3714
   430.0000     0.0001     2.7070   391.5420    47.6641   196.5230    42.0145    71.9461
   430.0000     0.0001   120.7950   117.8240   154.0910    25.4919  -189.2510    64.4617
   430.0000     0.0001   -15.2616   156.9580    -3.5245   168.7470  -364.3120   -19.0731
   430.0000     0.0001   104.8080   116.0130   132.5250   -15.9514  -172.3740    19.9538
   430.0000     0.0001    51.6727   121.8110   102.7290     2.3557  -160.7280   -36.4965
   430.0000     0.0001    49.1417   121.0070    84.1914   -15.9568  -142.4520  -101.9260
   430.0000     0.0001    75.7175   138.4090   138.5050    54.2038  -162.9830   -36.8736
   430.0000     0.0001   141.6980   297.0260    68.8597   220.7750   -79.0596    72.0590
   430.0000     0.0001    95.5659   142.1090   109.5180   -15.2247  -158.5490   -51.5802
   430.0000     0.0001   134.0000   165.2710   160.7980    72.4285  -150.5500    66.0988
   430.0000     0.0001    31.5857   121.4080    85.1981   -33.7198  -166.8130  -118.1500
   430.0000     0.0001     7.2206   200.4980     4.3142   267.6530    64.5251   185.9310
   430.0000     0.0001   125.9900   142.3100   179.6420    43.7278  -147.9280    85.7692
   430.0000     0.0001   148.9060   144.1290   171.0100    81.8716  -168.7010    92.8270
   430.0000     0.0001    85.6324   113.5560   139.5330   -30.5707  -154.0180     6.7869
   430.0000     0.0001   153.3530   144.5360   144.4370    66.5901  -179.6730    97.0015
   430.0000     0.0001    23.9926   114.5370   -38.7718   193.3310   -87.7328  -271.5150
   430.0000     0.0001   137.8470   157.5230   164.7410    72.8923  -158.0780    71.3046
   430.0000     0.0001   -41.8097   124.5710   -46.7734  -193.6050   -17.2772  -135.5790
   430.0000     0.0001    51.2580   135.3560    89.9719    -1.1727  -132.1000   -87.2594
   430.0000     0.0001    70.8960   360.8660    60.6605   214.2510   -12.3910    86.6055
   430.0000     0.0001    -8.9265   162.4710    -0.8232   129.1420  -355.7940   -67.7695
   430.0000     0.0001   -18.6105   120.6490    17.0995    61.9768     7.6958   -34.9551
   430.0000     0.0001   101.7910   110.1850   149.2930    -8.2647  -173.0240    48.4621
   430.0000     0.0001   129.2670   115.9930   147.5010    15.0933  -174.6610    90.4307
   430.0000     0.0001    91.4539   130.5540   116.0320   -49.1058  -152.9810   -37.6390
   430.0000     0.0001    42.7762   125.7310    67.3194   -32.2337  -186.6060  -167.6480
   430.0000     0.0001    15.1026   108.7760    16.0280  -179.9540   -37.8561  -281.7020
   430.0000     0.0001   134.3200   135.2370   178.4790    61.3942  -156.0740    86.8954
   430.0000     0.0001    91.9650   155.4610   130.7170    43.1450  -193.3590    -6.8063
   430.0000     0.0001    99.0814   125.2550   153.6190    -4.4436  -140.5630    31.8834
   430.0000     0.0001    22.6978   125.7970    66.6749   -75.6816  -159.3950  -179.9040
   430.0000     0.0001   107.0430   109.7840   145.6290     0.4291  -148.5030    39.4027
   430.0000     0.0001    40.5797   183.1630    30.9979   304.9050  -162.4660   175.9450
   430.0000     0.0001   -40.6789   132.4120   -57.0692  -149.5890   -14.1696  -132.4170
   430.0000     0.0001   -13.0468   126.9900   -42.1643  -159.2800   -23.1782  -228.3930
   430.0000     0.0001    77.3461   171.7590   138.2980    49.6665  -155.8010     3.3070
   430.0000     0.0001   101.5720   136.6410   139.3410    33.3318  -153.6970   -19.0452
   430.0000     0.0001   -13.2937   162.0180    -0.7204   155.9660  -352.8780   -50.1184
   430.0000     0.0001    97.4202   136.1460   109.0000   -30.2212  -189.9440   -14.4985
   430.0000     0.0001    84.2925   155.2950   128.5650    54.8002  -173.7380   -32.4773
   430.0000     0.0001    86.9705   137.6700   125.3450   -36.5751  -162.5290   -42.1178
   430.0000     0.0001   142.4920   154.9830   176.8850    73.1160  -148.3110    88.9893
   430.0000     0.0001   129.9700   130.5910   181.8060    75.4583  -173.0600    86.6499
   430.0000     0.0001    89.6279   134.1310   116.7690   -27.7220  -175.0820   -66.4376
   430.0000     0.0001    98.2853   138.0630   156.1250    12.3700  -143.3160    23.7310
   430.0000     0.0001   114.8200   124.0710   179.0940    34.5246  -155.9490    77.4384
   430.0000     0.0001    17.4804   201.2970    22.6474   282.6730   -32.1894   198.1860
   430.0000     0.0001    77.0371   125.2190   133.0520   -57.9352  -123.0160   -19.4285
   430.0000     0.0001    59.0257   129.1840    86.8624    -9.1761  -144.4680   -75.6273
   430.0000     0.0001   119.0680   144.1070   155.3340    29.7767  -148.2720    55.2657
   430.0000     0.0001    73.7060   149.4200   127.5560    28.6063  -169.9870   -32.1229
   430.0000     0.0001    42.0510   121.1180    41.5620   -77.0235  -120.1250  -250.6700
   430.0000     0.0001    85.5908   125.5740   128.7880    -8.4951  -131.7680   -49.4717
   430.0000     0.0001    55.5949   139.1450    96.7196     2.7088  -175.4730   -83.9030
   430.0000     0.0001    82.4203   132.9830   127.7490   -23.7069  -141.2500   -53.5976
   430.0000     0.0001    90.8168   137.7840   123.9380   -21.9470  -171.4670   -37.3111
   430.0000     0.0001   -13.9522   130.1100    19.6982   103.0360    17.3740   -43.2550
   430.0000     0.0001   117.8460   118.6290   136.0470     1.0356  -167.8420    42.1615
   430.0000     0.0001    97.7074   120.3990   163.0260   -14.9642  -173.3250    79.2418
   430.0000     0.0001   -24.6098   120.5860    19.9789    29.3910    -3.8997    -1.4011
   430.0000     0.0001   137.0750   137.7930   155.6900    42.9481  -163.2870    73.0884
   430.0000     0.0001   155.2750   165.4960   178.4060    83.9919  -144.2990   111.7920
   430.0000     0.0001    98.9708   130.2320   124.1590   -14.8616  -172.5880   -27.0620
   430.0000     0.0001   148.2360   141.2580   171.7150    66.4784  -156.6970    95.5679
   430.0000     0.0001    32.2064   139.7970    98.7932   -10.8482  -148.5080   -97.4403
   430.0000     0.0001   107.5190   120.4230   134.5380   -13.6902  -181.4110    32.2209
   430.0000     0.0001   101.6100   127.8820   127.7480   -27.4914  -158.3970    10.8887
   430.0000     0.0001    47.7358   126.6380    95.6363   -38.3275  -144.8020   -52.3297
   430.0000     0.0001    47.7315   169.8360    93.4900    17.8489  -189.0900   -92.5781
   430.0000     0.0001    95.9913   137.5590   129.1080    10.9972  -165.1980   -42.0077
   430.0000     0.0001    55.8318   131.8470    91.7535     2.5136  -166.4500   -78.4369
   430.0000     0.0001   159.8520   162.2570   164.3470   104.6710  -159.8190   114.9420
   430.0000     0.0001    85.8364   114.2230   143.5780     5.0356  -152.9240   -13.7620
   430.0000     0.0001   -35.0455   395.1080    37.1949   178.0230    57.7802    83.7585
   430.0000     0.0001    53.5897   127.8370    92.3379     0.1057  -143.9180   -65.6929
   430.0000     0.0001   114.3750   150.8270   160.7460    17.6580  -160.5290    58.7743
   430.0000     0.0001    90.9198   133.0320   120.2030   -11.3713  -178.1300   -63.9337
   430.0000     0.0001    88.8108   130.1040   123.0190   -40.2545  -139.4730   -37.1638
   430.0000     0.0001    85.9692   144.5250   154.0510     6.2200  -149.3210     4.9765
   430.0000     0.0001    84.7717   138.8800   123.9970   -50.8847  -155.7230   -42.4261
   430.0000     0.0001   -18.6716   143.2160    -8.3227   237.3490  -339.6700   -18.8055
   430.0000     0.0001   132.6800   119.4780   153.8820    40.3246  -172.4880    65.5667
   430.0000     0.0001     4.1675   119.0060    -3.0183   394.6460  -297.7180    66.1893
   430.0000     0.0001   128.6140   140.6440   159.9710    28.8791  -153.4240    73.4633
   430.0000     0.0001   -13.9076   172.0410     9.3419   165.8460  -335.1890   -68.2139
   430.0000     0.0001   -23.6510   122.4430   -59.4490  -127.0970   -51.9091  -203.3080
   430.0000     0.0001   -38.8044   144.3440   -52.8907  -117.0590    46.0572  -132.3450
   430.0000     0.0001    77.5077   113.4250   147.7830   -47.3785  -166.3980    38.6994
   430.0000     0.0001    -6.1820   219.2430    37.2716    45.3987  -217.1570   -53.3588
   430.0000     0.0001   104.9890   127.8350   130.6130   -14.9946  -171.1470    12.5735
   430.0000     0.0001   136.2020   122.2710   157.9080    48.4853  -169.7610    68.6720
   430.0000     0.0001   141.1950   182.7540   171.0810    77.0309  -146.2360   101.9560
   430.0000     0.0001     8.7622   240.1120    38.2775    24.4463  -167.3590   -34.0903
   430.0000     0.0001    -8.1947   131.7180   -33.6476  -164.4500    21.5069  -245.1560
   430.0000     0.0001   143.6940   137.5530   173.9240    72.8644  -163.2830    89.7929
   430.0000     0.0001    97.3176   134.5390   131.0390     2.3206  -155.7740   -29.2899
   430.0000     0.0001    88.6242   133.0840   120.1390   -40.0602  -152.0040   -56.0704
   430.0000     0.0001   100.2180   117.7400   154.4640   -23.3705  -172.2970    82.9596
   430.0000     0.0001   122.7360   124.9590   178.0060    41.7868  -162.3870    81.3390
   430.0000     0.0001    94.0476   132.6810   130.5510    15.4328  -155.3680   -48.7002
   430.0000     0.0001    14.5508   189.2100     1.7867   230.3120    -7.7792   278.9390
   430.0000     0.0001   -11.2574   158.3720    -5.5473   137.8600  -369.0140   -25.2231
   430.0000     0.0001   -15.8307   111.6490    31.4569     7.4591   -35.2038    21.1472
   430.0000     0.0001   177.5480   138.4350   156.4560   105.4090  -173.8810   129.2270
   430.0000     0.0001    -4.4245   169.8490    54.6424    99.9010  -233.5510  -177.0010
   430.0000     0.0001   -73.6016   375.3660    23.5959   170.4050    69.7177    73.5927
   430.0000     0.0001    31.5202   251.5870    45.0888    24.4098  -143.2040   -13.3651
   430.0000     0.0001    93.8969   130.8260   126.0430     4.6584  -191.8170   -47.3197
   430.0000     0.0001    66.8573   140.0640   147.3420    39.6175  -155.8100   -11.6690
   430.0000     0.0001    18.6478   202.1870     4.7241   195.1460    17.9000   207.6350
   430.0000     0.0001    45.6386   122.2960    96.1197   -18.9723  -155.6790   -61.4591
   430.0000     0.0001   105.7090   142.8790   118.4380    20.6809  -178.9220   -29.2650
   430.0000     0.0001    27.9200   137.2380    44.5518   -30.8298  -213.1470  -293.7090
   430.0000     0.0001   104.0820   133.7800   138.9350    18.7617  -151.7950   -10.1269
   430.0000     0.0001    13.9403   192.2810     4.9605   250.2690   -15.9511   263.2400
   430.0000     0.0001   103.6680   164.1500   128.3120    36.3272  -182.8240    13.5590
   430.0000     0.0001   138.6360   186.5630   169.4600    72.7226  -146.2790   104.3470
   430.0000     0.0001    56.2422   121.2720   139.8950   -45.2680  -149.8270   -18.1197
   430.0000     0.0001   149.0690   154.9820   164.6090    72.6568  -165.0960    92.3453
   430.0000     0.0001   113.4340   153.3330   156.8320    24.5937  -179.7800    62.9934
   430.0000     0.0001    43.6193   152.8940    98.4968    30.7669  -164.5480  -110.5660
   430.0000     0.0001    -2.9604   139.4900    -9.6471   161.5230  -412.1680    63.8659
   430.0000     0.0001   119.1700   123.7050   148.8980    19.2384  -171.2840    47.4437
   430.0000     0.0001    68.8963   149.0980   130.5800    22.1164  -139.5040   -25.1190
   430.0000     0.0001   114.8200   124.0710   179.0940    34.5246  -155.9490    77.4384
   430.0000     0.0001    90.4727   134.9060   116.2160   -54.1108  -156.2700   -34.7313
   430.0000     0.0001   -14.0824   210.7870    35.1065    60.5514  -221.8470   -68.0475
   430.0000     0.0001   114.9310   133.4680   164.7670     8.5635  -170.1180    81.0678
   430.0000     0.0001   133.0200   139.8490   191.6480    62.4824  -143.7430   102.3690
   430.0000     0.0001    98.1213   128.5000   114.1650   -21.9345  -194.7620   -24.0468
   430.0000     0.0001   103.4930   137.9460   137.4830    27.5625  -157.4880   -17.7557
   430.0000     0.0001   121.0830   141.2280   161.4280    21.2399  -170.4910    76.6926
   430.0000     0.0001    59.5236   136.3700    92.8942   -19.1500  -167.0680   -87.2422
   430.0000     0.0001   134.5500   168.4830   167.2740    52.8333  -151.9090    88.0205
   430.0000     0.0001    73.5935   130.9500   136.9090   -69.4244  -179.3980    -7.4398
   430.0000     0.0001   127.9160   134.4520   156.1450    32.9289  -153.4740    59.8572
   430.0000     0.0001   130.8960   147.2990   149.5560    46.4962  -160.7140    51.9226
   430.0000     0.0001    75.2051   133.7740   131.5750   -67.6667  -145.7400   -36.1717
   430.0000     0.0001    67.0812   149.5950   119.0410    23.5510  -162.1840   -65.2161
   430.0000     0.0001    54.7578   127.4100    92.2619   -27.6433  -148.9600  -103.1470
   430.0000     0.0001   130.9930   125.3380   149.9660    34.7892  -190.4510    70.9137
   430.0000     0.0001     0.9494   177.3380    41.1693   106.6620  -292.7610  -159.7870
   430.0000     0.0001   101.4610   121.3310   158.5700     2.0309  -153.9100    41.7427
   430.0000     0.0001    91.2919   128.7860   150.4220   -28.1274  -183.2540    35.5803
   430.0000     0.0001    89.1949   135.0640   123.0280   -44.3584  -154.4450   -40.8675
   430.0000     0.0001     4.6283   126.5060   -10.5308  -158.6640    87.6415  -325.3010
   430.0000     0.0001   182.0240   255.8630    94.2123   194.0040  -111.9660    91.4212
   430.0000     0.0001    16.8109   133.2980    15.3923     9.9161  -110.6440  -438.2060
   430.0000     0.0001   101.8200   114.3180   155.8450     5.9686  -151.5930    40.2239
   430.0000     0.0001   178.4840   225.2880    95.1121   172.8290  -147.1430    91.6442
   430.0000     0.0001   103.0640   132.8590   132.9330    15.2770  -165.3290   -22.7952
   430.0000     0.0001   125.7390   147.4670   165.2360    32.3657  -149.7570    71.1265
   430.0000     0.0001    74.9231   117.6450   137.0440   -42.1597  -128.3560    -8.4965
   430.0000     0.0001    58.1112   138.1090    85.5821    18.9268  -182.4960  -106.6960
   430.0000     0.0001    21.4980   168.9030    77.7493    45.3579  -185.9640  -162.0620
   430.0000     0.0001   192.6450   176.5850   113.9240   127.1380  -166.2230    87.9405
   430.0000     0.0001   131.1710   129.1120   188.2870    60.0402  -158.4330    98.7180
   430.0000     0.0001    56.6718   137.1580    82.7891    12.8168  -150.2620  -118.1640
   430.0000     0.0001    -0.4577   119.2360     3.7899   104.4730   146.1680    21.9569
   430.0000     0.0001    47.8399   132.9320    99.1430    -5.0023  -123.9720   -60.2808
   430.0000     0.0001    48.6243   130.5800    96.8477    11.2007  -139.8210   -75.5246
   430.0000     0.0001   132.6800   119.4780   153.8820    40.3246  -172.4880    65.5667
   430.0000     0.0001    56.9920   150.7740   113.9000    -8.2463  -188.9760   -35.9635
   430.0000     0.0001    52.2374   129.2870    89.2780   -13.4789  -157.7640  -100.5640
   430.0000     0.0001   110.3200   138.5760   127.4950    -0.5060  -179.2060    17.0434
   430.0000     0.0001    95.6270   139.6050   137.9240    24.3781  -147.8550   -17.4944
   430.0000     0.0001    -7.1257   187.6860    38.5014    86.0576  -265.0330  -112.5800
   430.0000     0.0001    23.8975   119.6560    70.3767   -56.9351  -143.2230  -172.3520
   430.0000     0.0001   131.6490   161.3880   168.1050    76.5639  -153.4660    70.4227
   430.0000     0.0001    32.7654   143.3080    50.4019    -3.9167  -189.1750  -279.8800
   430.0000     0.0001     0.4062   185.4510   -16.3125   222.8830    49.6560   212.6530
   430.0000     0.0001    91.9681   134.3520   123.1890    -5.7200  -198.7500   -42.4897
   430.0000     0.0001   -19.7510   164.8850    -4.2940   166.4430  -328.1660   -31.9579
   430.0000     0.0001     0.1339   126.6920    -9.5433   180.4190  -389.7270   103.1020
   430.0000     0.0001    79.4219   153.5410   143.4510    44.9495  -156.2430    -0.1447
   430.0000     0.0001     4.6283   126.5060   -10.5308  -158.6640    87.6415  -325.3010
   430.0000     0.0001    92.9113   138.2980   144.0860   -35.2045  -166.7410    29.7820
   430.0000     0.0001    34.9780   181.4540    18.3459   152.1050  -104.5050   235.3240
   430.0000     0.0001    25.2751   118.2500    73.4078   -58.5746  -137.1580  -158.2600
   430.0000     0.0001   -22.5689   160.2960    13.3650   196.9440  -303.4350  -108.4070
   430.0000     0.0001   178.7200   177.0450   166.9610   119.9920  -142.7450   126.6780
   430.0000     0.0001    -6.5817   209.2130    24.9200    53.4439  -249.0150   -56.3589
   430.0000     0.0001    94.5381   133.2890   123.3380   -11.5897  -166.5570   -45.9163
   430.0000     0.0001    91.0365   133.4520   124.6420     6.4730  -165.9040   -65.1685
   430.0000     0.0001    44.5566   125.2990    90.0869   -10.3827  -140.0690   -96.2205
   430.0000     0.0001   161.0530   151.9680   162.6370    99.0686  -163.9550   102.5630
   430.0000     0.0001    94.3010   121.6680   128.9590   -39.0053  -140.4560     6.9266
   430.0000     0.0001    47.3515   149.7170    62.6659   -30.9961  -212.2400  -183.3760
   430.0000     0.0001     0.0999   104.6420    -8.5622    96.8548  -300.0540   209.2670
   430.0000     0.0001    56.8676   351.1910    41.7139   217.7590    -0.3883    88.8331
   430.0000     0.0001   188.0220   175.0020   101.3030   128.7250  -175.5850    81.1151
   430.0000     0.0001    64.9905   130.3610    90.9667    -1.6338  -168.5070   -62.1327
   430.0000     0.0001   143.1740   141.9830   170.0150    64.0005  -159.3620    87.6451
   430.0000     0.0001   137.5980   112.3210   170.2780    58.2504  -170.3790    86.4773
   430.0000     0.0001   102.9340   131.1690   147.2220   -20.3566  -173.5860    51.8215
   430.0000     0.0001   163.2930   238.0050    84.7843   194.4070  -140.5840    84.6703
   430.0000     0.0001   158.5790   183.3770   153.3940   101.3440  -151.9520   124.4250
   430.0000     0.0001    47.3515   149.7170    62.6659   -30.9961  -212.2400  -183.3760
   430.0000     0.0001    75.7582   345.3030    73.8876   217.2560   -31.0695    81.0586
   430.0000     0.0001    21.9708   271.5340    41.6944    17.0877  -103.1440   -10.4020
   430.0000     0.0001    76.2703   128.1000   133.0300     6.9773  -150.9690   -25.4937
   430.0000     0.0001    57.3936   117.4950    74.7681   -57.5911  -138.5410   -93.5346
   430.0000     0.0001   109.0640   121.2610   163.9570     0.7525  -180.2270    88.7454
   430.0000     0.0001    78.9868   150.9710   115.7300    15.6402  -201.5510   -35.8262
   430.0000     0.0001   103.3430   135.2080   142.9690    36.8725  -155.2210   -10.1336
   430.0000     0.0001    47.9232   132.8250    94.4398   -11.6556  -153.6400  -107.6440
   430.0000     0.0001    47.6808   134.3660    83.4749    13.3040  -150.4480  -135.8040
   430.0000     0.0001   115.9490   121.1490   167.3800    57.6834  -176.0710    47.4848
   430.0000     0.0001    89.4784   137.4980   119.5480   -47.2933  -167.0410   -35.0140
   430.0000     0.0001   121.3940   144.9790   144.2310    17.7692  -171.2920    51.9680
   430.0000     0.0001    56.3983   139.7240   141.4520   -40.5526  -148.3820   -25.5196
   430.0000     0.0001   -40.9483   119.2790   -65.0586  -129.7090   -74.2474  -156.1260
   430.0000     0.0001    50.3333   340.1420    60.2510   226.7540   -13.0153    75.2937
   430.0000     0.0001    88.7753   129.8930   128.0380   -18.1314  -140.1590   -45.6720
   430.0000     0.0001   103.4410   130.6280   121.0470   -12.4634  -188.8570    -4.1524
   430.0000     0.0001    89.6341   136.2580   123.6690   -43.9882  -161.9610   -32.8529
   430.0000     0.0001    47.7315   169.8360    93.4900    17.8489  -189.0900   -92.5781
   430.0000     0.0001    23.4336   123.5860    34.6659   -58.1360   -74.9187  -327.6940
   430.0000     0.0001    24.9803   123.3660    35.8745   -52.2746   -84.5549  -322.1560
   430.0000     0.0001    96.0683   120.2110   143.6910   -16.1825  -137.8410    21.3975
   430.0000     0.0001    94.1901   123.9560   124.8220   -48.4258  -151.3380     8.6007
   430.0000     0.0001   114.9310   133.4680   164.7670     8.5635  -170.1180    81.0678
   430.0000     0.0001    95.0371   127.4350   127.8740   -41.8631  -153.4130     3.6475
   430.0000     0.0001    90.0898   134.5220   122.5430   -36.5983  -146.3670   -38.0163
   430.0000     0.0001    48.8245   169.6540   115.5650    26.3509  -161.1970   -51.7402
   430.0000     0.0001    85.4996   139.4000   126.9700   -38.8925  -156.8510   -37.6549
   430.0000     0.0001   130.1250   121.7630   163.2940    45.3456  -162.1510    70.0619
   430.0000     0.0001    35.8886   163.2370    31.1345    33.9686  -152.0390   296.0150
   430.0000     0.0001    73.5935   130.9500   136.9090   -69.4244  -179.3980    -7.4398
   430.0000     0.0001   146.6470   159.8300   167.3680    71.0638  -172.4290   130.8320
   430.0000     0.0001    91.0104   133.8170   122.8630   -27.0680  -157.4410   -51.0211
   430.0000     0.0001   144.7730   144.4540   181.9930    72.6089  -147.2740    99.3174
   430.0000     0.0001   105.1950   137.4280   137.7200    31.3491  -162.3640   -12.9513
   430.0000     0.0001    82.9501   348.0750    61.2695   217.9730   -26.7427    86.8195
   430.0000     0.0001   102.8190   134.6460   132.6050   -19.9657  -155.2940    18.7392
   430.0000     0.0001    56.9920   150.7740   113.9000    -8.2463  -188.9760   -35.9635
   430.0000     0.0001     9.2604   197.3110    -0.3756   259.3060     4.3670   230.7380
   430.0000     0.0001    45.0341   105.9070    49.8909  -124.2030  -129.1310  -162.6240
   430.0000     0.0001    43.6218   131.9660    92.4138    -6.1272  -141.2010   -92.2984
   430.0000     0.0001   150.8800   139.8580   177.0940    76.8035  -157.7440    99.3637
   430.0000     0.0001   166.0140   171.3020   117.2150    72.9801  -176.3230    72.2758
   430.0000     0.0001   134.1630   119.9890   159.6220    45.0830  -167.4100    71.9691
   430.0000     0.0001     2.9829    92.1414    -0.3298   171.1610  -179.5310   170.0040
   430.0000     0.0001    -6.1820   219.2430    37.2716    45.3987  -217.1570   -53.3588
   430.0000     0.0001    82.9501   348.0750    61.2695   217.9730   -26.7427    86.8195
   430.0000     0.0001    91.9854   136.5350   146.0470    -9.2959  -215.7540    57.1349
   430.0000     0.0001   139.7380   134.2010   169.5440    65.9512  -162.5920    79.4497
   430.0000     0.0001    95.3849   136.9720   121.4470    11.1620  -169.8200   -56.2694
   430.0000     0.0001    -8.2454   183.2930     9.9118    89.3901  -322.6300   -63.0696
   430.0000     0.0001    28.1145   113.6790    59.6284   -93.7102  -133.4850  -181.8200
   430.0000     0.0001    22.8488   103.3170    22.2379  -128.9660   -58.0119  -275.6800
   430.0000     0.0001   142.5410   273.1810    84.9832   209.5940  -102.6160   102.9410
   430.0000     0.0001   159.9680   157.8020   181.3010    91.4575  -150.2330   114.6140
   430.0000     0.0001   105.9610   132.2980   118.6220   -11.2482  -177.0750    -4.2237
   430.0000     0.0001    27.9673   167.2540    25.5243   188.6910  -205.8530   247.1880
   430.0000     0.0001    50.1426   161.1040    37.2927   237.1140  -266.0090   167.2020
   430.0000     0.0001   123.1060   121.4880   146.8220    18.2750  -157.1350    49.7892
   430.0000     0.0001    81.2338   123.6900   135.7130   -74.5806  -197.5560    28.7914
   430.0000     0.0001   161.0410   173.6670   146.6970   100.0010  -161.9320   107.6010
   430.0000     0.0001   100.9250   144.1940   133.0550     9.9154  -205.7670    20.4926
   430.0000     0.0001   -13.9663   131.9640    -7.8595   295.0350  -341.2380    10.6004
   430.0000     0.0001   120.4040   130.9650   140.7390    16.1524  -161.0240    37.4124
   430.0000     0.0001    45.4461   124.2180    89.2562    -1.2911  -174.1110   -95.9409
   430.0000     0.0001    86.8434   145.7100   125.9170     9.4429  -181.1780   -46.6847
   430.0000     0.0001   172.7670   171.6090   116.3580    89.6185  -178.3860    75.4375
   430.0000     0.0001   146.0140   136.8850   170.0160    66.5122  -152.1110    87.7030
   430.0000     0.0001   144.1320   146.1630   168.3950    52.9355  -165.2690   111.2310
   430.0000     0.0001   162.9590   151.8400   165.7610    84.1117  -154.1540   101.1620
   430.0000     0.0001    89.4090   132.9730   114.6250   -66.4555  -179.6320     0.0600
   430.0000     0.0001   145.0250   124.9390   166.1670    60.7422  -165.7990    87.1233
   430.0000     0.0001   103.8880   135.9120   147.4020   -16.3901  -167.5160    43.6007
   430.0000     0.0001    -7.3354   222.3470    36.0663    38.9773  -205.9890   -50.0575
   430.0000     0.0001    49.9730   357.2200    54.0602   215.8500    -7.0571    83.6348
   430.0000     0.0001   150.9280   148.1720   169.2430    70.1382  -160.3130    98.9812
   430.0000     0.0001    -2.5129   174.0950    -1.9591    89.7065  -369.9110    -2.4601
   430.0000     0.0001    97.0267   127.0830   129.7070    22.7624  -142.6730   -39.1226
   430.0000     0.0001     1.6822   123.0810    -4.7965   219.2230  -387.6050   151.6740
   430.0000     0.0001    -3.1134   191.8340   -11.0012   240.2400    46.9315   185.1210
   430.0000     0.0001     7.6556   129.5360    23.3736   -61.8834   120.7020    71.1404
   430.0000     0.0001    83.5895   117.6770   137.6850   -39.1451  -144.0750    -0.5364
   430.0000     0.0001    98.1403   135.3640   131.9710    23.4362  -156.9260   -38.9053
   430.0000     0.0001   160.8260   153.0260   156.0070    80.8833  -156.5870    92.3760
   430.0000     0.0001    28.2808   111.5620    42.2433  -110.9740  -128.6460  -236.0900
   430.0000     0.0001   167.5810   155.9850   119.2380    92.0099  -193.2770    94.8753
   430.0000     0.0001   146.9890   139.8770   159.5700    60.3508  -182.5190   107.1530
   430.0000     0.0001   132.5700   118.9360   164.1760    45.0796  -159.3570    76.3598
   430.0000     0.0001    -3.0659   129.6780   -10.4061   162.5430  -400.6740    98.6163
   430.0000     0.0001     7.0784   123.0010    -6.0391  -174.0440     6.8800  -344.3120
   430.0000     0.0001   118.9020   149.9150   162.3290    21.5810  -162.7650    70.8280
   430.0000     0.0001   101.8400   137.7460   127.0280     7.8111  -163.5460   -31.2431
   430.0000     0.0001    94.2844   131.5530   117.8200   -32.1958  -210.2870    -1.0859
   430.0000     0.0001   126.7500   158.5150   164.8810    37.4691  -165.2780    92.2018
   430.0000     0.0001   168.7770   148.8890   153.8690    99.1600  -156.2830   103.7600
   430.0000     0.0001    47.3270   268.9490    25.9334    22.1244  -108.8480    -5.4466
   430.0000     0.0001   -11.3313   165.0690     1.3322   148.6300  -354.5550   -52.0593
   430.0000     0.0001    69.9046   335.1910    62.4180   227.2450   -29.2584    73.0080
   430.0000     0.0001   118.2760   134.6450   133.9860    10.2424  -161.8890    27.5451
   430.0000     0.0001   120.0280   115.3190   147.6430    11.1619  -168.3240    57.4019
   430.0000     0.0001   101.5660   113.7570   152.0200     0.7534  -153.5410    36.2537
   430.0000     0.0001    52.5269   133.4160    82.0153    13.2509  -153.6380  -128.0200
   430.0000     0.0001    61.8508   131.4530   137.5590    10.7833  -148.9700   -48.0093
   430.0000     0.0001   111.5970   129.9820   136.5150    -1.2230  -164.2570    25.8758
   430.0000     0.0001   100.8920   136.7070   127.3280     2.7362  -164.1200   -30.0897
   430.0000     0.0001   135.7380   128.8950   194.4970    72.9618  -154.7240   110.3700
   430.0000     0.0001   153.2300   163.2720   194.2310    95.0879  -139.8470   119.1750
   430.0000     0.0001   100.1680   132.7510   128.2360   -16.8936  -145.2540   -12.5889
   430.0000     0.0001    57.3936   117.4950    74.7681   -57.5911  -138.5410   -93.5346
   430.0000     0.0001   113.7410   112.7410   134.8510     0.8433  -165.1890    32.8763
   430.0000     0.0001   119.0520   118.5140   143.4820    16.0594  -158.6260    39.8168
   430.0000     0.0001   -10.3114   146.9460    -9.5293   161.6650  -387.7490    24.3681
   430.0000     0.0001    41.8495   157.8600    87.4735    14.4547  -176.8850  -129.4570
   430.0000     0.0001    83.1244   140.6410   126.0660    -9.3675  -190.7310   -43.2036
   430.0000     0.0001   117.4540   173.0560   147.2250    31.0310  -116.2000    73.3923
   430.0000     0.0001    85.1042   119.9040   129.0650   -54.8840  -138.5660    -7.2107
   430.0000     0.0001    -0.3121   125.5730   -10.8839   156.8820  -387.3180   147.0360
   430.0000     0.0001   177.8230   147.3110   172.4170   118.3270  -156.5550   123.3420
   430.0000     0.0001    79.7456   315.2970    57.4560   232.5510   -42.3517    90.0883
   430.0000     0.0001   122.9680   152.3030   181.0770    42.3888  -145.2300    86.0207
   430.0000     0.0001    89.4538   141.2250   139.4090    18.9904  -156.9880   -21.3754
   430.0000     0.0001   176.8870   243.7100    85.3522   197.1770  -128.1250    77.8607
   430.0000     0.0001    95.4928   132.7080   130.1810    -9.2008  -149.4440   -28.9435
   430.0000     0.0001    62.8076   125.2550    91.0916     2.9356  -167.5050   -89.4201
   430.0000     0.0001    33.8385   139.6870    80.4040     2.4286  -172.5940  -158.5750
   430.0000     0.0001    93.1908   132.1590   124.6680     1.6908  -189.0060   -48.8501
   430.0000     0.0001    54.3796   135.0100    66.2615   -31.6533  -124.8210  -161.9550
   430.0000     0.0001   119.9650   120.7620   149.3640    18.3436  -155.3960    49.2964
   430.0000     0.0001    77.6249   151.0430   153.5480    43.7822  -156.5900    12.8021
   430.0000     0.0001   111.4460   109.8110   147.0450     9.7756  -168.0760    41.8512
   430.0000     0.0001    88.6600   142.1990   136.9140    10.8716  -172.3650   -23.6495
   430.0000     0.0001    89.7063   113.6490   126.7180   -50.1491  -156.5000     9.7562
   430.0000     0.0001    88.4736   136.7660   127.1970   -24.4935  -158.1900   -44.9369
   430.0000     0.0001    -9.0723   162.4080    -5.3232   140.0730  -375.8120     7.0294
   430.0000     0.0001   134.0000   165.2710   160.7980    72.4285  -150.5500    66.0988
   430.0000     0.0001   188.7230   155.1340   152.3660   126.4890  -162.8720   132.2490
   430.0000     0.0001    66.5029   148.5870   121.1490    22.5994  -187.4860   -57.0307
   430.0000     0.0001    23.3593    94.7379   -29.8171   183.0200  -240.4990  -178.4700
   430.0000     0.0001   116.7860   114.7020   153.0350    22.4943  -160.7690    48.4061
   430.0000     0.0001    -4.1638   129.8260   -10.5785   190.7620  -395.2900   130.9350
   430.0000     0.0001    28.8302   124.6530   -18.4209   386.2310   -17.4235  -166.2240
   430.0000     0.0001   -22.3547   173.6890    17.8285   147.3220  -292.4180   -94.1130
   430.0000     0.0001   -10.1761   161.7880    -8.6681   145.1410  -356.5920    -9.4292
   430.0000     0.0001   144.4170   142.7560   181.0580    77.0553  -156.5070    97.4308
   430.0000     0.0001    25.7203   129.5240    19.8993  -166.8090   -17.2576  -338.8450
   430.0000     0.0001    34.2879   129.9780    49.9321   -51.9651  -122.6630  -261.5090
   430.0000     0.0001   120.6240   125.8780   141.7760     5.2381  -174.1690    54.8334
   430.0000     0.0001   122.9680   152.3030   181.0770    42.3888  -145.2300    86.0207
   430.0000     0.0001    63.0013   131.7090    47.0965   -89.0882  -159.0720  -168.4880
   430.0000     0.0001     1.7735   193.1670     1.1325    45.2412  -320.0650   -17.6235
   430.0000     0.0001   188.7320   173.0540   147.2570   124.1060  -156.0450   128.8530
   430.0000     0.0001    71.7631   148.9510   126.3990    24.9943  -178.8120   -39.1911
   430.0000     0.0001   -16.9580   122.5190   -49.2692  -132.4370   -47.7823  -229.5150
   430.0000     0.0001   -14.0402   163.5740    -0.1850   147.6960  -348.4990   -50.9770
   430.0000     0.0001    36.4080   125.9940    61.0811   -37.3126  -151.4820  -208.2370
   430.0000     0.0001   -17.4588   122.6090   -43.3565  -157.6990   -51.8755  -222.7340
   430.0000     0.0001    26.7105   133.1600    61.5589   -25.5680  -122.4960  -237.5730
   430.0000     0.0001     4.3448   205.8470    26.5714    66.2813  -283.1240   -56.5864
   430.0000     0.0001    96.2662   138.5320   147.9500   -26.6053  -164.9820    37.3251
   430.0000     0.0001   -13.9522   130.1100    19.6982   103.0360    17.3740   -43.2550
   430.0000     0.0001    45.0341   105.9070    49.8909  -124.2030  -129.1310  -162.6240
   430.0000     0.0001     1.8887   199.5100    -1.9334   262.7210    46.2390   166.7520
   430.0000     0.0001   -45.5125   352.9280     8.8638   191.9160    61.0017    75.7043
   430.0000     0.0001   107.4250   128.0900   140.3750   -14.5892  -158.7260    37.9623
   430.0000     0.0001   -67.3924   378.3660    21.2012   173.8670    65.1596    73.1682
   430.0000     0.0001    86.7964   136.5300   152.2820   -12.1347  -145.6250     8.7475
   430.0000     0.0001    95.8632   134.2670   159.1910    13.5803  -140.5230    25.7052
   430.0000     0.0001    92.6437   133.7750   119.7300   -15.3488  -143.7400   -58.3884
   430.0000     0.0001   197.5340   205.8240   120.8140   160.0830  -144.3040   104.8940
   430.0000     0.0001   116.6040   121.1520   137.8510     7.0797  -166.3980    40.8476
   430.0000     0.0001    99.7588   115.4550   174.6310    24.9234  -161.8540    64.0170
   430.0000     0.0001    78.9868   150.9710   115.7300    15.6402  -201.5510   -35.8262
   430.0000     0.0001     1.8960   126.1720   -14.1048   133.3330  -370.1420   161.4440
   430.0000     0.0001    61.2267   124.9630    69.7396   -22.6476  -161.9760  -125.0200
   430.0000     0.0001    -6.5448   200.1250     8.4827    37.3125  -279.7040   -48.8506
   430.0000     0.0001   180.4700   188.5240   123.9190   153.1750  -155.5710   124.1530
   430.0000     0.0001    94.3478   138.2060   128.7380     5.8114  -166.8150   -40.7755
   430.0000     0.0001   101.5660   113.7570   152.0200     0.7534  -153.5410    36.2537
   430.0000     0.0001   -14.9942   168.1040    10.3802   163.9400  -341.7920   -70.2400
   430.0000     0.0001    79.4439   144.1990   146.8880    42.0550  -149.5020     5.4986
   430.0000     0.0001    16.5177   135.5280     4.5746   -35.7218   -77.4688  -432.4480
   430.0000     0.0001   161.0410   173.6670   146.6970   100.0010  -161.9320   107.6010
   430.0000     0.0001   122.0690   131.6300   154.3490    16.0547  -155.5930    61.4283
   430.0000     0.0001   138.7500   161.7860   172.3830    74.8959  -151.2320    84.8804
   430.0000     0.0001    12.3526   219.7290   104.2290    31.8842  -123.8070   -22.6579
   430.0000     0.0001    51.6727   121.8110   102.7290     2.3557  -160.7280   -36.4965
   430.0000     0.0001   131.6610   141.4910   152.1120    41.5584  -156.8700    55.5596
   430.0000     0.0001   128.6140   140.6440   159.9710    28.8791  -153.4240    73.4633
   430.0000     0.0001    80.1290   134.7970   137.4560   -59.9232  -173.7160    -0.2612
   430.0000     0.0001   181.6080   282.5830    97.7161   163.7660   -98.5229    95.4595
   430.0000     0.0001    45.7101   119.1720    73.4166   -60.8984  -159.1620  -122.1650
   430.0000     0.0001    28.7203   211.5380    93.0034    40.4917  -153.9570   -58.3808
   430.0000     0.0001    60.7697   144.8130   127.8740    40.3834  -163.5270   -43.2115
   430.0000     0.0001    78.7303   111.8590   136.7510    -7.0075  -142.0160   -23.7675
   430.0000     0.0001   119.0680   144.1070   155.3340    29.7767  -148.2720    55.2657
   430.0000     0.0001   184.7040   216.5230   112.3300   139.5600  -150.4940    95.5807
   430.0000     0.0001    94.4039   124.7940   136.4320   -42.0517  -154.1020    21.9182
   430.0000     0.0001   110.0860   142.7560   153.0350     7.4657  -188.9550    68.8040
   430.0000     0.0001    89.7934   130.2840   113.5330   -52.4956  -166.1590   -48.5374
   430.0000     0.0001   124.3640   293.9090    71.8863   227.1470   -81.0573    76.4485
   430.0000     0.0001   123.0600   139.9570   153.6540    14.7200  -162.3550    70.3749
   430.0000     0.0001    46.0671   123.8230   104.8430    -7.5741  -152.7030   -41.2406
   430.0000     0.0001   -51.4722   115.8960   -57.6645  -144.1330   -84.5316  -101.9210
   430.0000     0.0001   130.1830   134.5950   133.9570    11.9512  -192.4200    77.3101
   430.0000     0.0001    -3.9444   131.1230   -10.9816   145.9250  -403.8450    96.7454
   430.0000     0.0001    48.0807   124.7250   107.5050   -27.6235  -168.4360   -63.2621
   430.0000     0.0001    14.1087   202.1990    10.2744   270.6600    21.9019   220.9200
   430.0000     0.0001   130.9460   151.0450   193.4260    67.9894  -150.7890   102.0060
   430.0000     0.0001    31.7045   190.4450    19.8464   335.2720   -96.8137   176.6970
   430.0000     0.0001   106.4790   142.0870   160.2170     7.9086  -196.0670    82.3958
   430.0000     0.0001   -15.4688   124.8980   -46.5997  -131.9640   -26.8332  -235.2960
   430.0000     0.0001    89.2672   129.0250   118.9890   -33.3187  -182.0130   -59.4111
   430.0000     0.0001     4.6033   110.9040   -12.0797    95.7392  -304.5610   195.4910
   430.0000     0.0001   178.0580   230.2710    94.9480   193.8040  -137.5150    87.1780
   430.0000     0.0001   187.4630   209.1440    87.4030   161.4900  -159.2980    63.6884
   430.0000     0.0001   152.8260   135.9570   195.0030    86.8812  -153.8860   121.6160
   430.0000     0.0001    12.1259   126.0480     0.2616   -65.2951    -6.6464  -408.3770
   430.0000     0.0001   109.9160   132.5380   137.1170    19.2699  -160.4160    -3.0612
   430.0000     0.0001    89.8426   129.4500   121.6380   -13.3021  -184.6570   -62.5244
   430.0000     0.0001    90.8511   116.4870   150.6610   -23.0562  -154.1730    36.0973
   430.0000     0.0001   106.5410   119.6570   138.3500   -16.5732  -155.1370    36.6926
   430.0000     0.0001    69.8528   130.5040    77.0210     2.8491  -169.0330   -97.3825
   430.0000     0.0001    -6.3025   124.6820    -9.7054   162.3240  -393.7110   115.2730
   430.0000     0.0001    57.3936   117.4950    74.7681   -57.5911  -138.5410   -93.5346
   430.0000     0.0001    78.4716   155.6700   132.2920    40.8144  -168.4540   -18.5660
   430.0000     0.0001    97.3176   134.5390   131.0390     2.3206  -155.7740   -29.2899
   430.0000     0.0001   134.4660   127.9500   163.7690    39.5565  -165.4220    86.0291
   430.0000     0.0001   -15.2258   174.9090     9.8604   113.5570  -313.2000   -84.7428
   430.0000     0.0001    28.2808   111.5620    42.2433  -110.9740  -128.6460  -236.0900
   430.0000     0.0001    66.9296   139.0290   130.7230    27.0334  -133.0740   -20.9416
   430.0000     0.0001    95.0009   125.2520   124.2630   -31.0893  -169.2450   -25.1875
