#         t          m          x          y          z         vx         vy         vz
   505.0000     0.0001   -15.6324   191.8430   -52.2666   -17.2707   214.7560   -21.0883
   505.0000     0.0001    18.6806   201.2890   -56.4654    41.6321   244.8940   -31.6566
   505.0000     0.0001    51.9745   176.9170     9.0684   126.6810    93.8322   116.3970
   505.0000     0.0001    40.6328   202.1520    -4.4218   103.6540   -55.8045   150.0420
   505.0000     0.0001     5.5988   197.3240   -25.1204    63.5199   193.3810    45.8095
   505.0000     0.0001    35.7332   161.8230   -13.2869    74.5710   126.4300   104.4190
   505.0000     0.0001     8.4127   183.9790   -40.6716    32.5780   164.8140    33.0924
   505.0000     0.0001    39.7583   149.7560   -13.0863    87.6410   179.5880    89.1669
   505.0000     0.0001    14.2842   194.3310   -35.3661    -8.8974   161.2890    42.1508
   505.0000     0.0001    50.0798   168.8160     1.6878    91.8761    29.7403   130.1940
   505.0000     0.0001   156.7250   103.5810    76.8164   -36.8498    64.2649    72.6227
   505.0000     0.0001   266.8530   164.6490   133.5200    77.4532  -170.6950    33.0858
   505.0000     0.0001    30.0316   146.9160   -32.3832    61.5190   100.2190    85.4610
   505.0000     0.0001    58.6404   157.1490    36.8652   104.1290   -72.1276   241.4950
   505.0000     0.0001    49.0795   168.3920    22.4523    69.1845   -14.0881   192.5450
   505.0000     0.0001   213.1920     5.2410   214.4990   -10.0929  -127.2000    -0.7115
   505.0000     0.0001    83.8423    25.6869    72.0010  -108.6860   -55.9486   -67.2869
   505.0000     0.0001    -7.4991   164.4630   -59.4995    15.2911   210.5820   -54.9288
   505.0000     0.0001    34.0247    85.7059     0.2424  -144.8080   221.4630  -139.8650
   505.0000     0.0001    13.7505   185.7040   -38.0655    62.9962   236.8230    36.6562
   505.0000     0.0001    29.3986   186.3420    10.9137   109.8790    17.8348   135.1910
   505.0000     0.0001     6.9830   176.9300   -33.7740    55.2761   137.9640    37.9237
   505.0000     0.0001   144.0060    69.8272   113.6540     2.2779    90.8531    33.7657
   505.0000     0.0001     6.3080   169.0550   -49.5835    16.5197   212.5620    16.4642
   505.0000     0.0001     8.6540   170.9030   -59.3373     9.0752   218.8280   -33.2572
   505.0000     0.0001     4.1518   181.6550   -23.6931   118.1320   -41.6974   148.4610
   505.0000     0.0001    71.9571    21.0861    71.2585   -75.8445   -18.4692   -82.8132
   505.0000     0.0001    93.6525    27.6769    90.6771   -99.7281   -29.9795  -182.5080
   505.0000     0.0001   155.7420     0.8379   102.2850    40.4396   -20.1876    48.7176
   505.0000     0.0001    57.6725    24.6478    76.3105  -120.3830    37.4795  -176.6460
   505.0000     0.0001    61.9344   177.1170    34.0538    79.7154   -55.2812   181.7930
   505.0000     0.0001    42.2000   180.6910    -5.3947    65.4080   141.7760    85.7898
   505.0000     0.0001    73.2322   101.5670    -7.1637    35.5377   -29.5785   -32.4381
   505.0000     0.0001    26.5880   166.5200   -37.3485   101.7210   222.1230    -4.6611
   505.0000     0.0001   202.2680   331.3620   127.2780   159.9130  -108.6750    56.0392
   505.0000     0.0001   127.0460    -7.4654   185.2360   -45.1547   -80.6227   -72.2208
   505.0000     0.0001    44.9273   199.5070   -13.9001    75.8004   -22.0140    98.5898
   505.0000     0.0001     3.1151   129.5310    12.4590   199.1860   -36.8400   224.4140
   505.0000     0.0001    10.4187   184.8800   -35.3374    58.3439   172.5100    60.4025
   505.0000     0.0001    34.4500   171.2990    -2.3672   103.5750   114.7590   112.6170
   505.0000     0.0001   -21.9762   176.7600   -68.1064   -55.0802   217.7030   -72.3535
   505.0000     0.0001    -0.2941   151.0810   -14.7891   142.2670   -42.0573   197.4810
   505.0000     0.0001    -3.4344   106.7010   -97.1038    62.4937   -17.8511   125.3310
   505.0000     0.0001    62.0807   126.0420     1.3989    60.5220     0.0873    68.6788
   505.0000     0.0001    39.6852   166.2280    -2.0613    65.4947    75.7751   116.0340
   505.0000     0.0001    31.8058   183.9100    32.0641    90.6842   -35.7296   156.0140
   505.0000     0.0001    11.9682    31.7088    37.8037   -10.6153    86.0167  -216.0010
   505.0000     0.0001   138.3230    -6.1017   202.2720   -50.0583  -103.4230   -43.1171
   505.0000     0.0001     8.1550   192.5100   -72.3491   -13.9864   189.8940   -42.2928
   505.0000     0.0001   229.0160    38.7542   186.1920   -25.7118  -137.8610     1.0499
   505.0000     0.0001    14.1818    76.2302     4.3151     2.4329   190.1670  -211.1260
   505.0000     0.0001    35.6092   157.4430    15.6601   117.7150    59.7856   178.1050
   505.0000     0.0001    -3.4606   179.4320   -48.0152    35.1276   215.3990   -12.2811
   505.0000     0.0001    21.7164   111.5590   -23.1723   -83.0989   215.6910   -91.2368
   505.0000     0.0001     6.1982   188.9900   -24.4674    63.6783   207.1440    59.3083
   505.0000     0.0001     3.0604   190.4630   -26.1616    42.3351   198.6240    61.7316
   505.0000     0.0001    12.8716   141.8260   -36.5791    31.2318   233.3960   -74.1402
   505.0000     0.0001     7.8959   194.9150   -26.3998     0.4046   159.8230    50.6795
   505.0000     0.0001     1.7164   191.7920   -38.5898    46.7029   208.1380    25.0624
   505.0000     0.0001    47.4727   165.3330    17.1477    60.8980    11.7346   199.0870
   505.0000     0.0001   106.7270   148.6160   -72.8910     9.1993   -12.4146    83.8787
   505.0000     0.0001    22.5217   159.3320   -20.6584    56.2511   248.8060   -19.2363
   505.0000     0.0001    42.0843   173.8770    -3.4994    68.0583    43.9076    90.3611
   505.0000     0.0001    30.5437   166.2610    -6.2191    74.5957   137.3050   131.5020
   505.0000     0.0001    -7.7188   109.2570   -40.6829   -60.7177   192.5780   -95.6991
   505.0000     0.0001    91.5586   -10.6231   137.7030   -80.3611   -51.1131  -107.6570
   505.0000     0.0001     4.9637   162.6640   -11.2250    53.9190   157.8780   114.9450
   505.0000     0.0001    30.2397   177.6280     0.0727   110.3830     6.4868    93.2490
   505.0000     0.0001   173.1920    -7.3000   206.5990   -37.0311  -119.4310   -19.1904
   505.0000     0.0001   158.2120    87.0477    86.7528   -29.5925    69.7027    56.6182
   505.0000     0.0001     3.2799   180.5680   -36.1743    31.0226   175.5800    49.7453
   505.0000     0.0001   122.6270     9.8083   127.5260   -87.4152   -60.7173  -112.0570
   505.0000     0.0001    10.9830   181.6910   -57.2977    37.6481   237.4420   -50.2873
   505.0000     0.0001    27.7510   166.3400    -3.4434    29.8107    57.6423   103.3510
   505.0000     0.0001    -2.0985   149.6590   -35.3527    40.7775   205.8460    -0.2734
   505.0000     0.0001    21.2933   178.6820    13.7646    99.3138    15.9502   142.2490
   505.0000     0.0001    15.8462   121.6150   -39.4263   -67.8530   205.1150   -69.5444
   505.0000     0.0001     7.5006   189.6570   -42.6424    69.5457   194.8970    17.8546
   505.0000     0.0001     0.7007   194.7390   -36.3714    44.3285   215.2270    27.3946
   505.0000     0.0001    21.9355   204.7990   -31.0787    82.7472   200.1450    42.8615
   505.0000     0.0001    -3.7946   124.0010   -61.4766   -63.6549   177.9340   -90.8191
   505.0000     0.0001    41.6307   146.8430    22.1049   125.0710  -201.2890   272.6440
   505.0000     0.0001    -9.3674   181.8460   -45.4931     2.3096   188.7690     3.1937
   505.0000     0.0001   195.4530    -7.3629   187.5060   -28.3620  -119.2820   -21.5130
   505.0000     0.0001    25.9811   197.0170   -34.5210   111.1130   179.4100    38.9718
   505.0000     0.0001    26.1964   165.3840    -0.2036    85.8560    28.6164    91.2628
   505.0000     0.0001    62.6949   168.9010    35.5086   119.5870   -92.9824   179.6740
   505.0000     0.0001    -3.9625   186.9710   -33.3625    34.5798   202.9800    35.8918
   505.0000     0.0001     2.3613   199.2630   -37.2852    43.2983   207.7870    17.1949
   505.0000     0.0001    27.4075   166.0700    11.9423   133.8180    13.7748   145.4540
   505.0000     0.0001   268.6740    18.5480   143.1300    -7.1341  -142.4700    14.2690
   505.0000     0.0001     7.1734   180.5080   -32.0007    62.8928   160.5170    70.6757
   505.0000     0.0001    32.7730   174.4460    20.0925    56.4550    16.2362   149.3960
   505.0000     0.0001    65.3858   -31.9427   111.2340   -75.2989   -56.6976  -123.0520
   505.0000     0.0001   162.8150     1.5374   218.7830   -38.7459  -109.0900   -20.8084
   505.0000     0.0001     7.4403   165.1790   -12.3228    82.1494   111.1740   138.6660
   505.0000     0.0001    16.8564   185.6670   -60.1977    32.4928   238.7130   -48.6551
   505.0000     0.0001    23.9753   165.7070    -8.6630    73.2307   130.1500    77.3863
   505.0000     0.0001     6.8025   208.0970   -52.6944     2.5073   222.5590   -22.8538
   505.0000     0.0001    58.9843    -9.1206   106.6020  -109.5880   -32.4965  -124.3150
   505.0000     0.0001    86.3518    44.8641    59.1913  -147.8990   -39.6453   -90.5190
   505.0000     0.0001    37.1325   172.2550    15.2863    65.1937    23.5068   144.7570
   505.0000     0.0001   200.9980    14.5831   235.1330   -16.6454  -124.9370     8.3452
   505.0000     0.0001    50.8530    75.0017     7.2886   -96.4485   225.2240  -178.9540
   505.0000     0.0001    47.1334   208.9030    -0.1706    62.0865    -3.7153   140.9770
   505.0000     0.0001    45.8128   181.2380    -6.6105    67.5814    86.0130    77.8258
   505.0000     0.0001   -53.3699    45.9959   -40.9960   106.7260    -1.0680   106.6660
   505.0000     0.0001    -4.5738   176.0770   -32.6797    10.1003   232.4530   -12.9108
   505.0000     0.0001    -2.5385   178.0490   -40.9556    23.3966   179.0540    35.5555
   505.0000     0.0001    13.6384   204.7410   -14.7432    53.2465   -14.2189   126.3010
   505.0000     0.0001   135.1160    -9.5303   212.9650   -22.5095   -89.8830   -55.6588
   505.0000     0.0001    17.1460   168.9540    -6.8306    28.3838   133.3200    92.7167
   505.0000     0.0001    14.3316   197.1360   -33.8581    77.7984   160.0170    31.7049
   505.0000     0.0001    14.8317   -12.3410    75.2749    44.0074   -22.9170    22.0303
   505.0000     0.0001   248.0510   267.2140   124.9380   126.9810  -138.3890    61.0315
   505.0000     0.0001    37.9586   176.3120    -2.9265    57.8396    48.7124    80.9778
   505.0000     0.0001    57.8321   184.3240    30.0980   119.4620   -57.2749   131.7680
   505.0000     0.0001    18.2870   180.2730   -39.8097   107.3030    76.0053   101.2770
   505.0000     0.0001    45.3331    49.8927    47.0481   -83.4852    65.7101  -265.7130
   505.0000     0.0001     0.5487   136.0070   -73.3694     8.2187   193.0250  -124.2060
   505.0000     0.0001    26.9016    72.7505    27.0921   -39.1971   187.9560  -251.8000
   505.0000     0.0001    -1.6109   178.5480   -36.9212    24.3686   200.5230    27.1592
   505.0000     0.0001    11.2523    57.7675     4.3726   -13.3777   141.1870  -216.0490
   505.0000     0.0001    12.7715   118.5000   -12.7731   -39.0378   256.5580   -87.8598
   505.0000     0.0001   179.2640    -0.2870   220.1270   -27.6903  -125.2770    -9.3418
   505.0000     0.0001    20.3519   182.1930   -52.8802    15.3383   241.7460   -32.3978
   505.0000     0.0001    43.8020   200.0930    28.3806    98.9292   -35.2507   131.0060
   505.0000     0.0001    39.7607   158.8840    14.6895   156.7190    -2.8088   157.7590
   505.0000     0.0001     5.8976   198.3600   -25.6391    40.4089    13.6000   106.5740
   505.0000     0.0001    24.0663   148.8320   -32.7937    59.2461   235.5690   -88.7172
   505.0000     0.0001    21.5417   168.9240    -4.0616    18.9489   112.3370    98.4577
   505.0000     0.0001     4.5762   136.0690   -28.4876   -14.2998   234.0500   -75.3757
   505.0000     0.0001   183.0590    34.9052   206.3970   -33.3519  -108.3500   -33.8889
   505.0000     0.0001     5.3901   190.7270   -39.2849    57.3672   219.8150    17.6426
   505.0000     0.0001    32.9098   169.4860    13.8082    70.6633     1.8630   142.1260
   505.0000     0.0001     6.7120   205.2300     4.5135   117.6280    -8.9802   126.8370
   505.0000     0.0001    40.0942   181.0680    41.5789    87.5248   -63.3236   168.1890
   505.0000     0.0001    -9.7228   189.7150   -29.0439   116.1880   -29.3003   137.6240
   505.0000     0.0001     8.5057   184.5260   -33.1133    67.5601   168.5640    57.3829
   505.0000     0.0001    -1.5147   164.2940   -54.0756    19.2392   211.0790   -37.5885
   505.0000     0.0001    18.2787   156.8670   -85.5669    31.9748   195.8740  -119.7920
   505.0000     0.0001     4.7714   191.8270   -48.3877    66.7484   219.0600   -22.4724
   505.0000     0.0001    -2.5173   182.5250   -38.2843    26.6921   203.9060    21.1250
   505.0000     0.0001    35.3726   174.8940    46.3423    96.3393   -40.3882   172.2060
   505.0000     0.0001    24.9467   172.5600    -1.7081    45.9170    50.4413    69.6137
   505.0000     0.0001    -8.5419   172.4600   -63.3578    -2.4528   181.6170   -35.4538
   505.0000     0.0001    43.2475   171.7240    15.8305    71.6658   -18.4765   171.5380
   505.0000     0.0001    22.3814    57.4625    12.1957  -103.9740   155.2250  -181.1620
   505.0000     0.0001    49.9430   165.4320     4.0146   106.1140    78.9209   148.1060
   505.0000     0.0001    51.7832   206.1240     3.0171    73.6962   -46.1817   154.2280
   505.0000     0.0001    -4.3723   187.6950   -62.8754   -36.7406   226.8540   -45.7408
   505.0000     0.0001   -22.6638   106.6570   -42.2717   -48.5054   178.7780   -92.3939
   505.0000     0.0001    34.7361   171.6390    15.2980    53.1340    26.4242   149.9900
   505.0000     0.0001    -4.9269   189.3070   -41.6167    11.0793   210.3790    16.2699
   505.0000     0.0001   -11.3700   171.6330   -55.6240    30.0494   202.7860   -46.8382
   505.0000     0.0001   106.0110   102.7060   121.2100    -7.0338   137.2150   -54.4376
   505.0000     0.0001    44.2772   169.6900   -12.7760    69.0848   123.8260    95.2466
   505.0000     0.0001    45.6679   206.4130    11.9321    71.3721   -11.3030   148.5450
   505.0000     0.0001   -29.0634   131.6620   -65.7045   -59.4145   167.5490   -77.7001
   505.0000     0.0001    30.8055    82.1113     3.4132  -119.4160   231.8780  -145.8310
   505.0000     0.0001   -11.7692   148.3130   -58.5216   -10.2005   202.9430  -104.7590
   505.0000     0.0001    -7.1678   163.2570   -49.6978    -4.4204   202.6700   -15.8447
   505.0000     0.0001    71.2062   161.1640    51.6073   100.6180  -150.7930   170.0080
   505.0000     0.0001    42.8629   181.6580    -9.5821    47.2624    96.8085    77.0701
   505.0000     0.0001    14.5223   184.3550   -44.0204    54.5323   248.9580    -3.1881
   505.0000     0.0001     0.2947   180.7660   -41.9571    30.0113   169.9080    36.1001
   505.0000     0.0001    38.7254   167.2270     7.7739    60.1051    57.0584   144.9500
   505.0000     0.0001   226.0700     1.7204   137.2020   -46.7762  -131.9010    -6.6390
   505.0000     0.0001     4.6625   183.0110   -38.4178     7.9229   226.5560    36.6654
   505.0000     0.0001   162.8620    -5.7764   202.0350   -34.1054   -94.0707   -42.7340
   505.0000     0.0001    57.6851   156.8750    37.5587   170.4290   -37.2785   217.0830
   505.0000     0.0001    -6.8836    27.3780    22.4468   -55.7649    78.5230  -188.8410
   505.0000     0.0001     6.6776   195.3580   -39.7343    25.6188   167.4460    23.1301
   505.0000     0.0001    31.4581   162.0380   -39.0235    70.2761   233.1130   -25.6766
   505.0000     0.0001    25.6037   182.6880   -51.8862    24.3181   237.3660   -28.3419
   505.0000     0.0001    39.9878   193.9040    26.8893   107.0490   -27.8898   139.9240
   505.0000     0.0001    12.5478   196.1290   -28.7460    82.7083   205.0750    61.1298
   505.0000     0.0001    89.6166    -0.4550   123.1550   -83.4408   -36.4516  -128.4920
   505.0000     0.0001     9.8924   185.0050   -40.6784    67.5371   232.4700    21.8835
   505.0000     0.0001    15.9080   189.2990   -46.0556    -6.7327   241.9500    -2.3527
   505.0000     0.0001    39.0333   173.9070    13.6822    62.4494    15.5602   142.8660
   505.0000     0.0001    -3.2764   196.9360    30.9812    96.0386   -44.4694   108.7940
   505.0000     0.0001    26.3414   154.8900   -26.7479    35.8768   249.1430   -19.5711
   505.0000     0.0001    12.9036   200.4190   -28.7501    68.6180   192.4300    53.4174
   505.0000     0.0001   156.7710    -4.7919   171.9280   -59.9744  -100.0600   -48.3273
   505.0000     0.0001   -15.5632   110.1270   -57.4835   -13.9783   154.5290  -138.1140
   505.0000     0.0001    30.7543   170.5900   -35.7964    42.7858   244.0110    -9.7200
   505.0000     0.0001   290.8700    23.2615   180.2640    19.9776  -139.2900    28.8066
   505.0000     0.0001    37.1088   195.3430     0.4713   118.8510   137.8320    59.4289
   505.0000     0.0001   286.3380    87.7749   159.4270    35.2529  -155.6930    28.7728
   505.0000     0.0001    17.5062   191.4630   -52.0128    -2.8947   239.5660   -11.8667
   505.0000     0.0001   -13.8286   112.2800   -42.3201   -84.9615   179.7650   -62.3653
   505.0000     0.0001    51.2501   168.2400    12.2133   124.4860   -21.3359   169.0780
   505.0000     0.0001   182.7830    -5.8045   234.5770    -2.6253  -109.1380   -21.3472
   505.0000     0.0001    27.1580   103.5830    -3.3824     9.8297   273.3660  -153.4380
   505.0000     0.0001   -51.6885    80.7970   -49.1836   100.7380   -10.4191   123.9590
   505.0000     0.0001   152.6470    75.7170   111.7880    -8.1868    85.6806    34.0599
   505.0000     0.0001   -18.7643   181.3390   -64.0450   -41.6596   219.8320   -52.9354
   505.0000     0.0001    27.7895   156.9500    -4.8230    86.0709    62.8194   109.8590
   505.0000     0.0001   -15.0660   152.7980   -43.0798    25.8992   211.2300   -64.8362
   505.0000     0.0001     8.2730   138.5170   -28.5110    -7.5340   234.8810   -82.2993
   505.0000     0.0001    46.3842   190.5550     5.7192    80.9923    25.5001   113.6620
   505.0000     0.0001    34.8796   183.1220    -1.3657    67.5355    25.8238   102.8930
   505.0000     0.0001   173.9750   -33.1336   182.4790   -38.6174  -123.5220   -20.2263
   505.0000     0.0001    79.7264    27.8956    65.4658  -122.1320   -35.5246   -71.2204
   505.0000     0.0001    33.0647    51.6202    40.4738   -71.2160   115.4910  -246.5440
   505.0000     0.0001     6.0847   178.1330   -31.5195    66.3125   143.6700    48.9708
   505.0000     0.0001    60.5433   171.6270    23.9967   111.4990   -36.1345   174.8410
   505.0000     0.0001    -7.2420   174.4390   -56.8994     3.7482   188.0140   -17.7946
   505.0000     0.0001    23.0096   201.1130     7.6532    74.7834    15.0182   123.5830
   505.0000     0.0001    20.2803   107.3560   -12.4225   -79.1400   253.2440   -85.3381
   505.0000     0.0001     6.7120   205.2300     4.5135   117.6280    -8.9802   126.8370
   505.0000     0.0001   159.8890    20.3493    96.6714    33.9290    -3.0342    52.1519
   505.0000     0.0001    44.5792   184.3440     3.7141   110.2080   110.8910    97.1635
   505.0000     0.0001   120.1410    77.6495   118.0550    -2.0179   122.2870     2.4933
   505.0000     0.0001    -7.7823   197.3720   -11.7585    48.5969    -0.2853   110.3950
   505.0000     0.0001    43.4302   209.9160     7.0134    71.1885   -19.6503   137.0030
   505.0000     0.0001   144.3870    63.9667    90.0807   -27.5929    82.2834    35.9454
   505.0000     0.0001    -8.0858   186.1240   -34.3452    41.7376   204.1310     1.7571
   505.0000     0.0001    55.6727   165.0690    17.7153   115.5510   -11.8678   176.4040
   505.0000     0.0001     7.4688   173.9070   -28.5067    61.8686   201.2990    46.6582
   505.0000     0.0001    66.2188   171.3850    25.1845   100.2740   -36.9493   181.4810
   505.0000     0.0001    27.2747   205.6770    24.8323    86.9541   -20.0171   129.1710
   505.0000     0.0001   -17.6684   148.5600   -84.7189   -44.0702   188.1390  -119.3230
   505.0000     0.0001    44.8959   183.5290    -2.0405    79.5638    79.0489    80.9490
   505.0000     0.0001    -6.9271   161.4940   -54.3908     9.3648   200.4270   -34.0344
   505.0000     0.0001    65.0528   174.0360    29.3451   136.3730   -54.2965   170.7280
   505.0000     0.0001   127.1410    96.4930    81.1282   -80.0286   112.1290    28.7107
   505.0000     0.0001    -3.2617    93.7231   -27.0511   -82.5140   189.1760   -89.2639
   505.0000     0.0001    44.2760   163.0120    28.1483    83.2497   -35.3324   202.8620
   505.0000     0.0001    21.2584   203.2580   -20.1362    94.0957   201.6400    62.9693
   505.0000     0.0001   142.3000   -18.7008   184.5940   -47.9116   -86.2637   -54.6875
   505.0000     0.0001    40.4696   138.3680    11.9907   132.1430    -6.9721   -50.7147
   505.0000     0.0001    68.0670   150.6210    45.0043   162.4700  -121.3300   229.0940
   505.0000     0.0001    23.1984   187.4560   -51.9754    13.7742   239.0110   -24.2007
   505.0000     0.0001    20.3585   200.2780   -38.4305    39.6257   218.6970   -18.1779
   505.0000     0.0001    51.3784     3.9253   101.5650   -62.5735     7.7671  -164.7890
   505.0000     0.0001   -22.6083   111.1330   -70.9350   -63.4881   146.5270   -81.2546
   505.0000     0.0001     6.1399   138.7600   -26.0447    91.6667   -47.9083   190.4110
   505.0000     0.0001   -10.9997   159.9840    14.8167   183.0420   -66.2239   156.9910
   505.0000     0.0001    17.5562   192.4680   -40.3668    12.1158   172.2320    13.5041
   505.0000     0.0001    32.7352   156.4180     0.1922   108.3920    74.8236   131.0990
   505.0000     0.0001   245.2760    40.1799   272.4230    20.8914  -114.0030    29.2931
   505.0000     0.0001    -0.8698   178.1690   -51.2661    21.0972   175.8780     8.0534
   505.0000     0.0001    38.2689    74.4945    10.7080  -127.8000   215.7720  -173.4530
   505.0000     0.0001    47.2109   176.1940    13.0971    58.4217    11.7020   151.6160
   505.0000     0.0001    97.4230   -10.5363   153.7850   -47.6112   -54.4154  -111.3400
   505.0000     0.0001   223.6150    -2.4361   231.1850    -0.1081  -108.9560     3.4800
   505.0000     0.0001    29.6926    88.4693    -2.1745  -116.7310   238.9680  -130.0760
   505.0000     0.0001    -0.0262   173.5180   -63.3024    27.4175   226.3260   -68.7178
   505.0000     0.0001     8.9225   179.7350   -33.3816    76.0461   170.3850    53.2067
   505.0000     0.0001    45.1600   170.1700     1.7941    61.8522    24.9314   145.5930
   505.0000     0.0001    44.7095   181.2530    11.6623    72.3947   -11.0455   139.6030
   505.0000     0.0001   -52.9882   143.3480   -40.7650    32.6506    -1.5886    69.1366
   505.0000     0.0001     2.3222   112.8830   -11.3230   -39.2340   236.3590   -83.6822
   505.0000     0.0001     4.0461   177.3800   -43.6404    27.6087   176.2260    41.1038
   505.0000     0.0001    55.9748    -1.9788   106.5340   -93.5249    -7.4512  -139.2140
   505.0000     0.0001   193.0270    10.9096   155.3630   -59.8462  -135.3840   -26.2887
   505.0000     0.0001    28.5383   205.2330   -40.5915    62.7278   220.2770    34.0178
   505.0000     0.0001   -27.6648   148.2390   -78.3519   -39.7161   183.8580  -120.8140
   505.0000     0.0001   -10.5315   187.4090   -53.3700   -18.2095   193.3710   -12.1879
   505.0000     0.0001   -15.4683   153.0170   -57.2204   -10.5373   202.6640   -54.5429
   505.0000     0.0001    71.2021   205.8890     0.8184    64.6851   -37.5255   130.6960
   505.0000     0.0001    18.5017   176.9560   -45.5648    57.9048    73.0107    91.6475
   505.0000     0.0001    30.4306    19.0331    77.4653   -73.2696    21.0284  -197.8910
   505.0000     0.0001     3.9177   189.8420   -22.0452    47.8968   187.3000    74.4156
   505.0000     0.0001    10.6867   197.6260   -34.7372    67.6657   188.9440    42.5138
   505.0000     0.0001    21.3240    71.0629    24.9695   -61.0105   194.7760  -215.7610
   505.0000     0.0001   100.7950    -6.2421   158.7950   -43.1253   -61.2429  -113.2900
   505.0000     0.0001    22.0633   172.7750    34.5185   101.7130   -15.8194   167.0540
   505.0000     0.0001    65.9012   152.8410    47.9502   141.5960  -106.2000   222.5470
   505.0000     0.0001    36.1400   202.4100   -18.7831    58.5593    32.2045    84.7292
   505.0000     0.0001    15.8030   204.3200    -3.4952    61.3149   -33.4674   140.0360
   505.0000     0.0001   171.8650   -18.8143   192.0070   -28.3599  -104.1810   -44.0829
   505.0000     0.0001     5.8338   197.0630   -32.4045    64.6425   203.8750    36.1191
   505.0000     0.0001     9.2372   185.8720   -43.0955    62.0202   234.2860     5.5395
   505.0000     0.0001     0.6107   186.9120   -42.1550    63.8566   220.8600   -10.8885
   505.0000     0.0001    23.6945   175.2760    26.6387   129.2450  -144.3070   181.8860
   505.0000     0.0001    24.7742   171.0550    30.7737    57.2621     0.3238   175.9080
   505.0000     0.0001    30.5869   205.9380   -36.8328    66.8345   213.6140     5.9135
   505.0000     0.0001    33.3757   161.6840    -2.6331    58.8973    85.7089   132.4400
   505.0000     0.0001    32.7492   201.5130    26.0367    98.8493   -17.3269   132.4180
   505.0000     0.0001   109.0780    -1.9266   129.8990   -85.7831   -58.9886  -110.0900
   505.0000     0.0001    -7.8688   177.6130   -45.1372    26.1147   216.0560   -14.4883
   505.0000     0.0001   129.5220    70.7813   103.6270    -8.7943   119.8280    15.8640
   505.0000     0.0001    96.8621    24.5103   117.0770    27.6275     2.6706    27.6602
   505.0000     0.0001    75.8483    49.5577    59.3202  -153.5800   -25.9303  -111.2530
   505.0000     0.0001    17.0761   163.6580    -8.2204    57.4475   107.2750    74.1864
   505.0000     0.0001    47.9909   160.6210    33.3864   249.7850   169.7310    89.4090
   505.0000     0.0001    45.2092   208.3520    -2.6320    62.2366     7.3001   141.9270
   505.0000     0.0001     9.1348   197.1240   -24.8506    78.7650   208.8490    37.1885
   505.0000     0.0001     7.1936   186.3560   -31.4898    23.9799   165.5580    77.5328
   505.0000     0.0001    47.1803   169.9050    -1.8982    54.6238    45.7281   129.1300
   505.0000     0.0001    -6.3935   195.2400    -3.9615   129.6750   -32.7588   131.6700
   505.0000     0.0001   -13.0410   156.3260   -20.8411   130.0390   -27.5403   164.6700
   505.0000     0.0001    11.6664   191.0820   -54.8789   -14.0488   237.2660   -20.5590
   505.0000     0.0001    10.3069   161.3190   -40.4105    36.7688   215.0100    10.0048
   505.0000     0.0001    12.4566   170.0540     2.2739   155.4220   -93.6164   182.2090
   505.0000     0.0001    47.5688   157.5460    41.2905   131.4590   -83.1933   213.4860
   505.0000     0.0001   -11.5062   156.4540   -63.9517   -11.4683   210.4380   -76.2897
   505.0000     0.0001    39.6474    19.8670    61.5654  -102.8960    31.6717  -193.0120
   505.0000     0.0001    -8.8994   179.3710   -43.6725     7.9500   202.4120     9.2001
   505.0000     0.0001    84.6546   117.2830   104.5440   -20.7689   154.7910  -128.0150
   505.0000     0.0001    26.3115   172.7410   -37.5826    34.9794    97.4587    45.9257
   505.0000     0.0001   138.0820    38.7833   122.9800    17.7996    24.1015    34.6046
   505.0000     0.0001    55.1933   195.5990    14.0384   131.7720     7.8682   135.5180
   505.0000     0.0001   311.4980   133.4070   168.0200    52.7885  -142.1340    39.7293
   505.0000     0.0001   192.5150    -2.3245   223.2440   -11.5107  -114.2140   -20.5708
   505.0000     0.0001   -20.4156   148.7980   -46.6380   -47.5663   204.4550   -62.8672
   505.0000     0.0001     1.9556   201.4070   -44.1928   -19.3059   237.3990     9.4676
   505.0000     0.0001     1.4928   173.4230   -24.5653     6.2439   235.7390    -5.6652
   505.0000     0.0001   168.9060    -8.6446   201.3070   -29.2272  -102.9190   -41.0175
   505.0000     0.0001    68.1999    26.2495    83.4238  -111.5570    25.3607  -181.0370
   505.0000     0.0001   -14.4000   167.3780   -52.2089     1.7118   216.0070   -39.3982
   505.0000     0.0001   149.0220    70.6932   106.1620    -4.9970    78.9210    42.5599
   505.0000     0.0001   -13.0410   156.3260   -20.8411   130.0390   -27.5403   164.6700
   505.0000     0.0001    96.7978    46.2202    72.6294  -123.1900   -88.9077   -95.4392
   505.0000     0.0001   114.0400    82.9576   110.9230   -31.4501   122.7180   -22.8443
   505.0000     0.0001   149.9510    30.5585   183.7220   -46.8549  -113.5280   -71.7289
   505.0000     0.0001    44.6279   181.8690    16.8114    69.7301    -1.6462   137.6590
   505.0000     0.0001   253.7370    66.3301   143.7250     4.1003  -164.8820    19.9155
   505.0000     0.0001     4.7162   199.2170    -6.8984    80.7919    18.8357   133.8440
   505.0000     0.0001    17.7745   203.5140   -34.3944    77.8270   219.0940    37.4977
   505.0000     0.0001     1.4127   116.7230   -16.2249   -61.3626   232.2870   -63.5215
   505.0000     0.0001    17.4072   171.0400   -54.3223    53.7635   227.4690   -58.5382
   505.0000     0.0001    22.5524   165.0930   -37.1737    58.3435   211.4120    50.6621
   505.0000     0.0001    38.7650    61.5932    27.3490  -100.4330   147.4790   -98.0583
   505.0000     0.0001   -10.2382   179.1970   -47.5049     4.2336   198.9250    -5.2690
   505.0000     0.0001    47.5133   175.6400    17.6462    70.9404    -6.2175   166.8840
   505.0000     0.0001    12.5013   184.8610   -35.5545    83.5277   230.5940    23.7731
   505.0000     0.0001     4.4353   192.5720   -29.3588    70.6537   199.7440    39.5460
   505.0000     0.0001    -3.4335   175.4910   -56.9284   -11.8813   174.9230   -16.8122
   505.0000     0.0001   107.8970     1.0778   161.5140   -68.9492   -84.3312   -95.3267
   505.0000     0.0001   -16.0213   126.5130   -51.5736   -37.7040   197.9140   -92.3772
   505.0000     0.0001    36.2302   177.9050    30.6969   131.5110   -12.2723   166.7750
   505.0000     0.0001    48.2884   187.0230    -6.9714    54.7750    50.4282   106.4250
   505.0000     0.0001   118.4350   100.7740   105.7230   -68.3041    82.4024   -23.0854
   505.0000     0.0001    12.4537   169.9060   -39.4657    62.0496   193.3080    49.5578
   505.0000     0.0001     7.9011   186.2270   -43.0531    30.1426   159.1620    31.1037
   505.0000     0.0001    24.9467   172.5600    -1.7081    45.9170    50.4413    69.6137
   505.0000     0.0001     0.8199   204.8830   -31.9491    -6.4351   232.9400    40.5836
   505.0000     0.0001    48.6250    39.2445    55.7477   -67.5198    46.4629  -120.6730
   505.0000     0.0001    -3.3622   176.8040   -85.0965    16.7054   204.5620  -112.2620
   505.0000     0.0001     3.0740   194.6560   -57.2255   -26.8696   233.7100   -24.8986
   505.0000     0.0001    65.7300   174.2860    53.2019    75.4582  -107.2670   157.2620
   505.0000     0.0001   193.9050    -6.6436   218.9340   -24.9439  -119.6720    -2.4948
   505.0000     0.0001    -2.6070   127.9200   -16.4276   135.1410   -10.6897   208.3590
   505.0000     0.0001   283.9890   150.2910   126.9190    69.5969  -162.2610    26.5468
   505.0000     0.0001   156.6810   -20.3256   187.5990   -42.8107   -94.1394   -46.0429
   505.0000     0.0001    -3.4724   192.8410   -38.2199    16.1075   218.4800    27.4229
   505.0000     0.0001    41.9436   191.8720    29.0041   111.4620   -18.9326   151.3830
   505.0000     0.0001    19.4585   117.8220   -10.9625   -36.8926   272.0570   -80.1065
   505.0000     0.0001     0.4760   184.2130   -34.5137    61.5299   211.1480    17.3345
   505.0000     0.0001    24.4793    99.7489    -6.7187  -152.1020   212.5570   -93.4188
   505.0000     0.0001   109.2340    95.7279   107.0350   -59.6537   102.3130   -41.3131
   505.0000     0.0001     8.0253   183.3490   -43.4718    65.9882   218.5010    13.9349
   505.0000     0.0001     3.5857   142.9360   -57.1144    27.4341   181.6340   -42.0286
   505.0000     0.0001    48.6885     9.1088    73.4780   -61.1361    38.9196  -186.2970
   505.0000     0.0001     2.9574   180.2850    -9.5315    44.0252   136.6580    40.2465
   505.0000     0.0001   120.7760    -2.6812   180.3860   -45.6089   -81.0272   -79.2838
   505.0000     0.0001    10.5662   174.2050   -70.8037    16.1423   231.6260   -78.0858
   505.0000     0.0001    12.7715   118.5000   -12.7731   -39.0378   256.5580   -87.8598
   505.0000     0.0001    -2.7002   195.0940   -74.1093   -12.7550   233.7030   -71.2942
   505.0000     0.0001    48.2018   175.3350    22.2127    76.6569    -4.9407   165.7660
   505.0000     0.0001    11.2027   192.4600   -31.9937    29.2764   243.9940    55.3068
   505.0000     0.0001     4.0620   171.1690   -44.8262    42.1765   229.1420    -6.7751
   505.0000     0.0001    28.7244   170.5780     8.6059    54.5532    50.2920   118.5520
   505.0000     0.0001    31.5033   183.7350   -54.3893    40.6933   175.1330     2.0136
   505.0000     0.0001    41.8862   183.2540    -7.9304    37.0505   110.2050    81.9671
   505.0000     0.0001   123.7940    77.6672   113.8290   -22.5895   105.9970    10.9806
   505.0000     0.0001    38.8010   160.2210     6.9208   160.8860    45.7332   149.9510
   505.0000     0.0001   124.5650   -16.5885   197.1090   -30.0122   -85.0351   -67.6006
   505.0000     0.0001    35.5845   175.4160    16.2367    50.5794    42.2596   144.7340
   505.0000     0.0001    17.3203    83.3216     4.9543    12.8599   216.0400  -203.9850
   505.0000     0.0001   142.5990    15.3611   185.4630   -48.6571   -86.6912   -72.7354
   505.0000     0.0001     4.8390   137.8630   -67.7381    32.3417   195.7530  -108.5360
   505.0000     0.0001    31.3230   172.6630     1.1316   109.9050   136.0720    93.6022
   505.0000     0.0001    -6.9347   170.8920   -54.6182    -6.4887   193.4560    -6.6869
   505.0000     0.0001    14.1818    76.2302     4.3151     2.4329   190.1670  -211.1260
   505.0000     0.0001    55.8419   170.9840    32.0171    88.7094   -61.9175   192.5310
   505.0000     0.0001    -0.3184   175.3460   -27.8356   117.2960   -39.2646   164.7120
   505.0000     0.0001   -13.3016   178.4150   -57.0533   -23.3913   185.8450   -21.2388
   505.0000     0.0001    27.1610   192.9280    28.6361    95.5222   -17.0612   131.7290
   505.0000     0.0001    59.8425     6.4901    95.2895   -97.2140    11.3367  -153.3410
   505.0000     0.0001    39.7161    41.5575    43.6856  -107.5410   118.9610  -197.1460
   505.0000     0.0001     4.0154   192.8820   -31.0686    35.8261   246.9580    29.8992
   505.0000     0.0001    -7.6075   173.1660   -40.0899    -5.7308   201.6300    27.1004
   505.0000     0.0001    14.0247   174.0150   -38.9965    82.9830   233.9690   -49.8926
   505.0000     0.0001     2.2156   177.9360   -61.6184    37.0402     2.5037    87.4146
   505.0000     0.0001    19.5763   195.7260    22.1117    77.4719     1.4646   135.8500
   505.0000     0.0001    -8.4411   167.5900   -50.2385    -6.8777   205.9510   -14.7161
   505.0000     0.0001    17.8984   195.4540   -40.8506    12.8335   261.2600    18.6412
   505.0000     0.0001     6.5119   195.3420   -29.0638    54.1868   214.7150    60.1282
   505.0000     0.0001    29.4701   191.7360     2.7903    59.0527    15.1599   107.0500
   505.0000     0.0001    -3.0928   182.4880   -32.2761    45.5035   194.0550    38.4192
   505.0000     0.0001    15.7317   193.5200   -45.5897    32.1110   166.0330    28.9223
   505.0000     0.0001    13.0533   190.8090   -42.5406    70.0505   240.5950    -5.2965
   505.0000     0.0001    10.6327   191.3220   -33.2200    16.6136   145.4090    55.9579
   505.0000     0.0001    53.8946    38.0563    49.8183  -144.7880    75.6426   -56.2232
   505.0000     0.0001   228.7500   336.1800   120.5420   156.1910  -102.1200    48.9223
   505.0000     0.0001     4.3758   192.5460   -63.9259    44.7116   193.6330   -46.0013
   505.0000     0.0001    14.1155   162.2940   -25.7132    -7.2448   241.3390    46.9032
   505.0000     0.0001    15.7954   200.6710   -23.1364    23.8915   165.4330    59.0240
   505.0000     0.0001   -32.5355    41.4858   -18.6307    11.7333   -37.0374     9.8865
   505.0000     0.0001    17.0761   163.6580    -8.2204    57.4475   107.2750    74.1864
   505.0000     0.0001    62.9703   164.3350    35.1516    89.4660   -51.0749   208.7790
   505.0000     0.0001    95.8602     2.4811   211.7840   -24.6200   -81.2013   -72.9554
   505.0000     0.0001   132.4950   -24.1130   201.6710   -43.5879  -102.8610   -43.0721
   505.0000     0.0001   -14.7609   164.2410   -51.8716    31.8472   205.7120   -82.8397
   505.0000     0.0001    49.2262   185.2220     5.2232    87.1499    21.3488   121.9060
   505.0000     0.0001     7.6146   155.8840   -34.4011    10.6559   233.9270   -65.2909
   505.0000     0.0001     5.3901   190.7270   -39.2849    57.3672   219.8150    17.6426
   505.0000     0.0001   -10.6989   172.4490   -57.6332    -2.3203   198.6900   -26.5766
   505.0000     0.0001   100.0730    -4.4030   172.6600   -48.4206   -62.6302   -96.6929
   505.0000     0.0001    -2.7967   167.5040   -63.3669     7.8578   213.7030  -101.3730
   505.0000     0.0001    50.4379   184.3150    27.0898    97.6299   -28.3962   146.3130
   505.0000     0.0001    36.8671    64.1743   -11.6221  -111.2950   168.1690  -153.4500
   505.0000     0.0001     5.6699   187.6920   -42.5114    59.1097   226.4710    -4.8494
   505.0000     0.0001    10.3460   203.4920   -20.1650    51.8935   206.1930    67.6225
   505.0000     0.0001    53.9604   190.8510    11.8683    75.1677    11.4676   119.6420
   505.0000     0.0001    16.2053   136.8940   -34.7687    72.2369   228.8510  -101.7950
   505.0000     0.0001    46.3748   190.0750    34.6344   115.1480   -37.9975   148.8700
   505.0000     0.0001    23.6634   205.2680   -26.2647    43.1434   230.7630    59.5370
   505.0000     0.0001    10.5380   182.3670   -45.3923    41.0673   255.9440   -19.1729
   505.0000     0.0001   -12.4600   192.0770   -57.2236   -30.3514   212.5310   -35.0500
   505.0000     0.0001    55.7273   160.8970    10.5320   105.3700    26.5986   175.5230
   505.0000     0.0001   277.1020   235.0900   128.9940    98.1563  -147.4850    44.7647
   505.0000     0.0001   155.5800   -27.9108   201.3050   -29.5908   -92.1511   -39.6155
   505.0000     0.0001    52.2141   172.1580    23.5591    80.8909   -19.2348   183.1910
   505.0000     0.0001   144.6820    -7.8961    58.2219    25.6851   -13.1799    43.9210
   505.0000     0.0001    21.0251   177.9160     7.2090    27.5038   130.9570   155.7540
   505.0000     0.0001    78.9010    35.3721    97.7791   -83.6010   -19.0797  -205.7520
   505.0000     0.0001    32.3006   197.9800    18.0872    96.1749     6.5420   142.8560
   505.0000     0.0001    82.0917   -19.0453   121.5360   -72.8645   -73.0274  -126.0960
   505.0000     0.0001    14.6318   202.8950   -30.8626    80.9848   200.9640    26.7713
   505.0000     0.0001    15.2855   153.1010   -42.9315    48.3688   222.3860    -5.2361
   505.0000     0.0001    43.6061   151.9340     5.4662   112.0460    31.5755   174.3260
   505.0000     0.0001    42.5435   157.9390     6.4724    72.4180    38.4811   175.5570
   505.0000     0.0001    50.4524   -29.3177   127.5370   -64.6714   -40.4746  -115.6130
   505.0000     0.0001    20.2682   202.9820   -15.5272    64.5421   177.8870    24.7743
   505.0000     0.0001    -7.7755   137.2540   -44.2018   -40.7030   207.9880   -75.3565
   505.0000     0.0001   -47.7881    90.4716   -80.4321    63.0148   -12.0126   101.9490
   505.0000     0.0001    55.4356   167.6780    25.1235   110.9910   -51.3701   183.6070
   505.0000     0.0001    13.0070   110.7820   -35.1086   -55.6925   209.2820   -96.5898
   505.0000     0.0001    64.9661   188.1220    24.2957    77.5445   -36.1394   153.3900
   505.0000     0.0001    26.8826   143.2300   -77.9191    17.8529    -0.9437    57.1668
   505.0000     0.0001    25.1741    83.2017     2.8809   -26.2852   220.7840  -204.5890
   505.0000     0.0001    -5.2944   109.0580   -48.0595     0.6701   178.7800   -70.6546
   505.0000     0.0001    59.5712   -23.9019   168.2480   -30.3554   -64.1584  -103.4190
   505.0000     0.0001    55.6633   161.9940    10.2926   121.9880   151.0650   129.4990
   505.0000     0.0001    34.9390   199.7880    29.2844    98.0451   -31.5832   131.6170
   505.0000     0.0001    36.1435    30.9401    55.0156  -105.3120    88.0508  -186.2940
   505.0000     0.0001    75.0163    15.1059   112.7160   -71.1043    -9.0766  -166.2920
   505.0000     0.0001     4.8473   178.7130   -48.5583    58.7071   181.7450     5.4318
   505.0000     0.0001    23.2869   195.0170   -48.8603    35.5406   255.8860   -17.4246
   505.0000     0.0001    13.5886   200.0400   -27.6467    58.7671   153.0270    -1.5766
   505.0000     0.0001   -25.6414    21.2170  -103.2570    34.3950   -24.4856    78.7008
   505.0000     0.0001    24.1349   210.1130   -49.9845    38.3398   214.5010    -8.9961
   505.0000     0.0001    65.9804    24.7586   104.1110   -90.9258   -29.3758  -185.7520
   505.0000     0.0001    17.7068   103.8430   -10.8755   -79.8735   243.8700  -104.4140
   505.0000     0.0001    38.4974   178.4540    31.1869   118.9900   -29.4598   162.3130
   505.0000     0.0001   108.1600    89.1812   120.7620    -0.4726   124.7560   -53.8569
   505.0000     0.0001    33.3285   169.6220     1.2813    37.1979    51.1241   113.1960
   505.0000     0.0001    15.4361   172.9990   -48.4814    30.2080   229.6130    -4.6454
   505.0000     0.0001   147.2680    43.1035    51.1546    -1.7551    13.7075    46.1353
   505.0000     0.0001    41.8141   195.8740    42.5003    99.1428   -45.8808   114.3980
   505.0000     0.0001    24.6770   184.7100   -44.9091    11.0204   239.8280    -7.2069
   505.0000     0.0001    18.4478   211.6300   -28.4038    58.1241   229.7480    37.5064
   505.0000     0.0001   157.0500    83.7267    81.9364   -41.4620    43.0431    43.4054
   505.0000     0.0001    12.2780    74.3758     3.1221     2.4301   177.4590  -214.8370
   505.0000     0.0001    17.5615   138.2400   -42.6842    45.9165   224.6390   -30.5126
   505.0000     0.0001   149.1420     7.3913   186.7370   -48.2770   -93.3871   -62.8496
   505.0000     0.0001    17.9114   151.4120   -42.2565    72.6881    61.8037    30.0308
   505.0000     0.0001    87.6626   113.1880    92.1189   -78.3171   189.0610   -95.4956
   505.0000     0.0001    -1.8408   187.5030   -44.7124     4.5424   170.3240    22.2085
   505.0000     0.0001    10.8814   135.7990   -78.0005    -8.4484   186.1800  -113.3260
   505.0000     0.0001   128.5540    74.0498   122.5890     2.3830   103.5020     6.5874
   505.0000     0.0001    44.9157   167.5600    14.0225    63.9293    20.7512   175.9710
   505.0000     0.0001     5.8019   181.7100   -46.6717    31.4465   231.6000    -9.1994
   505.0000     0.0001     5.0919   199.8850   -44.6777    -7.0949   256.6620     0.7350
   505.0000     0.0001    64.0128    53.3893    23.5797  -137.3340   110.9390  -211.0740
   505.0000     0.0001   -11.3292   170.4510   -55.4881    -6.3082   210.8160   -31.8867
   505.0000     0.0001    11.9068   174.0230   -41.8445    40.1873   210.5230    31.3703
   505.0000     0.0001    18.8929   195.5250   -56.1154    54.5881   192.3100    -7.9732
   505.0000     0.0001    57.0238     7.1318    87.4491  -104.2350    15.1444  -156.8090
   505.0000     0.0001     0.7993   114.4650   -37.1875    28.2794   197.7910  -137.4490
   505.0000     0.0001     9.4262   187.1250   -33.6405    22.0496   141.7270    56.1369
   505.0000     0.0001    98.4401     7.8116   152.8810   -61.5616   -49.9974  -118.3050
   505.0000     0.0001    39.2064   142.3700   -40.9910   103.7490   224.4600   -68.2306
   505.0000     0.0001    -3.3513   176.7620   -36.3590    23.3929   205.8640    34.1683
   505.0000     0.0001    21.2566   187.8410   -48.3026    12.6701   249.3740    -8.5885
   505.0000     0.0001    -1.9138   141.3060   -28.6986   -13.8145   229.3180   -63.7945
   505.0000     0.0001    24.3584   200.0080   -45.3836    76.8209   181.4080     6.3078
   505.0000     0.0001    27.1610   192.9280    28.6361    95.5222   -17.0612   131.7290
   505.0000     0.0001    15.4149   203.8300   -26.5108    90.3683   213.7330    28.9717
   505.0000     0.0001   -11.1236   179.8900   -14.7375   125.9670   -28.3328   143.2520
   505.0000     0.0001     5.7930    93.4457   -31.0563    69.8104   173.9260  -165.8980
   505.0000     0.0001    -4.2578   169.2550   -46.5515    17.4671   206.0170     4.0643
   505.0000     0.0001    33.2962    13.4826   107.6220   -51.2088    -9.4225  -180.3480
   505.0000     0.0001    55.2275   173.4100    30.9828    92.6158   -60.5501   187.2680
   505.0000     0.0001   -13.5952   166.2170   -52.8278   -23.8580   199.4070   -19.8831
   505.0000     0.0001   202.2680   331.3620   127.2780   159.9130  -108.6750    56.0392
   505.0000     0.0001    57.6725    24.6478    76.3105  -120.3830    37.4795  -176.6460
   505.0000     0.0001     2.9987   184.6170   -33.5817    28.3695   159.0130    58.1471
   505.0000     0.0001    12.0605   119.3540   -31.0754   -67.0149   207.4550   -76.1406
   505.0000     0.0001   154.7380    -1.7353   134.9210   -95.2950  -108.0740   -48.4533
   505.0000     0.0001   -12.4338   166.3680   -55.4845    -6.1347   201.4480   -32.1001
   505.0000     0.0001    47.0743   184.6000    31.5146   103.3880   -44.3059   144.9410
   505.0000     0.0001    50.4843   163.4000    26.3043    90.2869   -19.7718   205.8010
   505.0000     0.0001    11.4126    90.2579   -20.9317   -76.0027   209.6840  -113.4260
   505.0000     0.0001   159.2780   -14.2369   204.0510   -24.5751   -93.3003   -47.0310
   505.0000     0.0001    18.8363   195.3390   -39.3492    96.5175   185.1350     6.5321
   505.0000     0.0001    11.4203   158.1050   -48.7747    20.6962   193.9130    19.2610
   505.0000     0.0001   104.6630    -1.3990   134.7720   -85.8845   -50.9022  -108.8860
   505.0000     0.0001    -6.5221   186.8300   -42.4873    20.9370   202.7110     9.8042
   505.0000     0.0001     2.4766   186.4090   -31.4230    17.1995   211.0220    66.1490
   505.0000     0.0001    47.6678   182.6040   -17.1818    63.4353   108.7660    55.8055
   505.0000     0.0001   276.7080   -12.3492   178.7040    11.0732  -135.1060    23.1894
   505.0000     0.0001    59.0316   160.6170    39.2142   178.4810   -42.5568   189.6610
   505.0000     0.0001   252.6470    33.4797   317.2260    44.4822  -117.0920    52.4382
   505.0000     0.0001   175.6650    -4.0833   220.3900   -25.0567  -105.1490   -24.6735
   505.0000     0.0001    -4.4567   151.5070   -44.3767    -4.6870   216.9110   -81.3740
   505.0000     0.0001    25.9811   197.0170   -34.5210   111.1130   179.4100    38.9718
   505.0000     0.0001   213.0100   -17.0765   126.7910   -50.8152  -134.5900    -6.5311
   505.0000     0.0001    19.4906   187.4980   -55.3140     8.3216   238.7710   -29.4526
   505.0000     0.0001    13.4052   171.1750   -45.1992    91.5631   208.4500    -1.6392
   505.0000     0.0001    46.9686   170.6610     7.7062   106.8380     3.3034   121.5560
   505.0000     0.0001   203.9250   -18.9866   266.5370    12.4491  -117.8340    11.3008
   505.0000     0.0001     8.2878   200.3810   -40.0872    27.4195   232.9620    24.1253
   505.0000     0.0001    16.8470   214.0500   -61.8217    24.9326   238.9710   -53.8640
   505.0000     0.0001     3.7542   192.8540   -41.1485    60.7486   209.9990    11.2096
   505.0000     0.0001   221.4220     6.4137   214.3330    -9.7014  -125.0970     3.4612
   505.0000     0.0001    47.8162   191.2350    -5.0019    79.7622    98.6155    64.6833
   505.0000     0.0001    -4.6912   180.0580   -47.9387    47.3235    -2.3017   105.9100
   505.0000     0.0001    24.2201   164.2950   -35.9474    89.1281   239.1830   -67.8694
   505.0000     0.0001     7.5929   177.9780   -31.2136    62.5661   175.9780    62.7157
   505.0000     0.0001    46.7827   -17.6831    66.9707   -83.7447    -9.1502  -159.1520
   505.0000     0.0001    98.5805   109.1340   133.1570     7.0725   115.2600   -57.9345
   505.0000     0.0001    43.9375   188.7180    41.2134    84.1919   -44.7700   165.9200
   505.0000     0.0001    31.9256    64.1051    28.7358   -45.5542   176.0890  -243.1100
   505.0000     0.0001    93.6408     8.0428   126.3690   -91.8629   -63.5234  -129.7120
   505.0000     0.0001    93.2136    -2.0937   116.8690   -92.1348   -27.5016  -121.7950
   505.0000     0.0001   260.8480    26.8239   148.0300    -4.2128  -148.3480    13.2473
   505.0000     0.0001    37.5285   173.6960    10.0322   135.8760     0.6565   108.0840
   505.0000     0.0001    37.6768   198.7690   -11.7147    56.9234    35.2271    94.2251
   505.0000     0.0001    45.0261   173.7060    -5.6198    44.7424    42.0649   110.1800
   505.0000     0.0001   114.1450   -10.2864   186.4600   -44.7533   -76.2427   -75.7847
   505.0000     0.0001    53.5461   169.0300    34.8906   117.5600   -71.2942   187.8560
   505.0000     0.0001     6.4380   181.1530   -32.3752    50.2460   189.7540    57.6576
   505.0000     0.0001    -9.6727   154.0310   -41.6858    15.0758   211.4270   -63.0728
   505.0000     0.0001    14.3642   199.3950   -51.2441     6.6809   207.1940   -31.5216
   505.0000     0.0001    15.6507   197.4170   -40.3613    12.5184   263.2930    18.6964
   505.0000     0.0001    60.3056   205.2160     1.1733    89.7894     1.6870   141.9350
   505.0000     0.0001    49.6284   158.6790     5.5483   117.5440    47.4839   153.3650
   505.0000     0.0001    57.5771   186.9610    26.3732   136.4300    32.4507   122.5720
   505.0000     0.0001   -20.7377   129.6530   -78.7147   -73.2177   159.8800   -94.4704
   505.0000     0.0001    17.7948   182.0590   -38.6768    65.6722   173.3480    40.6845
   505.0000     0.0001   133.0550    -9.7065   196.1590   -37.7102   -84.7318   -62.7799
   505.0000     0.0001     4.9976   175.3550   -40.5388    21.5819   240.4920    -2.4886
   505.0000     0.0001    30.7642   183.9190    14.5284   112.6720    15.6576   145.4310
   505.0000     0.0001    49.0841    30.4412    84.4706   -95.4191    16.9567  -205.6240
   505.0000     0.0001    75.3337    20.4586    65.9220   -94.8806   -19.9352   -69.6907
   505.0000     0.0001     9.9741   167.0130   -60.2035    -0.1057   221.7210   -39.3700
   505.0000     0.0001   172.2390    -8.4453   209.4230   -30.7690  -128.6480   -17.2687
   505.0000     0.0001    38.8414    34.9020    43.2732  -114.9580    97.2475  -191.2910
   505.0000     0.0001    10.8534   197.3500   -23.4918    73.4530   235.3960    44.6917
   505.0000     0.0001     4.0515   183.1690   -33.5396    31.4956   190.0800    60.6360
   505.0000     0.0001    90.0521    48.6467   127.9770   -70.3727   -67.9068  -178.6040
   505.0000     0.0001    -3.7779   185.6980   -47.5322    29.3853   199.5500     5.5554
   505.0000     0.0001     6.6144   187.4870   -40.9463    58.2440   212.6690    24.5276
   505.0000     0.0001    26.2191   197.9790   -35.8679    86.1966   228.0880    55.3629
   505.0000     0.0001    63.4789   191.4600    27.5668    78.5409   -33.1313   141.0680
   505.0000     0.0001     1.6952   133.8810    12.9088   215.6910   -56.3417   212.9370
   505.0000     0.0001    50.1099    31.9353    79.2110   -88.2080    43.3444  -207.6180
   505.0000     0.0001    -9.7854   114.0500   -49.3496   113.7830   -31.8211   182.0640
   505.0000     0.0001    25.6187   194.3700    -1.6209    98.0072    23.5644   110.9300
   505.0000     0.0001   253.2840    55.8397   247.9900    17.3400  -102.9300    19.3513
   505.0000     0.0001    10.2838   184.5600   -37.2085    36.1427   198.4380    60.7370
   505.0000     0.0001    16.6850   133.4700    20.1815   250.5240   -81.6993   245.0060
   505.0000     0.0001    47.3158   190.8230    38.2153   127.4230   -23.5763   151.7490
   505.0000     0.0001   -12.0867   164.1630   -41.5810     7.8459   208.2100    -4.1097
   505.0000     0.0001    19.5365   164.0230    -5.1197    34.8288    47.0568    99.7945
   505.0000     0.0001    -2.6635   173.5340   -47.6196    24.4324   214.6200   -17.5101
   505.0000     0.0001    41.3723    17.0779    70.6043   -99.8903    51.4644  -172.1610
   505.0000     0.0001    23.5505   174.5130     5.6511    54.5157    43.2656    99.4192
   505.0000     0.0001    28.0761    74.4866    13.3063   -89.3853   205.0510  -195.3850
   505.0000     0.0001    34.1489   168.8320    10.9765    50.0614    41.3733   152.1110
   505.0000     0.0001    -1.2836   180.3670   -44.3838    41.9891   200.6780    12.0710
   505.0000     0.0001    38.5029   166.6020    10.5662   125.6120     1.3650   152.3790
   505.0000     0.0001   113.9550   -36.8168   196.0380   -47.4642  -107.7960   -46.3454
   505.0000     0.0001    31.9056   168.3440    24.0102    71.5093    23.7009   178.0170
   505.0000     0.0001    16.4154   184.9760   -55.9297    62.3063   239.3660   -29.9234
   505.0000     0.0001    77.9417    23.3820    72.6407   -88.9935   -29.2546   -85.2918
   505.0000     0.0001   -10.7212   182.3810   -60.8528   -16.9221   229.4390   -50.3467
   505.0000     0.0001    17.7745   203.5140   -34.3944    77.8270   219.0940    37.4977
   505.0000     0.0001   -17.6684   148.5600   -84.7189   -44.0702   188.1390  -119.3230
   505.0000     0.0001     6.1848   182.3540   -37.2502    36.6854   171.0930    49.7228
   505.0000     0.0001    22.2996   161.2160   -24.8868    71.5387    97.0379    45.9841
   505.0000     0.0001    42.3575   162.8050    -8.5468    49.7738    51.7437   129.1510
   505.0000     0.0001    89.0595     0.3699   144.2970   -86.4776   -61.4596  -108.1110
   505.0000     0.0001     8.2821   203.0420    -2.8780   103.7990     9.5265   128.7230
   505.0000     0.0001    21.7468   194.6430     5.3524    86.0045    29.0492   128.8830
   505.0000     0.0001     0.6076   201.2000    10.8065    65.3382    -7.3038   126.6930
   505.0000     0.0001    -6.1847   170.1180   -49.8536    18.4299   218.0790   -27.7862
   505.0000     0.0001    -3.2418   172.5030   -51.6500    16.7941   223.9240   -26.2733
   505.0000     0.0001    35.2657   113.0930   -17.0046   -24.6571   253.8670  -130.4760
   505.0000     0.0001   100.8070   -19.7920   182.7130   -64.5039   -88.9610   -63.4874
   505.0000     0.0001    25.9649   202.5240   -43.3508    12.5368   227.4100    19.2003
   505.0000     0.0001   138.7940     0.8652   162.2450   -58.6897   -76.2556   -82.1814
   505.0000     0.0001    27.9914    88.1092     0.9473   -12.8810   253.4250  -175.1200
   505.0000     0.0001    49.2563    19.2706    49.5437  -117.9630    59.2271  -176.0780
   505.0000     0.0001    -0.3802   181.4220   -23.8148    25.4934   194.8640    79.9766
   505.0000     0.0001   -15.9268   173.6250   -70.5389     0.8545   204.9490   -78.4740
   505.0000     0.0001   113.9570    83.5696   132.0970     3.6480   103.8990    -4.8153
   505.0000     0.0001   -27.6648   148.2390   -78.3519   -39.7161   183.8580  -120.8140
   505.0000     0.0001     0.9946   149.6430   -50.4821   -56.4540   195.5530   -47.5633
   505.0000     0.0001    34.6331   181.0310   -44.4873    75.1341   245.4660   -14.5828
   505.0000     0.0001    80.8266    -4.7531    95.3146  -123.7400    -7.9290  -106.3070
   505.0000     0.0001     4.0219   208.7010   -31.6502    37.7419   229.9000    24.5003
   505.0000     0.0001    38.7039   168.7170     0.2066    72.3893   120.3260   124.8810
   505.0000     0.0001    69.2099   158.1150    61.1012   120.0910  -168.6780   142.0140
   505.0000     0.0001    39.3951   173.3870    -8.1165    15.6916    93.3627   112.3650
   505.0000     0.0001    12.2780    74.3758     3.1221     2.4301   177.4590  -214.8370
   505.0000     0.0001   154.7010   -36.7075   208.0230   -23.0317   -95.6789   -34.0070
   505.0000     0.0001   -15.4254   180.2180   -73.8027   -18.1977   215.7520  -111.0620
   505.0000     0.0001    27.7895   156.9500    -4.8230    86.0709    62.8194   109.8590
   505.0000     0.0001     0.6017   187.5630   -29.9549    53.0660   176.5500    48.8104
   505.0000     0.0001   -25.2712   144.8870   -26.9207   -39.2619   195.2820   -39.0275
   505.0000     0.0001    72.5756   157.6820    48.2628    90.0607  -131.5570   202.5260
   505.0000     0.0001    -4.0165   169.4060     5.2909   165.6710   -73.3641   163.3910
   505.0000     0.0001    -8.6835   177.4620   -60.3526    10.8838   212.2160   -49.3968
   505.0000     0.0001    -5.3080   133.7850   -44.2389   -63.4076   202.9200   -59.9913
   505.0000     0.0001   -11.3700   171.6330   -55.6240    30.0494   202.7860   -46.8382
   505.0000     0.0001     6.5226   186.5150   -40.6711    80.7382   194.9450    10.8878
   505.0000     0.0001    46.0580   153.1220    21.5396   166.6730    -3.6652   206.7200
   505.0000     0.0001    44.5304   157.6620    26.6546   167.7470   -26.5473   180.0690
   505.0000     0.0001    -6.5768   188.6410   -45.3338    11.6383   208.8900     7.7333
   505.0000     0.0001   154.5200   -33.3715   184.9110   -34.3764   -95.4585   -48.4696
   505.0000     0.0001    31.8058   183.9100    32.0641    90.6842   -35.7296   156.0140
   505.0000     0.0001   165.2850   323.7230    90.3474   177.5610  -109.8180    69.3839
   505.0000     0.0001   -63.8670    81.5190     3.0305   157.7890     4.8970    89.0935
   505.0000     0.0001    51.5284   167.2200    31.3589   159.3290   -13.3009   162.3640
   505.0000     0.0001   201.2550    16.2466   158.2140   -58.8488  -129.1930   -21.0237
   505.0000     0.0001     8.2730   138.5170   -28.5110    -7.5340   234.8810   -82.2993
   505.0000     0.0001   179.1800    -3.2989   216.1470   -31.1870  -115.3720   -17.1540
   505.0000     0.0001    44.6279   181.8690    16.8114    69.7301    -1.6462   137.6590
   505.0000     0.0001    26.0727   104.5760    -2.6656    27.8075   251.9710  -188.2480
   505.0000     0.0001   161.6880   -33.8645   217.3380   -24.1077  -111.4350   -22.1538
   505.0000     0.0001    48.4124   159.3660    18.3892   123.6390   -30.1625   185.9140
   505.0000     0.0001   191.1200    47.5377   232.3550    -7.8458  -115.8930   -23.7829
   505.0000     0.0001    23.7505   190.3170    28.1484    88.4947     2.3173   146.9400
   505.0000     0.0001   138.9950   -20.1586   167.0390   -68.6329  -101.2250   -46.5249
   505.0000     0.0001    55.8971    24.6542    83.3326   -70.7662    27.3550  -206.5290
   505.0000     0.0001     8.7519   195.3700   -23.3733    71.1053   177.7840    62.5732
   505.0000     0.0001     2.9565   197.2530   -64.0394   -20.6604   227.6970   -43.0801
   505.0000     0.0001    44.4041   183.0970    -4.5128   101.4630    98.6449    65.5838
   505.0000     0.0001    11.6831   198.1860    10.5545    74.5425     8.1059   141.5850
   505.0000     0.0001   -12.1323   185.9270   -67.8954   -35.5401   200.5130   -48.9750
   505.0000     0.0001    40.4398   163.4670   -16.0485    53.9180    96.8311    98.7092
   505.0000     0.0001   172.7080   -37.7313   213.7390   -14.7581  -109.2150   -25.7572
   505.0000     0.0001    11.3183   195.4730   -35.5967    74.8413   185.2320    38.5882
   505.0000     0.0001   112.3290    -9.0167   163.2030   -66.5018   -70.0207   -83.3832
   505.0000     0.0001    -4.4022   181.0500   -59.3524    -8.7759   180.0170   -14.2680
   505.0000     0.0001    25.0881   163.6520   -32.4118    60.4301   241.0570   -40.4940
   505.0000     0.0001    92.6537   116.4770    89.0219   -81.4648   197.1150   -91.1544
   505.0000     0.0001   -24.2815   172.2460   -68.5984   -45.8371   205.4320   -74.2748
   505.0000     0.0001    41.2358    21.6542    74.2367   -91.2030    25.4173  -198.3220
   505.0000     0.0001   119.1080    -0.7871   147.3900   -78.1283   -63.7390   -91.2982
   505.0000     0.0001    42.3267   194.6070    25.2558   108.1960   -16.7663   145.7700
   505.0000     0.0001    52.1161    29.1728    64.8785  -112.7460    68.8426  -186.7920
   505.0000     0.0001     8.3308   183.5380   -32.2386    37.5490   185.2250    77.9937
   505.0000     0.0001     1.1158   191.2430   -34.6533    10.9326   156.0380    42.4918
   505.0000     0.0001    29.7808     9.2599    61.9557  -107.7710    54.2913  -149.0860
   505.0000     0.0001   166.0290     1.1227   206.7350   -31.9998   -98.1762   -40.0628
   505.0000     0.0001    19.5258   184.5540   -59.5196   -14.4968   215.6270   -46.8855
   505.0000     0.0001    34.5662   180.5060    17.9584   125.4650  -161.9690   169.2490
   505.0000     0.0001    94.3931   106.5770    86.4087  -133.0570    94.3731  -107.5000
   505.0000     0.0001   128.8190   -23.5999   130.2630   -99.0940   -86.5589   -57.2753
   505.0000     0.0001   134.6030     2.2119   169.8520   -57.9631   -83.1113   -81.2629
   505.0000     0.0001    47.6054   112.9230    30.0833   -50.8031    61.9094  -382.3720
   505.0000     0.0001    -2.4393   163.6930   -55.3972    -5.3025   188.5430   -11.6539
   505.0000     0.0001    -7.9576   113.4140   -38.6379   -87.0863   187.1360   -61.0816
   505.0000     0.0001    34.6154   171.3940     3.8228    34.9053    55.7257   128.9960
   505.0000     0.0001    28.9625   191.7520   -38.7166   107.4070   135.7010    15.5242
   505.0000     0.0001    -8.2416   103.3380   -27.4098   -31.7217   200.6770  -112.5980
   505.0000     0.0001    13.7941    92.9945    -1.6424   -26.8879   239.4660  -151.3720
   505.0000     0.0001    36.1849   165.8570     8.2935    56.6526    58.5445   153.6950
   505.0000     0.0001     3.4952   186.4510   -38.1092    51.8312   210.8480    33.9220
   505.0000     0.0001    13.7308   163.1320   -35.8205    59.5031   243.3180   -32.1163
   505.0000     0.0001    10.7589    98.6418   -18.9221    43.0454   202.4140  -173.4770
   505.0000     0.0001    80.2075     2.4325    91.4109  -128.5360    -8.3812  -121.0640
   505.0000     0.0001   288.9380   231.1350   133.1190    99.7609  -142.2910    42.9233
   505.0000     0.0001    26.7743   166.8730    -2.8078    13.6169    76.5488   125.9410
   505.0000     0.0001   183.6510    22.4736   222.9550   -22.6760  -111.0270   -24.1220
   505.0000     0.0001     7.4346   180.1700    -2.7236    19.5532   136.1410    70.3621
   505.0000     0.0001     0.1085   196.2060   -38.7870    45.5568   212.8220     8.5277
   505.0000     0.0001     7.0965   179.3500   -30.6884    47.9069   171.2170    68.8510
   505.0000     0.0001    18.8676    36.6016    31.9590   -58.9195    87.0532  -219.4810
   505.0000     0.0001     3.9556   181.9190   -30.9453    39.9314    48.5202   111.8940
   505.0000     0.0001   114.0420    84.2830   118.6410   -17.1532   118.4760   -19.9989
   505.0000     0.0001    81.5231    17.2341    96.0598  -118.3710   -27.8186  -157.1380
   505.0000     0.0001    -5.5618   176.4270   -52.2459     6.1631   193.9270    -6.0898
   505.0000     0.0001   132.9000    -9.2194   195.6460   -38.6620   -86.0636   -62.4043
   505.0000     0.0001   175.3860    17.4851   207.2350   -32.6770  -102.9690   -36.5459
   505.0000     0.0001    -0.6201   182.3990    15.0532   131.7870   -66.7344   143.5510
   505.0000     0.0001    33.5672   178.7070    20.8431   113.5300    62.1608   122.2710
   505.0000     0.0001   116.6950    97.7820    89.4287   -99.4760   107.6010   -13.0363
   505.0000     0.0001   -10.2870   147.2260   -36.8518    10.6986   207.8120   -82.6271
   505.0000     0.0001    54.5831   165.3620     9.5895   118.9590    -1.7228   153.2800
   505.0000     0.0001    16.0518   197.4610   -49.5469    15.0126   193.2380   -12.5146
   505.0000     0.0001    64.9386   159.4990    28.4619   137.8420   -55.9237   216.0820
   505.0000     0.0001   101.4010    41.8976    87.4356  -100.4060   -35.8981  -197.3960
   505.0000     0.0001    -3.6072   179.3810   -44.7924    24.2978   184.4390    21.1267
   505.0000     0.0001    -9.1334   173.7430   -54.4603     6.3966   210.1430   -24.1299
   505.0000     0.0001   313.5010   212.5990   177.4630    91.5491  -127.6170    53.0696
   505.0000     0.0001    88.3242   -22.6753   155.7980   -42.7251   -62.1872  -108.3160
   505.0000     0.0001    13.6884   197.2770   -28.1650    28.4514   160.7470    45.8892
   505.0000     0.0001     1.6479   162.3170   -22.6339    46.9947    99.1429   114.1090
   505.0000     0.0001   -14.6372   178.4500   -65.8069   -48.6949   218.4580   -58.2451
   505.0000     0.0001    22.2337   188.5780     0.4458    77.3724    23.8482   109.9520
   505.0000     0.0001    -1.3693   187.3670   -41.0052     4.2093   210.1130    29.9682
   505.0000     0.0001   255.6220     1.5713   256.4440    17.2776  -129.5010    44.9463
   505.0000     0.0001   -10.8938   191.6210   -43.9294   -18.7857   195.3200    12.0251
   505.0000     0.0001    74.4707    26.2703   117.2080   -69.2087   -13.5435  -177.2930
   505.0000     0.0001    60.8185    43.2114    27.7124  -134.0960    89.9991  -204.4690
   505.0000     0.0001    -1.4066   188.5110   -37.7711    46.6708   235.6860   -25.5972
   505.0000     0.0001    21.1328   182.2630   -48.3290    99.7015   151.7150    -8.6420
   505.0000     0.0001    46.5407    14.4660    78.3973  -106.8030    27.7633  -169.9290
   505.0000     0.0001    56.9979    85.5504    -2.3122   -53.0594  -111.2390   143.4470
   505.0000     0.0001    62.9745    67.3115    82.0229  -131.3990     4.2774  -256.9610
   505.0000     0.0001    28.9625   191.7520   -38.7166   107.4070   135.7010    15.5242
   505.0000     0.0001    59.6445    33.5256    67.7644   -68.2932    11.5469  -121.4380
   505.0000     0.0001   231.2030   309.3100   113.0420   154.7380  -118.7180    41.7382
   505.0000     0.0001    18.0057   200.7050   -39.9769    -1.3587   229.6030    23.2877
   505.0000     0.0001     9.8235   138.8080   -20.0202   -46.9473   247.2900   -38.8232
   505.0000     0.0001   171.8650   -18.8143   192.0070   -28.3599  -104.1810   -44.0829
   505.0000     0.0001    -7.1530   185.8550   -43.9487    17.2698   216.5400     3.1084
   505.0000     0.0001    11.8549   108.4140   -14.1561    12.0116   230.3170  -149.2460
   505.0000     0.0001   -12.1255   188.2200   -33.4844    38.5875    17.6636    92.7757
   505.0000     0.0001     4.1192   179.8270   -35.0881    39.4361   183.7590    48.3337
   505.0000     0.0001   145.0660    -4.1520   186.7100   -50.9726   -91.7768   -57.0475
   505.0000     0.0001    13.6839   158.5300   -84.0893    28.8438   192.2460  -130.3140
   505.0000     0.0001   154.9480    37.9424    30.5020     4.7636     0.4965    49.4764
   505.0000     0.0001    38.8698   187.1280    15.9571    66.0138    -1.6727   127.2250
   505.0000     0.0001   155.8810    14.7948   187.2340   -41.6543   -96.5748   -66.0680
   505.0000     0.0001    42.6852   197.3660    -2.9693    66.3342    25.3351    97.0205
   505.0000     0.0001   -14.3800   184.7490   -39.9055    44.4701     3.7560    93.4408
   505.0000     0.0001     9.8924   185.0050   -40.6784    67.5371   232.4700    21.8835
   505.0000     0.0001   129.7660    84.1134   -67.9689    15.8940   -21.1410    50.5948
   505.0000     0.0001    12.8251   155.9110   -67.9902    57.1313   200.7070  -104.5160
   505.0000     0.0001    55.8969   179.3030    17.8478    83.6153     3.5584   149.1070
   505.0000     0.0001    75.2073    20.7054    68.1529   -93.9963   -37.2646   -73.6906
   505.0000     0.0001   157.0140    -3.0765   183.1080   -43.9544   -93.1734   -58.9817
   505.0000     0.0001   188.7590    -9.3670   194.8940   -30.7581  -102.7950   -25.2451
   505.0000     0.0001    36.4923   176.4620    -3.8562   113.8580     9.7153    94.3540
   505.0000     0.0001    -7.6725   178.4770    15.2132   147.7160   -63.5824   147.2720
   505.0000     0.0001   173.1730   -13.4428   239.8380   -15.2129  -104.3310   -12.4630
   505.0000     0.0001    48.1297   174.2560     9.1898    94.3503    43.1659   129.5380
   505.0000     0.0001    30.1576   167.1790    -0.6630    38.4783    17.2575   122.2570
   505.0000     0.0001   106.7280    91.1597    96.8732   -74.1726   134.7890   -19.3433
   505.0000     0.0001     5.7803   183.3600   -32.8086    64.8503   217.7530    26.1309
   505.0000     0.0001    -5.0427   188.5060   -35.5606    19.4781   206.8530    33.1528
   505.0000     0.0001    16.6847    25.8581    71.2604   -44.4097    53.7990  -200.6930
   505.0000     0.0001    17.3272   183.1410   -69.8954    51.9929   192.9750   -42.6613
   505.0000     0.0001     6.7848   180.4050   -34.4462    51.3932   184.0140    57.5485
   505.0000     0.0001     0.7763   105.1380   -31.6852   -59.0759   203.5990  -101.1450
   505.0000     0.0001    38.0585   165.7770     6.6251    71.2404    80.0210   147.6780
   505.0000     0.0001    -7.1518   174.5920   -40.0463     3.7242   208.6560    21.5357
   505.0000     0.0001    36.8488   160.4310    -5.0819   135.5490    56.4166   121.2970
   505.0000     0.0001    51.7055   165.0270     8.8924    86.3694    38.4140   163.1420
   505.0000     0.0001   -11.1655   193.6610   -14.8029    62.6515    28.7480   101.9750
   505.0000     0.0001    67.4488   152.7700    49.3724   105.0180  -114.2910   234.4630
   505.0000     0.0001    66.1345    36.4899    94.5686   -83.1454     7.6823  -211.3420
   505.0000     0.0001    -3.6080    93.9491   -23.0876   -37.0392   199.5050  -123.7320
   505.0000     0.0001    26.4648   200.1990    26.3940    78.4077   -18.5311   143.3150
   505.0000     0.0001    28.6113   166.6100    -3.3208    65.6806   110.6010   127.1200
   505.0000     0.0001     4.7260   155.3720   -67.4864     6.8238   206.8540   -63.1851
   505.0000     0.0001   101.9080    85.3854   117.2970    -9.3289   130.9880   -26.1285
   505.0000     0.0001   110.1250    18.6948   157.1200   -71.1898   -81.2067  -110.9000
   505.0000     0.0001    59.9561   150.4540    30.2264   123.8070   -45.6658   258.9690
   505.0000     0.0001    38.9550   210.7120    15.7187   106.6970   -67.7889   142.2650
   505.0000     0.0001     6.5585   130.3460   -30.8477   -72.0071   201.3920   -52.6301
   505.0000     0.0001    15.8551   181.1060   -41.1178    90.6826   220.4900    15.6980
   505.0000     0.0001    36.2562    74.3977    18.4597   -44.6799   215.5470  -236.3070
   505.0000     0.0001    28.5270   202.5930    10.5577   111.6260    20.9961   136.1900
   505.0000     0.0001    -8.7072   168.7590   -58.4606    19.5466   218.3600   -62.6489
   505.0000     0.0001    33.5656   157.7570   -65.3303    42.3561   203.4000   -89.1658
   505.0000     0.0001    13.8753   181.8040   -41.3651    12.2108   194.1220    53.4342
   505.0000     0.0001     6.8031   193.6970   -33.3812    70.3686   194.6830    35.1109
   505.0000     0.0001   268.6740    18.5480   143.1300    -7.1341  -142.4700    14.2690
   505.0000     0.0001    90.3373     9.1064   107.2330   -99.3216   -30.4712  -143.7170
   505.0000     0.0001   -44.5011   118.6640   -52.8779    87.1247    -7.3655   125.9300
   505.0000     0.0001    44.8496   195.0850    11.1287   112.1850   126.6530   117.3790
   505.0000     0.0001    42.2104   176.5720    56.7650   102.2170   -83.0254   154.3770
   505.0000     0.0001    43.4544   177.4780    -9.0555    88.7096    71.1338    60.0763
   505.0000     0.0001   142.6720    75.4589    97.3369   -35.6841    79.9978    33.8407
   505.0000     0.0001   108.9660    -0.8741   144.0310   -79.5113   -72.2097  -104.7740
   505.0000     0.0001    56.9370   171.9310    11.8413    97.7244     9.4667   156.2140
   505.0000     0.0001   172.4230     5.5219   194.2550   -46.5126  -112.3510   -29.6793
   505.0000     0.0001    12.0790   121.4430     7.9046   197.3350   -10.1206   254.8590
   505.0000     0.0001    71.2062   161.1640    51.6073   100.6180  -150.7930   170.0080
   505.0000     0.0001   135.6790    37.3875   106.9330    11.3229    30.6084    38.0042
   505.0000     0.0001    10.9093   182.3560   -37.4413    44.4922   189.0320    53.4928
   505.0000     0.0001   256.7570   162.6540   117.6860    71.0016  -180.9100    29.2274
   505.0000     0.0001    71.9104   132.4090    91.3167    17.4009   131.1470  -214.6000
   505.0000     0.0001    69.2944     0.8701   107.4400   -54.4392   -12.2521  -166.7520
   505.0000     0.0001    10.5689   168.3220   -46.2445    20.8164   192.8030    36.8333
   505.0000     0.0001    42.4228    -3.4886   121.8100   -61.6147   -25.1690  -146.8060
   505.0000     0.0001     0.0084   167.3380   -43.2435     7.6457   205.2960     9.0361
   505.0000     0.0001   115.3450    89.3708   115.0440   -58.4056   115.3920   -56.8498
   505.0000     0.0001    -9.6263   160.3350   -60.0941    -9.7854   192.2280   -36.3766
   505.0000     0.0001     7.1445   193.6110   -61.2325   -20.0715   224.2090   -38.0085
   505.0000     0.0001    16.8470   214.0500   -61.8217    24.9326   238.9710   -53.8640
   505.0000     0.0001   184.9250    36.5687   226.3680   -16.5896  -113.1300   -27.2099
   505.0000     0.0001    64.3195   170.0030    27.0216    99.0021    -7.6508   185.7330
   505.0000     0.0001   -13.0738   166.1890   -39.1148    17.1332   196.0930     7.9064
   505.0000     0.0001    -7.7921   171.4540   -63.4867     3.2923   210.6650   -53.3983
   505.0000     0.0001    -8.2859   201.8440   -41.9990   -13.1541   215.4930     8.4647
   505.0000     0.0001    -0.9578   181.2380   -13.8514    42.4604   139.8160    22.4259
   505.0000     0.0001    68.4729    -1.5495   137.0310   -74.7689   -49.5349  -130.7170
   505.0000     0.0001    39.7607   158.8840    14.6895   156.7190    -2.8088   157.7590
   505.0000     0.0001     4.7613   194.4350   -21.1094    48.3340   188.7920    71.2851
   505.0000     0.0001   -12.0707   175.1110   -55.5111     7.7102   193.1380   -24.9493
   505.0000     0.0001    91.4832    39.0194    83.3562  -104.0820   -73.9795   -86.5029
   505.0000     0.0001    -5.6962   193.1450   -50.0251     9.5147   227.6720   -12.1521
   505.0000     0.0001    46.8712    41.2101    38.9850   -69.7761   102.5310  -231.7240
   505.0000     0.0001    58.0524   181.1410    35.3819   143.0480   -52.8125   152.2710
   505.0000     0.0001    62.9618   158.7520    45.1136   162.3530  -123.1330   188.5500
   505.0000     0.0001     6.3322   199.4730   -42.0513    38.5273   255.7030    -1.8797
   505.0000     0.0001    49.9376   201.3570    27.8541    96.9305   -46.1900   121.3510
   505.0000     0.0001    14.7524   182.9170   -48.7782    20.1915   157.2430     9.1936
   505.0000     0.0001    81.6215   -23.7138   121.0710   -77.8173   -45.7260  -115.2920
   505.0000     0.0001    11.9890   200.0970   -18.8968    57.9337     9.9602   119.7120
   505.0000     0.0001   -65.0851   107.5210    47.6157   -90.8908    -2.2650    21.7905
   505.0000     0.0001    11.8335   109.7550   -28.3555   -78.8189   218.6200   -77.8725
   505.0000     0.0001    63.2683   177.4560    23.7666    92.3420   -24.8912   159.9560
   505.0000     0.0001    91.7962   117.7530   123.8630   -18.3528   110.4330   -85.0885
   505.0000     0.0001    52.3692   176.1250     7.1097   101.7790    13.0666   135.0530
   505.0000     0.0001    -8.5419   172.4600   -63.3578    -2.4528   181.6170   -35.4538
   505.0000     0.0001    47.0743   184.6000    31.5146   103.3880   -44.3059   144.9410
   505.0000     0.0001    45.2080   172.4330    52.6991   128.4650   -81.0814   150.4470
   505.0000     0.0001     4.4209   187.1830   -33.8317    62.1030   199.3580    45.4883
   505.0000     0.0001    44.2158    26.2331    48.6373   -80.9263    92.5533  -193.6900
   505.0000     0.0001    15.9080   189.2990   -46.0556    -6.7327   241.9500    -2.3527
   505.0000     0.0001     5.0737   185.7260   -30.3932    80.2873   188.6220    46.0976
   505.0000     0.0001     8.5397    15.8721    50.4124   -30.6556    50.2443  -200.2320
   505.0000     0.0001   -26.4189   157.3640   -20.7369   120.0720   -19.3164   143.9840
   505.0000     0.0001     4.7811   143.5150   -42.1654    19.1535   225.7320   -36.8370
   505.0000     0.0001    31.4864    25.2368    50.7885   -87.2755    56.3230  -207.1810
   505.0000     0.0001    -7.9360   187.8040   -47.3216    38.3517   207.1280   -24.9454
   505.0000     0.0001    39.8491   164.2570    28.2104    95.2718   -25.3280   188.0130
   505.0000     0.0001    42.5723   178.4910    13.9452    57.4106    32.0273   139.3930
   505.0000     0.0001    65.8994   162.5940    38.8065   123.9890   -76.9178   216.8410
   505.0000     0.0001    16.2556   176.7440     0.3162   131.2130   -85.1978   171.5330
   505.0000     0.0001    36.7947   196.8220    29.7798    70.9870   -39.4781   136.8540
   505.0000     0.0001    52.7233    29.9790    51.1355   -71.6561    93.4093  -205.6570
   505.0000     0.0001    26.7504   169.9600     1.5060   128.8470    28.8845   111.3010
   505.0000     0.0001   122.5690     9.6542   158.4550   -73.8401   -82.0058   -92.8845
   505.0000     0.0001     7.4688   173.9070   -28.5067    61.8686   201.2990    46.6582
   505.0000     0.0001   293.2080   212.5880   143.4580    84.2394  -144.8310    51.6408
   505.0000     0.0001    61.2871   181.7980    29.0122    79.0486   -15.5470   155.3740
   505.0000     0.0001    32.0343   172.7690     0.3676    31.9715    86.9295   105.0500
   505.0000     0.0001    52.5691   180.0710    22.5493    83.0685   -28.5316   158.0560
   505.0000     0.0001   132.8970   -21.0333   165.1720   -63.6746   -90.1475   -62.7944
   505.0000     0.0001   111.9730    -5.6107   143.7020   -68.3212   -52.3838  -102.9680
   505.0000     0.0001    47.8814   174.5710    -9.2158    64.4974    95.7761    91.8235
   505.0000     0.0001     7.5656   119.1870   -18.6295    27.8920   234.5340  -121.6740
   505.0000     0.0001    44.9343   179.9070    18.1690    71.5406    -5.2747   157.7450
   505.0000     0.0001   208.6350     9.2823   207.2590   -16.3653  -122.5120   -11.6892
   505.0000     0.0001    75.5888   139.2620    74.7699   -44.4365   150.1270  -243.1120
   505.0000     0.0001    54.2082   154.5440    43.1916   126.6580   -98.0919   227.5560
   505.0000     0.0001     6.1287   174.9380   -49.8847    50.6928   223.9990   -28.0638
   505.0000     0.0001    62.7655   153.4780    46.4069   107.2440  -123.5340   234.8350
   505.0000     0.0001    58.6197    13.0480    94.0601   -84.9584    16.6128  -171.7320
   505.0000     0.0001   101.1610     8.9397   149.7690   -64.7899   -58.2953  -121.4670
   505.0000     0.0001    -3.9049   191.0170   -58.5976   -36.6237   223.4500   -32.8631
   505.0000     0.0001    63.7551    10.3164    92.1486   -61.3804    17.4658  -180.6390
   505.0000     0.0001     4.8140   126.2610   -25.7248   -49.8204   232.0440   -67.2656
   505.0000     0.0001   101.9620    27.9258    80.3706  -101.2260   -61.3128   -56.9146
   505.0000     0.0001   136.8750   -26.0209   181.7310   -63.6016   -92.3829   -37.1005
   505.0000     0.0001    25.7666   195.9370     7.7178    63.0117    13.4611   117.4070
   505.0000     0.0001     6.5159   192.9520   -25.8551    49.5159   208.9970    66.3575
   505.0000     0.0001   213.7600   -11.6909   202.6120   -15.4027  -113.9960    -8.9099
   505.0000     0.0001     5.4209   183.1060   -32.1680    37.6080   215.1970    64.1719
   505.0000     0.0001    36.4914     6.4066    62.9476   -78.4371    16.4172  -191.0970
   505.0000     0.0001    62.9457   167.7190    30.6677   149.8110   -69.4336   174.8700
   505.0000     0.0001    49.1697   174.7140    -1.8274    94.6013    47.9268    96.7196
   505.0000     0.0001   -29.7607    68.9007   -98.3689    42.2721   -13.4845    95.4243
   505.0000     0.0001    60.6651   183.0820    24.7235    85.8606   -14.5622   144.0660
   505.0000     0.0001    -0.7968   142.3330   -34.1488   -15.6105   225.6980   -68.5082
   505.0000     0.0001    13.7588   160.6560    15.4634   193.7120  -122.2200   190.2490
   505.0000     0.0001    40.5181   173.6570    -4.8938    72.0935    56.2309    80.6437
   505.0000     0.0001     1.9256   184.3070   -31.8597    58.1131   188.0820    48.9307
   505.0000     0.0001    11.1819   172.8490   -52.1473    27.8277   238.0670   -48.7650
   505.0000     0.0001    12.8199   197.1380   -29.5818    77.7931   197.9090    59.0332
   505.0000     0.0001    70.3313   164.8930    35.2887   140.3070   -84.3981   186.3360
   505.0000     0.0001    60.6838    20.4091    65.2914  -123.1810    24.8736  -180.9480
   505.0000     0.0001   116.1450   103.9900    95.6864   -95.7550    86.4837   -25.1430
   505.0000     0.0001   131.8080    84.8312   108.6860   -33.7566    90.4634    20.9762
   505.0000     0.0001    -4.2478   182.0860   -44.6721    35.1962   213.6840    -8.4208
   505.0000     0.0001    75.0163    15.1059   112.7160   -71.1043    -9.0766  -166.2920
   505.0000     0.0001    10.0399   176.8170   -60.2057    35.7598   165.0510    -1.9510
   505.0000     0.0001   -21.1566   140.4120   -65.4439   -70.2343   160.3980   -60.9655
   505.0000     0.0001    10.4588   206.4470   -29.0221    49.0840   208.1070    38.6295
   505.0000     0.0001    18.7858   102.0500    30.0840   339.3560    34.7354   214.3620
   505.0000     0.0001   119.3730   -32.6168   197.7190   -33.0590   -85.4253   -57.2622
   505.0000     0.0001    51.3784     3.9253   101.5650   -62.5735     7.7671  -164.7890
   505.0000     0.0001    18.8929   195.5250   -56.1154    54.5881   192.3100    -7.9732
   505.0000     0.0001    29.7302    77.5673    20.1464  -110.0840   210.2340  -209.2020
   505.0000     0.0001   127.6180     3.7130   152.6910   -68.0965   -72.7532   -95.5730
   505.0000     0.0001   299.0490   268.9440   176.9970   106.8450  -114.0210    71.7371
   505.0000     0.0001     3.2799   180.5680   -36.1743    31.0226   175.5800    49.7453
   505.0000     0.0001   173.0070   -12.5266   249.1430    -1.1467  -111.9690   -13.9558
   505.0000     0.0001   112.6790    34.0642   160.7100   -50.2782   -77.2635  -123.8330
   505.0000     0.0001    54.3280   162.6860    17.1409    89.9327     0.7134   194.7400
   505.0000     0.0001     5.7138   193.8990   -55.5815     9.7673   181.9100   -20.2737
   505.0000     0.0001    59.3070   151.1840    36.9745   142.7340   -97.2452   246.3280
   505.0000     0.0001   257.1060   270.8390   134.5860   129.0550  -137.7340    45.1621
   505.0000     0.0001    42.2000   180.6910    -5.3947    65.4080   141.7760    85.7898
   505.0000     0.0001    44.1563   117.0120    13.8723    36.5837   -27.7785  -239.1760
   505.0000     0.0001   108.1600    89.1812   120.7620    -0.4726   124.7560   -53.8569
   505.0000     0.0001    56.1955    17.6350    91.1710   -87.6606   -17.4881  -191.8210
   505.0000     0.0001     0.5888   183.2040   -39.7615    62.0969   206.8780    -1.1880
   505.0000     0.0001    21.9865   159.6030   -39.1791    54.8631   241.6670    -3.5461
