#         t          m          x          y          z         vx         vy         vz
   425.0000     0.0001   -10.0046   202.8180    63.7904    53.4431  -182.8970   -77.1243
   425.0000     0.0001   125.9950   167.9770   139.0250    50.0564  -145.5560    70.8744
   425.0000     0.0001    94.7846   124.1390   140.8760   -10.0827  -177.1880    45.0234
   425.0000     0.0001   144.0320   173.8980   170.4090    84.7798  -148.7530   122.6640
   425.0000     0.0001   117.4840   129.4190   165.6620    45.2542  -174.6700    91.5870
   425.0000     0.0001   138.1140   183.9120   170.6460    96.2596  -142.2190   111.3130
   425.0000     0.0001    88.3536   160.0200   162.5900    28.6912  -152.9620    75.4748
   425.0000     0.0001   115.9270   146.5500   149.4870    18.5368  -164.2180    81.3735
   425.0000     0.0001    89.4770   331.8030    70.5314   225.3710   -40.0104    82.2667
   425.0000     0.0001    50.8894   141.9260    89.9388    29.1257  -152.7660   -86.5245
   425.0000     0.0001   132.4630   134.1020   149.9580    55.6823  -172.0510    80.3068
   425.0000     0.0001   111.5640   138.6090   142.4220    52.1725  -163.8490    28.5889
   425.0000     0.0001    22.8558   184.0560    -2.0899   166.6490    20.7486   247.6010
   425.0000     0.0001    85.9644   137.8120   146.4300     7.2611  -139.5810    18.2852
   425.0000     0.0001   140.5890   152.7080   166.8330    84.1810  -154.4800    98.8002
   425.0000     0.0001   106.7000   154.8110   115.8420    12.9762  -171.9510    15.6429
   425.0000     0.0001   101.9390   124.9280   160.4120    17.5384  -200.3670   110.9940
   425.0000     0.0001   151.8690   154.6360   148.8220   104.5730  -173.0350   106.6870
   425.0000     0.0001    22.2707   143.7380    61.1568   -31.4388  -190.1410  -205.0780
   425.0000     0.0001    36.8461   133.2280    47.6018  -103.0330  -194.1250  -202.7800
   425.0000     0.0001    85.0829   154.5800   129.9960    15.6036  -163.6510   -21.1381
   425.0000     0.0001    41.5881   133.4540    17.0473    97.5983    14.1046   209.8330
   425.0000     0.0001    35.4701   151.9800    97.8351     2.5741  -160.8070   -74.0842
   425.0000     0.0001    40.2137   139.8990    78.7628   -32.2601  -185.5040  -100.5720
   425.0000     0.0001    83.4431   153.5120   134.4500    43.5544  -165.5580   -18.0231
   425.0000     0.0001    75.7284   159.9420   141.9920    61.9905  -157.9680    10.9068
   425.0000     0.0001    -1.9344   132.8570   -19.8766  -190.4280    30.7606  -316.9390
   425.0000     0.0001   116.7680   177.5800   159.0150    89.3849  -146.5920    73.5350
   425.0000     0.0001   122.5850   137.8750   144.7180    45.7780  -169.5490    59.3668
   425.0000     0.0001    10.1147   229.2730    10.8728    17.9295  -205.7150   -25.3229
   425.0000     0.0001    74.0646   173.2930   140.6510    55.8488  -152.9560    22.5626
   425.0000     0.0001   125.1670   152.8250   148.1390    37.7954  -159.1250    79.7744
   425.0000     0.0001    98.6989   135.3030   123.7190   -20.3483  -183.0120    27.9535
   425.0000     0.0001   150.4190   162.7350   177.1040    97.4806  -148.3840   126.4440
   425.0000     0.0001    93.9899   144.0660   146.5670   -20.9392  -175.6630    65.3243
   425.0000     0.0001    46.0130   182.8710    98.7022    29.6319  -175.5270   -54.6820
   425.0000     0.0001    -3.4993   213.2480    13.2198     3.8943  -226.3880   -54.7285
   425.0000     0.0001   107.7130   143.9040   152.4030    62.3189  -160.0270    33.7632
   425.0000     0.0001   118.7670   124.1790   146.1020    29.6776  -172.2790    73.1638
   425.0000     0.0001    94.5911   145.2380   125.8150    10.1210  -167.8630   -23.4411
   425.0000     0.0001    91.3625   142.9640   124.6610    -2.9033  -198.8180   -19.5975
   425.0000     0.0001    12.5763   140.2320     1.8342  -166.3370   -57.2840  -399.9750
   425.0000     0.0001    92.5315   127.4250   130.8700   -17.0152  -186.1280    14.9626
   425.0000     0.0001   125.9920   137.9400   150.7550    52.9304  -164.6980    70.1319
   425.0000     0.0001   -12.8772   175.2760    -6.3875    68.0535  -317.2140   -74.6332
   425.0000     0.0001    86.9000   150.7840   148.3950    -6.8342  -142.8330    27.3629
   425.0000     0.0001    -7.5663   131.0180   -37.4546  -117.0210   -13.7029  -301.9090
   425.0000     0.0001   124.5610   166.2350   148.4590    82.6089  -154.8690    60.2309
   425.0000     0.0001    97.2750   143.7200   131.7720    12.9230  -151.1020    -4.1028
   425.0000     0.0001   104.2980   148.7180   107.3180     6.7454  -168.7400    11.6371
   425.0000     0.0001    28.2108   135.4730    61.8761    -4.2206  -154.9880  -216.0810
   425.0000     0.0001    67.0245   159.6320   139.9850    50.5519  -160.6210     7.4368
   425.0000     0.0001   150.7830   183.9750   175.5930   106.2780  -139.1870   128.0500
   425.0000     0.0001    98.4948   145.6850   126.9180     7.7200  -158.4900    -8.0727
   425.0000     0.0001    64.1420   163.4390   119.9340    45.5047  -194.7870   -15.4541
   425.0000     0.0001   -23.5523   122.2230    18.3287   -61.5172   -42.8503    51.8114
   425.0000     0.0001    73.8572   166.5720   145.0570    16.3089  -156.4780    42.6729
   425.0000     0.0001   121.4800   155.4860   133.0340    46.7802  -167.7010    47.2163
   425.0000     0.0001    88.8065   142.7280   127.5010     2.5445  -145.6860   -27.1188
   425.0000     0.0001   110.2210   143.0600   138.4440    35.9300  -160.5120    25.5400
   425.0000     0.0001   -24.3054   179.9160     3.6109   135.4150  -299.4060   -64.6175
   425.0000     0.0001    43.7805   142.2980    97.5693     1.3727  -147.0670   -52.6659
   425.0000     0.0001   173.2470   184.0380   165.8170   133.7810  -113.5250   130.9810
   425.0000     0.0001   148.0030   150.4150   151.2170    79.8068  -178.5170   116.7540
   425.0000     0.0001    90.5324   143.9810   123.2450   -13.6758  -152.9640   -31.0766
   425.0000     0.0001    46.7117   180.8280   118.1550    32.6005  -151.5680   -21.2079
   425.0000     0.0001    14.2067   132.5940     7.1951  -155.4940    16.9179  -383.5850
   425.0000     0.0001   147.4590   153.0800   172.4590    96.1182  -149.9390   120.7740
   425.0000     0.0001    -5.0144   122.3750   -14.7653  -273.4330    17.4435  -275.3690
   425.0000     0.0001    10.1764   227.8950   104.9930    28.9721  -105.0780     0.8368
   425.0000     0.0001   -17.6066   130.1580    18.4208   -76.9587    72.1858   110.5410
   425.0000     0.0001   100.7600   187.8020   165.0640    51.7856  -128.6650    92.8788
   425.0000     0.0001   113.4220   139.4980   134.8220    13.1779  -157.4440    51.9547
   425.0000     0.0001   105.3910   165.2530   129.8350    66.8559  -168.5630    14.2394
   425.0000     0.0001    91.7771   149.0190   142.2770    40.1833  -148.5920    14.5984
   425.0000     0.0001   113.7910   139.9770   136.9550    11.9226  -169.2390    59.6720
   425.0000     0.0001   136.9140   165.5740   170.1040    83.1782  -148.1380   100.9870
   425.0000     0.0001   -13.8825   192.7040    -4.4429    58.3049  -290.5880   -48.7125
   425.0000     0.0001    21.5764   153.4110    28.9469     6.5340   229.7510    24.9669
   425.0000     0.0001   160.4150   163.7110   157.9900   112.8800  -139.8400   122.8670
   425.0000     0.0001    67.0459   149.3300   136.5330    26.2862  -134.6630    33.3152
   425.0000     0.0001   171.3290   243.7380    85.7513   182.9480  -132.9050    90.6616
   425.0000     0.0001    94.4144   134.1020   135.5440   -23.9979  -166.6600    37.3664
   425.0000     0.0001   123.6880   170.2860   157.8070    48.4210  -164.1760   105.8160
   425.0000     0.0001    46.4256   189.4780   122.0290    54.1200  -126.5070    -9.6846
   425.0000     0.0001   133.1070   176.2100   162.5380    84.9927  -146.6870    92.3425
   425.0000     0.0001   130.5380   132.0640   154.0200    56.6103  -170.5660    84.9748
   425.0000     0.0001   139.6560   136.8250   188.0780    91.4700  -167.1720   137.1490
   425.0000     0.0001   110.3870   166.3940   135.6380    68.5332  -167.2190    28.1589
   425.0000     0.0001    94.6289   148.0390   126.6380    -5.8855  -152.8440   -11.2799
   425.0000     0.0001    94.8893   144.0220   144.7560   -18.3296  -180.8920    57.7951
   425.0000     0.0001    48.3148   164.7280    73.4939     2.3578  -205.9540  -122.5930
   425.0000     0.0001    21.8147   123.0790    16.5406  -147.9770   -76.3343  -329.7590
   425.0000     0.0001    41.2631   138.9950    80.8055     0.6416  -207.1430  -110.9970
   425.0000     0.0001    90.3202   143.7810   141.6830   -11.9480  -211.2450    43.9657
   425.0000     0.0001   106.4260   134.0380    99.2947   -34.6153  -194.1060    32.2153
   425.0000     0.0001   113.6330   173.0010   142.9320    73.0621  -162.6860    48.7166
   425.0000     0.0001   133.3100   181.3100   151.2490    63.1571  -159.4170   114.4300
   425.0000     0.0001   100.7600   187.8020   165.0640    51.7856  -128.6650    92.8788
   425.0000     0.0001   138.3750   285.0440    72.3103   217.9950   -95.9223    84.4719
   425.0000     0.0001   105.4230   145.6570   133.1300   -11.6029  -169.2390    58.5997
   425.0000     0.0001    95.0684   149.3560   139.5660   -21.8122  -159.0700    46.7552
   425.0000     0.0001    96.2818   149.3110   148.2780     3.3258  -154.1050    38.0520
   425.0000     0.0001    80.2505   127.0700   146.9590   -35.0158  -177.9650    56.2444
   425.0000     0.0001   105.5210   156.1010   153.7200    19.0849  -196.1120    99.5986
   425.0000     0.0001    -1.1034   192.9790    -5.8537   203.4830    83.7507   194.8350
   425.0000     0.0001   138.1140   183.9120   170.6460    96.2596  -142.2190   111.3130
   425.0000     0.0001   -23.3218   193.6520    14.3012   101.0750  -271.7390   -69.4026
   425.0000     0.0001    32.0890   136.5020    49.1855  -106.9180  -194.2780  -217.2290
   425.0000     0.0001   105.6140   156.6030   156.8590    34.5903  -148.3100    60.9810
   425.0000     0.0001    -9.7703   196.4190    -8.4907   262.6100    73.1186   170.2440
   425.0000     0.0001    -3.4306   228.8640    42.8196    14.5041  -165.1620   -42.2346
   425.0000     0.0001   -10.6794   109.7750    29.1290   -60.7166  -130.3900   124.1210
   425.0000     0.0001   119.1080   182.1910   167.8510    95.0018  -137.2610    89.0381
   425.0000     0.0001    36.2526   164.7850    73.3109    12.7506  -198.7200  -149.7030
   425.0000     0.0001    55.9829   138.1050    92.2048    -2.8271  -179.2010   -54.8655
   425.0000     0.0001   118.9600   138.0370   177.3250    51.4504  -155.2600   106.2350
   425.0000     0.0001    98.2173   137.3130   140.2980   -14.1875  -158.8030    46.1690
   425.0000     0.0001    53.5424   157.3600   126.0890    56.9336  -158.4830   -27.3767
   425.0000     0.0001   -13.2326   136.6550   -19.8587    81.9300  -373.5620    17.9803
   425.0000     0.0001   162.7410   180.5690   111.5750    95.7837  -177.2470    88.1641
   425.0000     0.0001    93.8128   149.0910   124.6810    32.7901  -169.0840   -34.2096
   425.0000     0.0001   103.5170   155.6350   119.8860    40.7580  -177.6200   -11.0732
   425.0000     0.0001   111.6270   131.1350   137.5850    19.5979  -164.6370    47.4796
   425.0000     0.0001    95.1030   145.8300   129.2970   -31.4331  -163.5730    27.1286
   425.0000     0.0001    53.7995   139.9450   135.8590   -14.1859  -124.5900    -2.8638
   425.0000     0.0001   -16.3696   108.5120    25.0025   -61.1205  -129.2840   107.9120
   425.0000     0.0001   113.3880   130.9080   136.8830    24.9609  -165.0670    46.4450
   425.0000     0.0001    56.6099   139.8010    58.8617   -28.1213  -173.8630  -154.8160
   425.0000     0.0001    87.6298   152.4440   140.1020    32.0540  -156.7800     1.9155
   425.0000     0.0001   131.6720   163.5140   147.2080    54.2923  -177.4710   114.7700
   425.0000     0.0001    52.1266   165.6380   109.7820    37.0454  -171.4830   -41.2635
   425.0000     0.0001    77.1458   146.2950   141.5770   -17.3356  -144.5720    -3.8294
   425.0000     0.0001   -12.7614   133.6740   -31.7511  -215.0650   -28.2266  -244.5100
   425.0000     0.0001   177.9200   230.1530    96.3099   186.2730  -133.8490   103.5290
   425.0000     0.0001    23.3240   143.6720    46.2832  -121.3750  -203.5820  -237.2340
   425.0000     0.0001   -15.2362   172.9310   -10.6554    91.2786  -312.6610   -59.6001
   425.0000     0.0001    93.6696   129.4820   164.1920    24.0977  -163.8900    63.2073
   425.0000     0.0001   101.1480   122.7470   152.0450    15.3919  -178.7700    60.3172
   425.0000     0.0001   133.0320   172.5590   165.8900    85.3141  -150.2840    97.0255
   425.0000     0.0001    95.3591   137.1140   142.3240    -0.8600  -153.2030    27.0446
   425.0000     0.0001   104.1670   142.6540   144.2130    48.2982  -154.3060    18.2666
   425.0000     0.0001    36.7585   134.8480    61.4830   -42.3403  -195.8420  -174.6620
   425.0000     0.0001   105.4050   143.2250   131.1560    -7.7229  -184.0070    54.6630
   425.0000     0.0001    97.8939   146.9340   132.5240    19.1835  -168.3620    -1.2555
   425.0000     0.0001    94.3814   122.8160   140.4970    -2.4187  -165.7170    37.7498
   425.0000     0.0001   -10.0287   152.0720   -19.3912   127.8570  -352.1090    34.3210
   425.0000     0.0001    27.2785   119.0220    40.8947   -74.9498  -107.2870  -262.9470
   425.0000     0.0001    88.6143   147.1650   122.7230    -2.8161  -179.3620   -30.1044
   425.0000     0.0001    46.5069   138.6520   102.0120   -26.0867  -126.4730   -20.6208
   425.0000     0.0001    38.2248   132.2700    91.4863   -29.1260  -159.7550   -68.4902
   425.0000     0.0001   155.1410   276.0320    82.2797   195.3660  -107.6180    96.8005
   425.0000     0.0001    90.4993   144.2660   125.6870    14.3737  -180.3330   -36.8509
   425.0000     0.0001   -90.8699   374.5330    14.7683   159.0750    83.5891    75.2260
   425.0000     0.0001    70.0128   125.9470   153.4560   -25.8918  -160.6230    56.4180
   425.0000     0.0001     2.7567   191.6990    11.4786   352.5080    90.0513   170.8490
   425.0000     0.0001    55.7134   136.4230    92.9547     0.1256  -151.9310   -65.6534
   425.0000     0.0001   122.3220   322.5000    64.4512   222.5660   -53.3156    78.8196
   425.0000     0.0001    90.5391   139.4270   147.1410   -26.2935  -168.4600    61.8033
   425.0000     0.0001   -13.4792   137.9980    -6.9008   333.4300  -355.4240    13.9936
   425.0000     0.0001   173.0300   191.1050   111.7320   153.5510  -162.6570   124.7790
   425.0000     0.0001   -37.0139   126.9440   -40.7451  -227.1250   -31.2973  -145.8620
   425.0000     0.0001    32.8936   150.5060   104.2180    -8.5505  -150.5280   -55.1957
   425.0000     0.0001    59.7017   150.2350    74.1709    14.3494  -146.6490  -121.5180
   425.0000     0.0001     5.7754   125.6190    -6.3437  -137.5750   -10.8732  -393.6760
   425.0000     0.0001    53.6597   144.1220    86.4277    39.9662  -168.4950   -99.4496
   425.0000     0.0001    22.8637   129.3160    23.0003  -107.9200  -108.7150  -349.5380
   425.0000     0.0001   110.2260   172.6380   171.7380    52.5382  -136.9370   108.0840
   425.0000     0.0001   -14.9656   134.3680   -45.5809  -140.1290   -18.2628  -252.6920
   425.0000     0.0001   -40.5323   125.6320   -38.3700  -225.9270   -71.9726  -128.3570
   425.0000     0.0001   150.7680   152.5830   140.3720    78.1484  -162.6180    92.0000
   425.0000     0.0001    33.0348   118.4090    44.2041  -115.8070  -136.7340  -206.8820
   425.0000     0.0001   111.2780   166.1400   151.7740    36.0037  -178.6430    78.6686
   425.0000     0.0001   165.6920   200.2980   116.0960   124.9110  -169.5430   104.0670
   425.0000     0.0001   113.3850   195.5610    66.7085    -3.7801  -111.9850    13.2486
   425.0000     0.0001    31.9176   171.4840    81.5181    11.8096  -196.5020  -111.9550
   425.0000     0.0001    59.1428   150.3160   142.2570   -36.3535  -147.8990     3.0951
   425.0000     0.0001    -6.4907   206.2540    62.0010    56.2831  -188.4010   -78.4207
   425.0000     0.0001   115.1640   149.3340   171.3350    48.2605  -146.1550    89.3870
   425.0000     0.0001    -5.0899   210.0070    12.0161    25.8291  -248.1560   -45.3868
   425.0000     0.0001   120.6100   147.8210   142.9470    29.5023  -160.0760    68.7685
   425.0000     0.0001   100.2900   142.2140   113.5930   -13.1913  -182.7800    11.2264
   425.0000     0.0001   -15.3121   169.3720   -11.1510   104.1340  -332.8910   -32.3626
   425.0000     0.0001   -29.6726   161.9940    13.1218   174.6940  -294.1660  -105.6150
   425.0000     0.0001    92.4206   129.7890   123.4240   -30.0537  -150.3950    19.0880
   425.0000     0.0001   -11.7583   113.8620    -1.0650    29.0671   -62.9704   -51.3434
   425.0000     0.0001   -23.7574   129.4310     9.6265   -67.4649    -5.0855     6.7030
   425.0000     0.0001    46.2046   138.5000    88.8431   -32.7891  -134.9140   -61.5394
   425.0000     0.0001    10.1764   227.8950   104.9930    28.9721  -105.0780     0.8368
   425.0000     0.0001    37.6191   166.5730    77.5510     3.6675  -188.8700  -134.9620
   425.0000     0.0001   139.9630   157.9880   160.0200    63.9828  -165.6830   123.2930
   425.0000     0.0001    93.7340   144.2050   125.0900    10.3950  -178.8000   -30.3243
   425.0000     0.0001    -9.2586   192.7300   -11.9561   235.5550   122.8300   175.0730
   425.0000     0.0001    99.5048   149.9420   131.8810    31.2964  -154.8560    -8.2720
   425.0000     0.0001   161.0730   195.7150   153.5170   121.4620  -138.7510   139.9120
   425.0000     0.0001    91.6972   138.9520   142.8170   -18.0003  -143.9760    34.8769
   425.0000     0.0001    68.5023   148.6040    90.8944    39.1690  -137.0930   -41.4560
   425.0000     0.0001   129.6600   166.9530   157.8340    51.6703  -154.5650    99.3391
   425.0000     0.0001    70.0934   158.0010   133.6270    41.2880  -166.6170    -6.6123
   425.0000     0.0001   130.0870   145.4910   165.2680    68.8812  -155.8830    99.4946
   425.0000     0.0001   104.1250   139.4040   151.5570    52.1001  -168.2400    32.3314
   425.0000     0.0001    92.2533   144.8300   123.0510    -7.8703  -175.2740   -24.1922
   425.0000     0.0001    90.0129   117.8070   131.1600   -13.6211  -165.2770    27.6013
   425.0000     0.0001    42.9997   356.8520    59.7567   218.8120    -0.1220    80.2934
   425.0000     0.0001   117.1580   149.3760   130.9860    26.9923  -166.4430    43.8080
   425.0000     0.0001    67.8095   131.5610   145.9600   -53.4582  -174.9000    55.1539
   425.0000     0.0001   -18.2278   220.5030    30.5364    35.0301  -190.5380   -58.7573
   425.0000     0.0001    -2.8954   197.5320    -2.3392   281.6050    45.7394   180.5070
   425.0000     0.0001   106.2670   136.1170   148.4220     7.0140  -159.2080    66.4613
   425.0000     0.0001   113.0640   131.2600   153.0550    23.8341  -155.1950    72.0830
   425.0000     0.0001    -5.4877   194.2390     2.7027    30.4498  -302.6460   -34.0501
   425.0000     0.0001    90.8235   147.3780   122.7220   -24.3394  -156.4940   -13.6573
   425.0000     0.0001    92.8362   145.8780   129.9010    14.2691  -163.3980   -22.0814
   425.0000     0.0001   -13.2630   176.7920    57.7232    82.1756  -213.9530  -139.6740
   425.0000     0.0001    -5.0144   122.3750   -14.7653  -273.4330    17.4435  -275.3690
   425.0000     0.0001   183.9960   201.0630   112.5450   159.9310  -153.2960   114.1180
   425.0000     0.0001    86.0812   135.6910   142.2310   -20.6797  -138.1230    27.2036
   425.0000     0.0001    77.6272   175.7090   151.1930     7.7827  -139.0380    70.5744
   425.0000     0.0001    40.7862   375.6190    48.4023   210.4260    16.0631    83.8573
   425.0000     0.0001   139.3140   133.2180   156.4240    71.4862  -173.7490    93.2913
   425.0000     0.0001    88.5272   151.4790   125.6510     2.5316  -185.4960   -19.0403
   425.0000     0.0001   -15.5804   210.5350    32.4904    53.6002  -221.3820   -64.1264
   425.0000     0.0001   142.8100   138.9380   177.5520    87.2363  -158.4960   118.4310
   425.0000     0.0001  -236.5410   245.8960   -31.5349    73.2195   102.8520    52.0359
   425.0000     0.0001   -11.8710   229.5140    51.7426    -6.9430  -141.4880   -40.4004
   425.0000     0.0001   107.6900   150.8800   129.9350    20.4280  -189.2160    35.4050
   425.0000     0.0001   137.2240   141.7860   145.6370    61.7198  -164.9350    86.3823
   425.0000     0.0001   -21.5665   182.4710    -7.2745    94.7703  -294.5590   -46.6913
   425.0000     0.0001   -10.2773   185.3950    65.0927    66.5175  -201.7590  -117.8290
   425.0000     0.0001    87.5577   150.5250   128.6860   -18.4703  -154.4950   -10.5816
   425.0000     0.0001   124.5510   152.4460   133.5550    47.2819  -153.2310    45.1546
   425.0000     0.0001    56.5604   188.8600   123.3510    45.1992  -154.6050    -0.2010
   425.0000     0.0001   132.0340   141.2630   157.9850    75.1842  -162.0620    79.1600
   425.0000     0.0001     0.0431   195.9880    -5.3734   199.2600   102.2730   180.1420
   425.0000     0.0001    31.3255   139.9830    61.1664    -6.6956  -174.7420  -210.4150
   425.0000     0.0001    75.1306   167.4680   132.7020    52.4548  -161.6870     6.9573
   425.0000     0.0001   141.1970   323.7670    86.9091   211.8790   -50.2038   104.7050
   425.0000     0.0001   109.3570   143.3810   121.7560   -13.1434  -205.1360    66.4351
   425.0000     0.0001   139.8170   147.5780   165.5020    58.8082  -162.8800   137.7100
   425.0000     0.0001   -12.6066   189.6010    10.5578    27.0813  -272.4790   -95.2365
   425.0000     0.0001    92.4652   140.8360   125.5810    -1.6265  -144.1700   -12.6697
   425.0000     0.0001    87.4010   124.8590   138.2520   -18.8869  -162.7340    29.1982
   425.0000     0.0001   131.9140   159.4960   155.0910    71.2342  -191.0050   134.2280
   425.0000     0.0001    82.5461   146.3730   130.3070   -54.0798  -139.8270     5.4478
   425.0000     0.0001    40.1939   143.0140    75.0423   -11.2787  -182.9270  -131.9200
   425.0000     0.0001    99.9818   130.6080   140.6720   -14.9695  -185.9530    73.9584
   425.0000     0.0001    91.6272   125.3610   128.9370   -30.0053  -152.0170    34.7165
   425.0000     0.0001   115.2560   145.2310   148.4870    17.6966  -159.5000    74.8502
   425.0000     0.0001   141.5630   136.0470   183.9760    94.4598  -160.4510   129.0240
   425.0000     0.0001   104.4100   141.1100   154.9710    64.0926  -162.2620    37.1814
   425.0000     0.0001   111.2700   129.3030   134.8400    10.2786  -163.8260    52.8936
   425.0000     0.0001   153.7000   148.8350   178.7840   107.0380  -151.3860   127.0020
   425.0000     0.0001   112.9670   153.6650   150.8580    15.3870  -154.4010    76.9224
   425.0000     0.0001    68.8905   164.0540   131.3550    53.1525  -160.0500    -6.3608
   425.0000     0.0001     4.4815   123.7480    -5.9575  -234.3880    26.7148  -330.1410
   425.0000     0.0001    47.9330   172.2130    97.9348    20.7855  -169.8310   -63.2293
   425.0000     0.0001   111.4880   178.1700   141.7410    74.9490  -154.6630    48.2642
   425.0000     0.0001   118.2220   131.5390   136.0560    22.2014  -168.2000    56.5921
   425.0000     0.0001   -31.9289   189.3170    14.4690    85.3590  -254.1060   -77.3144
   425.0000     0.0001   122.2330   129.2150   156.5990    54.6509  -171.3820    76.2994
   425.0000     0.0001    19.8560   129.0320    27.0038   -68.3807   -80.4309  -358.5450
   425.0000     0.0001    81.5612   157.2990   136.9940    33.7278  -168.1900     2.1818
   425.0000     0.0001   183.0790   188.3980   107.4230   140.7950  -164.4350    94.0767
   425.0000     0.0001     2.3628   115.1490   -15.0023    22.8845  -307.2360   163.9750
   425.0000     0.0001   -17.5554   191.0440    10.3003    61.9640  -278.2300   -70.8160
   425.0000     0.0001    65.4713   132.9100   146.7350   -16.2649  -130.7890    26.0653
   425.0000     0.0001   -13.6787   193.7860    -0.3089   260.2070   123.0520   166.4640
   425.0000     0.0001   112.0290   140.9300   145.6390    57.3532  -158.1410    32.9927
   425.0000     0.0001   169.0530   199.5370   114.7900   166.6830  -152.6030   131.5130
   425.0000     0.0001   109.3830   144.2160   146.0580    50.1517  -155.6680    29.2534
   425.0000     0.0001    83.9140   136.2170   130.6210   -70.0810  -178.4450    54.2921
   425.0000     0.0001    47.6545   140.8120   101.0290    15.6668  -146.0080   -41.6518
   425.0000     0.0001   142.2640   152.9530   151.4990    72.1447  -183.4960   118.8930
   425.0000     0.0001   -12.3397   219.5230    13.1867    29.9107  -208.7250   -60.5077
   425.0000     0.0001   104.6360   132.6480   132.6750    -1.0604  -154.9580    39.4489
   425.0000     0.0001   114.4390   144.4940   170.1260    39.9881  -151.0790    90.4988
   425.0000     0.0001    85.5220   138.1480   129.8570   -58.5247  -159.6840    31.2596
   425.0000     0.0001   156.8590   178.1880   146.9810   123.3560  -160.8510   127.2120
   425.0000     0.0001    -0.8075   194.6820   -13.3677   209.2580   134.5090   163.1780
   425.0000     0.0001    -3.6866   201.5620    -4.1257   224.6670   103.9790   189.6120
   425.0000     0.0001   130.0100   149.0100   151.4890    48.2226  -161.3910    85.3057
   425.0000     0.0001    36.6459   165.4860    95.9284    30.2513  -172.8800   -87.8422
   425.0000     0.0001    -8.5339   195.9490    60.1410    62.4334  -206.1880   -99.4954
   425.0000     0.0001    94.6987   141.3620   121.4120   -11.9587  -165.3890   -19.5689
   425.0000     0.0001   165.5250   176.8200   144.6090   120.3780  -159.0990   121.2870
   425.0000     0.0001   -11.8710   229.5140    51.7426    -6.9430  -141.4880   -40.4004
   425.0000     0.0001   121.8930   333.1080    60.1290   213.0200   -46.5726    89.9009
   425.0000     0.0001    50.5290   140.0640    98.3062   -16.9605  -115.0610   -32.9798
   425.0000     0.0001    74.9476   129.8140   150.4420   -38.6711  -179.7550    63.0432
   425.0000     0.0001    98.2173   137.3130   140.2980   -14.1875  -158.8030    46.1690
   425.0000     0.0001    84.5242   134.2660   130.8260   -45.7492  -142.3100    17.5670
   425.0000     0.0001   120.5960   159.8060   158.4340    91.4895  -154.7470    67.5379
   425.0000     0.0001    38.2306   147.4620   107.7710     8.5038  -159.8320   -50.8910
   425.0000     0.0001   -15.0665   194.3470     1.5665    61.1486  -287.6770   -47.6706
   425.0000     0.0001   -15.0665   194.3470     1.5665    61.1486  -287.6770   -47.6706
   425.0000     0.0001   137.2240   141.7860   145.6370    61.7198  -164.9350    86.3823
   425.0000     0.0001    94.8006   145.5900   127.5590   -28.4447  -198.2090    37.0891
   425.0000     0.0001    28.8160   175.6830    90.5238    15.5903  -178.8270   -90.4240
   425.0000     0.0001    26.0549   166.1060    72.0913     9.5721  -206.2010  -152.4130
   425.0000     0.0001    91.8140   149.3780   122.1710    17.6215  -145.7250   -40.0346
   425.0000     0.0001    96.6497   144.5290   125.0910     0.9136  -168.3950   -11.0866
   425.0000     0.0001   -14.0898   161.0400   -12.4291   118.0450  -353.7070    -7.7516
   425.0000     0.0001    69.1566   122.6530   147.0710   -20.5662  -210.3440    38.0212
   425.0000     0.0001   159.9060   182.8630   165.4620   130.2430  -149.2100   140.5580
   425.0000     0.0001    48.6110   140.8170    87.0981    27.5847  -150.3910  -107.2520
   425.0000     0.0001   -28.7851   133.3750   -45.8491  -185.2960   -12.6874  -185.4360
   425.0000     0.0001    35.1578   134.5710    41.5454   -99.9458  -111.5160  -259.6310
   425.0000     0.0001    30.9227   112.4100    10.9057    47.8371  -148.5440   146.5160
   425.0000     0.0001   140.7690   149.9240   164.7980    84.9181  -162.3050    97.5994
   425.0000     0.0001   118.7350   142.5650   137.5190    30.7537  -163.5110    52.7470
   425.0000     0.0001    43.6925   135.0120   100.7570    -4.1309  -169.0870   -36.9074
   425.0000     0.0001   138.0600   150.7190   146.8270    63.8935  -172.6690    86.3139
   425.0000     0.0001   141.1180   150.4040   162.2600    71.1470  -160.5190   105.8700
   425.0000     0.0001    -8.5339   195.9490    60.1410    62.4334  -206.1880   -99.4954
   425.0000     0.0001    89.1206   129.6920   135.8060   -21.6090  -141.5600    25.8354
   425.0000     0.0001   169.0530   199.5370   114.7900   166.6830  -152.6030   131.5130
   425.0000     0.0001    53.5424   157.3600   126.0890    56.9336  -158.4830   -27.3767
   425.0000     0.0001    97.7186   142.6600   163.5330    23.2336  -153.7310    59.7564
   425.0000     0.0001   109.3920   148.1450   138.8260    40.4440  -159.2890    20.2564
   425.0000     0.0001    88.4609   157.2300   124.2960    23.3535  -185.1000   -23.9232
   425.0000     0.0001    47.3822   141.2350    90.2580    23.4326  -178.2910   -84.6174
   425.0000     0.0001    93.9629   136.4390   122.1460   -33.5693  -150.6030    21.0586
   425.0000     0.0001    89.4654   144.3550   124.9450    -6.8049  -174.0930   -34.0026
   425.0000     0.0001     4.7879   241.7550    90.6920    28.5406   -99.5782    -4.7213
   425.0000     0.0001    94.4196   182.2940   152.3490    25.8356  -151.5450    68.0857
   425.0000     0.0001   148.2450   154.2980   143.9860    88.7581  -169.7060    98.8645
   425.0000     0.0001   134.5590   173.6490   135.5610    54.0125  -189.0790    94.4536
   425.0000     0.0001    91.4813   143.2530   146.5010   -25.1448  -167.4090    58.7538
   425.0000     0.0001   121.5710   157.7660   172.1430    67.7196  -141.0140    99.4390
   425.0000     0.0001    97.1296   143.5320   118.1730    -8.5235  -205.2800    14.5564
   425.0000     0.0001    80.5695   195.3640   101.3940   -10.5506  -149.6290    17.5138
   425.0000     0.0001    88.7351   138.8540   127.8770     0.5262  -140.1230   -26.9309
   425.0000     0.0001    41.2631   138.9950    80.8055     0.6416  -207.1430  -110.9970
   425.0000     0.0001   141.4900   154.4010   159.0480    82.0346  -173.3540    98.9437
   425.0000     0.0001   172.3970   203.4260   109.7910   162.6970  -156.3880   119.6280
   425.0000     0.0001    34.0368   160.6300   100.1670    20.6152  -161.5380   -78.5318
   425.0000     0.0001   152.7700   260.6660    78.4347   212.1440  -117.0300    80.9569
   425.0000     0.0001   -16.4199   191.5970    18.4929    42.7071  -266.0690   -86.7983
   425.0000     0.0001    71.2365   161.2840   128.8120    40.3414  -161.8580    -3.2258
   425.0000     0.0001     1.1719   234.3140    82.0639    29.5263  -121.6140   -19.4781
   425.0000     0.0001   136.0890   160.3420   154.2750    68.5165  -159.4680    88.1903
   425.0000     0.0001    -9.1524   155.6070   -14.2124    93.3659  -377.9690    16.0599
   425.0000     0.0001    92.5291   146.6320   126.2670    20.4382  -198.7340   -18.7311
   425.0000     0.0001   176.4390   175.7180   113.0280   123.5230  -173.2110   100.1620
   425.0000     0.0001    53.5537   336.8060    57.1191   230.4640   -15.8543    75.3526
   425.0000     0.0001   115.1090   136.1640   170.3700    42.7795  -164.5370    93.1624
   425.0000     0.0001   107.2990   202.1520    96.0608    12.0380  -109.8740    32.2294
   425.0000     0.0001   -12.3369   157.5410   -12.6571    95.1826  -362.1370   -20.7521
   425.0000     0.0001    74.8755   143.0030   138.8540   -51.1503  -188.5280    20.3298
   425.0000     0.0001   109.3920   148.1450   138.8260    40.4440  -159.2890    20.2564
   425.0000     0.0001    76.1897   162.9280   112.0040    28.3978  -197.5600   -18.6787
   425.0000     0.0001   -12.2175   192.7660     3.3697   286.3120   128.8590   154.5200
   425.0000     0.0001    90.6569   147.0530   108.3430    16.6937  -221.0180   -24.0222
   425.0000     0.0001    89.9486   145.8920   126.8060    11.5816  -164.7290   -36.5385
   425.0000     0.0001    67.0196   158.8400   131.2560    30.1688  -133.1470     5.9319
   425.0000     0.0001    46.1718   140.5160    78.4662     4.7625  -163.2930  -121.6440
   425.0000     0.0001    14.2605   126.0070    23.1255   -60.8432   -59.7282  -371.4200
   425.0000     0.0001    95.7781   153.3640   112.4930     9.0628  -156.1740   -31.8627
   425.0000     0.0001    94.1957   128.9470   124.7520   -25.7800  -154.8790    22.5768
   425.0000     0.0001   161.8250   187.8580   149.0710   122.9130  -152.6950   132.6330
   425.0000     0.0001   -17.9012   166.4690   -18.9993   133.9270  -312.9230    15.7182
   425.0000     0.0001   124.3240   130.1240   153.6730    49.5279  -170.4690    79.1588
   425.0000     0.0001   -39.9806   122.1920   -49.0134  -179.2030   -92.0198  -142.8140
   425.0000     0.0001    87.2818   125.8710   147.0570     3.6125  -156.4020    30.7484
   425.0000     0.0001   112.7680   173.6220   169.4330    57.4890  -131.8790   108.3720
   425.0000     0.0001    89.0059   150.7050   110.3920   -45.5527  -185.3780    30.6212
   425.0000     0.0001    67.4177   153.7120   156.7450    20.1400  -145.6670    24.6882
   425.0000     0.0001    90.6569   147.0530   108.3430    16.6937  -221.0180   -24.0222
   425.0000     0.0001   -21.9577   207.5300    33.0071    69.6147  -220.1670   -75.6212
   425.0000     0.0001   -34.8113   137.5200   -42.1074  -172.7770    39.7509  -154.5590
   425.0000     0.0001    12.0101   247.5310    26.2040    28.5283  -159.8420   -24.1016
   425.0000     0.0001    44.1740   142.1500    83.0368     9.3339  -184.8580  -105.9360
   425.0000     0.0001   -11.8452   133.3550   -16.9619   245.0500  -363.0060   119.0560
   425.0000     0.0001   104.6030   128.5270   178.9940    49.4561  -177.0050    99.0687
   425.0000     0.0001   108.5740   188.4970   151.9040    81.4285  -140.1540    65.8918
   425.0000     0.0001   100.0340   148.4640   128.7590    21.3097  -164.7680   -10.0452
   425.0000     0.0001   -29.1174   114.4890    -2.9537    99.1264   -43.5921    33.7716
   425.0000     0.0001    91.9805   148.4070   127.6570   -12.4946  -164.6770    -8.9772
   425.0000     0.0001   122.6600   133.3210   145.9760    36.5402  -168.7210    71.0943
   425.0000     0.0001    53.9653   129.3030    73.9600    -9.2186  -188.7720  -104.4010
   425.0000     0.0001   100.8160   146.2750   132.8850    23.3980  -145.5140     0.9925
   425.0000     0.0001   175.0670   268.5950    88.9370   197.7310  -103.9010    85.1457
   425.0000     0.0001   146.7170   166.2350   168.7140    86.6852  -148.7370   114.6130
   425.0000     0.0001    99.8759   178.0760   131.0680    18.3631  -163.1320    52.1394
   425.0000     0.0001   -12.1837   177.5600   -11.8283    45.5109  -320.7350   -44.6767
   425.0000     0.0001   157.5870   209.6820   165.1610   117.0340  -119.3100   142.5260
   425.0000     0.0001   113.2720   157.9600   138.1200    19.6867  -180.5660    68.1853
   425.0000     0.0001    68.9917   156.3520   144.4720    67.5651  -153.2200    16.7884
   425.0000     0.0001     9.1039   250.8660    41.9307    23.0473  -127.3770   -24.3384
   425.0000     0.0001   132.3720   141.2830   150.3960    52.8357  -166.6050    82.5972
   425.0000     0.0001    91.6272   125.3610   128.9370   -30.0053  -152.0170    34.7165
   425.0000     0.0001   147.1200   155.5950   175.1150    91.7304  -151.6130   118.3610
   425.0000     0.0001   142.1840   202.1420   159.1100    92.9559   -98.0410   116.6020
   425.0000     0.0001   -20.6270   185.0020     6.6298    36.3194  -296.6810   -60.0967
   425.0000     0.0001    46.1576   139.3190   100.3250     8.8888  -147.3470   -43.5959
   425.0000     0.0001    24.0683   127.2990    25.3952  -119.9210   -60.9440  -328.2270
   425.0000     0.0001   185.5770   204.7040    96.9968   160.3690  -157.3000    80.1863
   425.0000     0.0001   153.0200   166.2310   149.0740    88.0728  -162.2860   112.9850
   425.0000     0.0001    93.5593   140.4440   127.2380     0.9390  -147.9340   -13.7572
   425.0000     0.0001    38.4924   131.1940    83.7465   -72.9553  -148.9280   -72.1745
   425.0000     0.0001    23.1623   175.1040    -2.2447   192.2430    32.4676   281.3420
   425.0000     0.0001    64.4932   150.6640    89.4485    -6.1934   -97.9152   -44.3770
   425.0000     0.0001    96.7488   130.2520   141.4420    -2.7290  -143.2100    41.5646
   425.0000     0.0001    95.4011   355.5350    73.4105   211.9360   -26.2336    89.4194
   425.0000     0.0001   128.7660   148.4120   127.9530    27.8210  -194.2120    90.8532
   425.0000     0.0001    32.8449   135.5940    75.4943   -12.7823  -166.4240  -147.5550
   425.0000     0.0001    82.9752   117.2540   111.7340   -55.9482  -172.0440    38.4572
   425.0000     0.0001    59.7017   150.2350    74.1709    14.3494  -146.6490  -121.5180
   425.0000     0.0001    88.6143   147.1650   122.7230    -2.8161  -179.3620   -30.1044
   425.0000     0.0001   139.2830   132.5510   171.2610    87.1084  -179.4070   113.0550
   425.0000     0.0001   133.5760   145.7450   162.9910    59.6140  -178.5640   121.2310
   425.0000     0.0001   182.9470   221.4100   112.2750   184.0750  -134.9450   121.1130
   425.0000     0.0001    38.1842   129.9050    38.9941  -101.9220  -129.4800  -248.7050
   425.0000     0.0001   -26.0233   132.1300   -46.1718  -182.3600   -35.2544  -199.6110
   425.0000     0.0001    22.9347   367.4570    52.8720   211.0210    18.5467    85.2633
   425.0000     0.0001    15.1105   133.2350    17.0476   -46.9667  -131.8920  -410.6920
   425.0000     0.0001    93.8392   141.1010   137.6780    38.6762  -151.0520    -7.3776
   425.0000     0.0001   119.3760   156.9590   127.1710    65.2201  -166.3060    30.0716
   425.0000     0.0001   -18.2322   133.2430   -53.3134  -118.1270   -26.9893  -238.2820
   425.0000     0.0001   174.3870   172.2740   143.7080   134.6170  -158.9460   146.9280
   425.0000     0.0001    69.4897   125.6290   149.3470   -40.9205  -182.7970    58.7185
   425.0000     0.0001    93.4910   137.1330   146.8800    13.6223  -146.9100    28.5393
   425.0000     0.0001    78.2681   142.1400   136.1740   -57.9023  -157.1970    19.0486
   425.0000     0.0001   103.8080   120.7570   136.6880     4.1671  -183.4340    49.8489
   425.0000     0.0001   138.2680   161.9840   164.0980    71.2569  -163.1510   110.1070
   425.0000     0.0001   138.8380   132.3040   159.3160    69.2515  -170.2520    99.0048
   425.0000     0.0001    46.9760   140.6460   103.1940     1.6385  -149.3150   -22.7098
   425.0000     0.0001   115.1360   158.0540   128.1930    50.1207  -158.4210    20.6519
   425.0000     0.0001   107.4130   147.2110   172.7670    14.8778  -150.9960   120.7070
   425.0000     0.0001    17.0930   151.9550    47.6492    -1.4829  -223.0270  -272.7890
   425.0000     0.0001    71.9273   143.6280   137.4510    26.3704  -155.6520   -19.1897
   425.0000     0.0001    -4.2214   112.0140   -12.6080    72.6058  -301.5450   182.1690
   425.0000     0.0001    90.0158   144.0140   121.9390    -7.5317  -187.1530   -34.6924
   425.0000     0.0001    16.9554   127.4180    20.4468  -107.0940  -125.2650  -360.9910
   425.0000     0.0001   -25.5287   136.1260   -56.8581  -125.7250   -20.7960  -209.2690
   425.0000     0.0001    85.5479   158.4860   128.3560    26.6384  -176.0120   -21.6057
   425.0000     0.0001   113.6330   173.0010   142.9320    73.0621  -162.6860    48.7166
   425.0000     0.0001   126.9290   140.6620   144.5410    39.7690  -171.1290    75.6511
   425.0000     0.0001    15.1975   125.6070    19.4715   -98.3600   -21.7076  -366.8100
   425.0000     0.0001   -13.2166   366.1600    32.2830   203.4920    34.9550    83.3001
   425.0000     0.0001    83.8475   123.8100   159.7490    -9.2664  -167.5780    76.2194
   425.0000     0.0001   -85.5995   370.0420    18.3434   165.4450    79.3985    73.4807
   425.0000     0.0001   104.2580   303.3070    71.6600   231.4800   -68.5255    86.2876
   425.0000     0.0001   159.8100   225.9260    90.3293   190.2130  -152.4270    98.0516
   425.0000     0.0001    86.5610   195.1660   132.5220    23.8304  -123.2100    58.9517
   425.0000     0.0001    66.6650   163.6840   119.6560    43.0014  -184.6930   -12.5167
   425.0000     0.0001   137.4720   148.4230   167.7110    82.9505  -160.6850    99.4230
   425.0000     0.0001   136.9300   136.0280   179.2190    77.0772  -165.5910   126.7350
   425.0000     0.0001   181.8300   187.5860    94.0355   145.5420  -169.5420    88.7680
   425.0000     0.0001    48.6126   136.4590   107.0770    23.0225  -158.2840   -22.7288
   425.0000     0.0001   183.1800   248.3630    91.9303   177.3870  -123.4540    76.9533
   425.0000     0.0001   155.6960   166.5250   128.6010   111.0290  -178.5460    90.4000
   425.0000     0.0001    62.1111   139.1650    92.7450    -4.2227  -176.8290   -38.3215
   425.0000     0.0001    24.9422   193.2860    88.7259    45.0464  -161.5100   -88.2857
   425.0000     0.0001   145.8630   176.1600   174.4910   100.2800  -143.7410   120.2670
   425.0000     0.0001    73.4523   182.6560   137.2750    59.1730  -149.0810    25.1995
   425.0000     0.0001   112.0460   131.8080   161.6030    35.7297  -158.0200    77.5478
   425.0000     0.0001   126.9520   129.9540   152.3510    45.0220  -168.4650    83.9102
   425.0000     0.0001    86.8238   149.4730   135.0060    25.6867  -150.5020    -5.3042
   425.0000     0.0001    59.7488   133.8850    92.0429    -5.8513  -168.0840   -43.2289
   425.0000     0.0001   105.3480   122.4720   148.6390    16.9938  -169.8420    63.3867
   425.0000     0.0001   156.9160   180.2160   153.8330   112.7330  -160.3930   142.9220
   425.0000     0.0001    86.9908   142.2140   138.0630   -31.8163  -147.7880    23.5614
   425.0000     0.0001   -17.7744   192.2970     5.9759    49.4632  -278.2350   -65.4889
   425.0000     0.0001   138.3360   160.6680   170.6360    85.2084  -153.3200   107.0490
   425.0000     0.0001    52.4584   138.5430   132.5430   -22.5622  -141.3110   -23.3712
   425.0000     0.0001   -15.1834   118.9680     1.9908     3.7826  -102.2340     6.9966
   425.0000     0.0001   145.3650   199.5820   147.9580   109.7020  -149.4010   140.2720
   425.0000     0.0001    21.9558   125.2470    20.5296  -115.7120  -103.5060  -343.1530
   425.0000     0.0001   -28.0226   178.6470    -2.0863   128.4490  -285.4830   -56.9380
   425.0000     0.0001   128.8250   147.5160   148.6430    48.0168  -166.6060    75.7278
   425.0000     0.0001   -17.6014   170.0350    -4.7947    82.4793  -329.8380   -55.8545
   425.0000     0.0001    89.7839   145.3110   128.4100    28.3932  -165.9610   -40.0479
   425.0000     0.0001    90.8785   124.7290   124.6250   -36.4484  -158.7780    33.0889
   425.0000     0.0001   -33.0281   361.2930    29.4837   198.1890    44.1015    82.1542
   425.0000     0.0001   101.1090   130.4550   131.8180   -17.2915  -166.5500    47.5452
   425.0000     0.0001    64.7173   160.6220   126.2310    57.0502  -173.3850   -21.0502
   425.0000     0.0001    88.9930   148.7570   121.3260     0.3523  -185.8600   -34.2037
   425.0000     0.0001    22.3562   136.0390    56.7766   -41.2392  -164.5730  -225.6210
   425.0000     0.0001   116.4850   163.7550   137.8200    56.4505  -173.1260    46.0809
   425.0000     0.0001    70.8168   164.7570   137.8120    35.9570  -138.3160    14.6706
   425.0000     0.0001    46.3150   137.2550   123.0090     9.4175  -136.9570    -3.5916
   425.0000     0.0001    93.3367   143.7570   119.0190   -18.1002  -154.8650   -19.3581
   425.0000     0.0001    32.2717   140.0510    74.6490     8.9982  -170.0180  -162.6340
   425.0000     0.0001   135.7450   149.9510   155.8650    60.4932  -172.3630   101.8430
   425.0000     0.0001    88.4307   122.9920   169.3540    27.7070  -174.4020    77.1569
   425.0000     0.0001     7.4125   193.8920     7.1803   336.5120     1.1136   174.1490
   425.0000     0.0001   166.0590   251.7310    83.2669   197.8340  -123.4870    96.8297
   425.0000     0.0001   175.9240   193.8060    99.3324   134.8410  -168.7070    93.5450
   425.0000     0.0001   125.1670   152.8250   148.1390    37.7954  -159.1250    79.7744
