#         t          m          x          y          z         vx         vy         vz
   550.0000     0.0001    80.6600    55.0275    26.6939   -60.8811   -21.8414  -180.0540
   550.0000     0.0001    44.1837   233.2890     8.1429    87.8872   107.4350   106.0160
   550.0000     0.0001    80.4085   231.8340    59.1242   153.9920   -47.0299   166.2170
   550.0000     0.0001    74.5427    -9.4829    77.7295  -100.5870    84.4670  -174.6540
   550.0000     0.0001    70.1065   211.9520    10.1547   125.5770   135.7930   102.2910
   550.0000     0.0001    84.3313   226.4180    23.2598   134.6440   -52.4015   145.1630
   550.0000     0.0001    18.0702   295.0710   -22.7094    40.2006    87.2199    80.0446
   550.0000     0.0001    54.3337    44.3704    25.1047  -125.3830   209.0830  -168.3700
   550.0000     0.0001    90.0348    16.5471    82.5343    -7.9896  -209.4660    -5.6040
   550.0000     0.0001    57.6817   275.3150   -69.5909    73.3883   116.2040    37.1481
   550.0000     0.0001    85.7383    92.4949    84.0850    44.4745  -365.7310   -82.3263
   550.0000     0.0001    56.6926    72.3518    34.3853   -56.9178   152.0590  -110.2460
   550.0000     0.0001    75.5550    49.3214    39.1236   -40.1877   -58.1999  -146.7140
   550.0000     0.0001    76.8518    41.8303    42.5586   -32.3789   -40.0459   -89.2480
   550.0000     0.0001    32.0769   130.7740   -38.2520    95.2807   204.4700   -11.7027
   550.0000     0.0001    86.2299   166.8180    68.8162    63.0515  -201.3260   155.8300
   550.0000     0.0001    -8.9684   256.2060  -111.3810    19.2130   132.7520     1.3426
   550.0000     0.0001    -1.3959   168.1280   -88.4160    69.2397   135.8570    -3.4550
   550.0000     0.0001    86.7590   110.5740    87.9027   112.2810  -360.7360    13.1738
   550.0000     0.0001   103.5860   227.5930    53.5660   116.4010   -44.3993   198.0200
   550.0000     0.0001    70.0646    52.5641    28.1366   -34.7731    33.3051  -111.8160
   550.0000     0.0001    70.2865    -3.5938    76.1982   -95.5032    95.7148  -183.2850
   550.0000     0.0001    47.4159    99.7642     7.5560   -58.3335  -214.2100  -164.2600
   550.0000     0.0001     7.2107    79.8395    12.3990   -44.6441  -113.0400  -118.4560
   550.0000     0.0001    77.8851   238.0160    34.0951   112.2530   -60.3621   108.4180
   550.0000     0.0001    54.9814   168.2800    51.5285   205.5660    62.2774   113.6820
   550.0000     0.0001    72.6225    76.1396    83.0317   -70.6184  -359.2680   -71.3282
   550.0000     0.0001    28.5200   283.7420    -1.5481    84.3076    79.6893    96.8953
   550.0000     0.0001    84.9124   250.7770    34.8422   132.0200     5.4539   161.4780
   550.0000     0.0001    73.0623   292.2790   -19.1752    98.4505    89.3619    92.6057
   550.0000     0.0001    62.5984    47.9077    43.4484   -69.9854   -51.0570  -124.1810
   550.0000     0.0001    35.5940   270.8840   -31.9279    89.8799    94.3430    83.2054
   550.0000     0.0001    41.7336    98.3084    -3.6504   -45.5431  -197.4870  -118.2990
   550.0000     0.0001    87.2432    56.6901    59.5726   -19.1860  -160.3540  -178.8650
   550.0000     0.0001    87.0178    52.3070    54.1226    -8.5125  -125.0970  -171.1070
   550.0000     0.0001    41.6879    92.4064    -1.0348   -32.8316  -203.9900  -110.3770
   550.0000     0.0001    77.6852   256.4490    14.8614    85.1776    68.8149   145.7130
   550.0000     0.0001    32.8711   254.2550   -11.5796    82.6793    64.4777   119.1340
   550.0000     0.0001    56.5109   282.3150    20.4185   106.0950    45.9523   106.1730
   550.0000     0.0001    87.1491   260.6590    24.8194   122.9340     4.4495   129.7210
   550.0000     0.0001    66.4527    51.3293    27.9757   -51.0057   -27.2216  -148.9240
   550.0000     0.0001    52.8600   100.0630    51.2931   408.0090    -0.4595   293.5500
   550.0000     0.0001    81.4232    51.7474    47.2222  -103.6340  -129.2160  -173.3040
   550.0000     0.0001    24.8941   271.5100    -5.5472    84.4562    66.2778    99.2384
   550.0000     0.0001    91.0201   228.4040    43.0573   122.5210   -81.3098   153.3370
   550.0000     0.0001    51.2226   148.5980    -7.1695    84.5992   256.8330    29.0682
   550.0000     0.0001    76.8329   271.6230    31.8758    79.1954    60.5486   152.4490
   550.0000     0.0001    99.6859    75.5175    84.7106   -70.7619  -336.8680    79.0797
   550.0000     0.0001   151.5320   -42.5122   196.0310   -59.6621   -46.4518   -98.5393
   550.0000     0.0001     7.7589   258.1910   -15.9932    63.0703   104.6740    76.4110
   550.0000     0.0001    47.0615   232.2530    48.1351   122.8300   -39.5895   133.2590
   550.0000     0.0001   -19.8335   292.9960   -60.7165    32.6605   134.1140    21.9382
   550.0000     0.0001    96.1298   195.1800    80.2285   145.5730  -173.8040   183.2840
   550.0000     0.0001    85.7589   172.3360    68.9738    72.5639  -157.9720   135.9000
   550.0000     0.0001    70.5314    51.8577    32.5987  -104.0540   -41.3033  -122.1350
   550.0000     0.0001    95.1504    56.9976    62.8316    23.1581  -228.3410  -111.6500
   550.0000     0.0001   196.9760   -56.2635   206.8660   -58.0626   -82.4804   -54.4783
   550.0000     0.0001   107.9610   231.2840    55.5343   127.1730   -70.2407   161.1670
   550.0000     0.0001    64.1782    50.9013    33.4097  -114.3350    13.1806   -95.3713
   550.0000     0.0001    91.4608   207.5570    72.0169   149.7620  -129.3860   157.1470
   550.0000     0.0001   192.2370   -38.4706   207.4590   -63.3386   -79.8841   -60.2455
   550.0000     0.0001     7.3282   303.1490    -0.0228    48.3116    98.0791    87.3882
   550.0000     0.0001   283.9920   -56.2145   187.5790   -39.8702  -105.3650    -5.7725
   550.0000     0.0001    78.8969    52.2751    72.4589   -81.0187  -219.9890   -40.6306
   550.0000     0.0001    71.8557    52.2130    33.4082   -90.7577  -113.5150  -179.2430
   550.0000     0.0001     8.4461   296.6800   -72.0169    29.8750   138.5180    31.4125
   550.0000     0.0001    57.6062    51.3212    34.4492   -58.2691   -22.3952  -157.5220
   550.0000     0.0001    30.3162   250.4150   -19.9504    84.6217    74.7733   109.8160
   550.0000     0.0001    79.1159    47.9787    49.6840   -13.8732  -104.3360  -160.9800
   550.0000     0.0001   175.9720   -30.9899   211.9680   -55.4487   -65.9303   -84.1678
   550.0000     0.0001    65.6241   235.7140    28.3023    90.6638   -11.9355   179.9490
   550.0000     0.0001    69.1947   237.2430    44.3876   136.1070   -18.2623   166.6520
   550.0000     0.0001    39.8084   281.2010     3.5474    90.3098    65.5147   104.6090
   550.0000     0.0001   -38.6718   266.5850  -121.0010     5.7145   135.4240   -21.8363
   550.0000     0.0001    47.0839   247.2730    26.3392   105.9280    29.0029   148.8710
   550.0000     0.0001    82.0899   169.0670    74.4388    91.9792  -184.6510   151.3590
   550.0000     0.0001    73.4986   101.8590    49.6959     5.2235   -43.7037   586.3570
   550.0000     0.0001    85.5326   124.2240    72.0299   133.5720  -368.4900   124.8940
   550.0000     0.0001    76.1684    39.5026    54.4506   -80.1694   -95.3265   -90.7649
   550.0000     0.0001    77.0373   140.6470    69.3831    67.3661  -304.3650   130.1080
   550.0000     0.0001    99.0977   257.9230    40.0332   147.9690     7.5049   127.7900
   550.0000     0.0001    46.7732    57.9704    38.4081   -50.3765    69.4992  -117.8670
   550.0000     0.0001    31.8911   227.9690  -122.9990    72.9057   114.1450   -10.3021
   550.0000     0.0001    69.4120   253.7700    52.3567   131.4810    -3.4828   145.7890
   550.0000     0.0001    88.8635    60.2846    55.0292    21.8858  -205.9710  -173.5410
   550.0000     0.0001    16.3988   308.8570   -34.6661    33.7344   126.8420    67.1815
   550.0000     0.0001    61.1217    44.4929    34.4186   -65.6600   -22.2212  -130.8220
   550.0000     0.0001    91.3616    72.0676    79.4865   -31.4115  -304.0660   -48.3884
   550.0000     0.0001   100.0710    80.0423    72.9639    88.1246  -328.6490  -160.8140
   550.0000     0.0001    36.6830   111.2950    28.2412   114.2270   285.6900    30.0259
   550.0000     0.0001    42.6594   308.3920   -48.7645    65.4944   134.2410    54.9688
   550.0000     0.0001    53.5148   270.2240    16.8884   109.0940    80.4912   120.7650
   550.0000     0.0001   295.0930   248.3670   154.7640   104.1850  -158.9630    27.8249
   550.0000     0.0001    47.7762     1.7148    41.6988   -64.7447   120.4400  -188.1720
   550.0000     0.0001   163.9380   -90.5854   242.3080   -24.7134   -69.6468   -57.5604
   550.0000     0.0001    50.0389   231.0350    46.1218    80.8004   -38.7417   183.8440
   550.0000     0.0001   -33.8896   261.3420   -57.8939    31.9396   117.6140    39.2322
   550.0000     0.0001    87.0244    63.3943    79.1067   -95.5361  -183.1430  -160.6970
   550.0000     0.0001    39.6167   273.3590   -22.7336    94.6520    97.8634    88.6802
   550.0000     0.0001    47.7627   237.9220    54.4849    99.7100   -41.2228   136.9570
   550.0000     0.0001   159.8940   -73.9677   153.0280   -97.2340   -51.2262   -59.9411
   550.0000     0.0001    24.9986    76.5433    14.3746    -9.2794  -175.8410  -145.6680
   550.0000     0.0001    80.4563    69.2470    66.2630   -14.6704  -293.7630  -150.1320
   550.0000     0.0001    23.2492   163.6440     2.2130    53.2467   218.0270    67.6537
   550.0000     0.0001    81.8328   169.7910    72.8717    64.3602  -193.9470   140.5500
   550.0000     0.0001    90.1513   130.9480    82.1518   188.6970  -318.9000   172.2670
   550.0000     0.0001    87.1461   209.9880    58.4791   166.6330  -111.1220   207.7070
   550.0000     0.0001    59.1658   282.9640    -5.5273    98.5471    58.7243    98.0612
   550.0000     0.0001    23.8718   268.8200   -60.5231    61.3601   114.6680    39.1931
   550.0000     0.0001    27.9216   221.9520   -78.0843    63.9104   123.9070    33.3890
   550.0000     0.0001    36.7034   263.6780   -30.0965    84.7988    94.0926    88.1573
   550.0000     0.0001   -16.6785   289.8080  -139.2440    21.5048   145.6800   -42.9597
   550.0000     0.0001    77.3811    51.4740    26.7882   -55.8883   -15.0176  -142.6170
   550.0000     0.0001    91.3830    49.9780    31.0484   -55.6638   -68.9256  -146.8660
   550.0000     0.0001    70.8586    38.4297    64.4441   -48.5043  -105.4720   -77.9262
   550.0000     0.0001   105.7630   127.4650    72.7914  -311.1850  -122.3470   123.8480
   550.0000     0.0001    59.7654   285.1820   -54.1055    89.8721   104.6810    55.9320
   550.0000     0.0001    84.7189   101.6530    77.4906    69.5341  -437.0090    15.0486
   550.0000     0.0001    58.9991    77.2943    13.9557   -20.6354   131.5570   -49.1796
   550.0000     0.0001    70.9952   233.2990    -5.3565   104.0170   105.8480   100.3940
   550.0000     0.0001   150.9930   -59.5739   169.6320   -66.0648   -36.4035   -98.7273
   550.0000     0.0001    69.4403    10.3669    55.6601  -126.1090   108.4100  -191.5600
   550.0000     0.0001   -17.0269   300.3180  -138.0090     9.3729   155.7050   -40.3672
   550.0000     0.0001   109.1590   114.7360    71.0873   393.6500   175.1840    37.9682
   550.0000     0.0001    22.7253   -17.1265    36.9077    -5.9391   108.9780  -166.3860
   550.0000     0.0001   184.7810   -70.3633   232.1340   -37.1921   -65.2329   -57.8127
   550.0000     0.0001   170.5810   -66.8192   250.3070   -17.6778   -71.3309   -64.8327
   550.0000     0.0001    50.5540    85.6758    26.6864    22.6742   181.5660   -42.5145
   550.0000     0.0001    81.1616   255.9790    28.4427   128.8640    14.7330   147.0650
   550.0000     0.0001    77.9994    44.2898    68.9270   -56.4179  -163.4290   -71.7519
   550.0000     0.0001   -19.7530   256.8210   -73.5029    41.7305   122.3360    26.2354
   550.0000     0.0001    84.0795    84.9212    78.0163    -7.7227  -372.5770   -78.3457
   550.0000     0.0001    45.3925   118.0160    29.3376   141.5140   287.9230    70.2546
   550.0000     0.0001    -4.2405   302.9290   -54.7831    23.7873   126.8030    45.0724
   550.0000     0.0001    83.4040    50.7724    40.4870  -106.8240   -69.8256  -157.6970
   550.0000     0.0001    41.6282   100.4540    25.7025  -112.6630  -154.4570  -241.8340
   550.0000     0.0001    76.0184    58.6669    54.3482   -39.6077  -225.0600  -175.4340
   550.0000     0.0001    29.0239   267.9850   -23.6878    94.8569    95.0643    81.6480
   550.0000     0.0001    99.0431    58.9361    68.3376    61.3911  -314.9440   -84.1088
   550.0000     0.0001   100.6000   239.1730   -56.4143   128.9810    77.9500    65.3466
   550.0000     0.0001    91.7329   223.6100    51.7513   137.5570   -56.7808   205.6050
   550.0000     0.0001    23.1138   257.6900    -0.8463    83.1848    55.9863   115.6560
   550.0000     0.0001    87.3270    44.8368    45.7463   -82.3693   -84.3482  -141.2580
   550.0000     0.0001    79.8680   260.0920    10.4839    93.7371    69.3971   139.3920
   550.0000     0.0001    73.9633   244.4330   -19.9310    99.3107    96.5183    87.6006
   550.0000     0.0001    75.5793    30.0018    69.0402   -63.9886  -219.9650   -32.8138
   550.0000     0.0001    63.4926   282.8710   -20.4887    99.0009   100.8300    93.5380
   550.0000     0.0001   212.4360   -96.9167   237.4390   -38.3017   -85.8021   -20.5438
   550.0000     0.0001    81.6097    47.9930    69.3844   -30.5249  -188.5100   -84.8222
   550.0000     0.0001    90.5912    67.8081    66.9466   -19.8667  -305.4460  -158.9310
   550.0000     0.0001    84.4641   105.7920    79.4408    -7.4594  -426.3940    41.7587
   550.0000     0.0001    76.1481    52.6028    61.0365   -31.4025  -157.4810  -164.0230
   550.0000     0.0001    51.2085   255.8320    24.4297   119.7480    20.9414   126.2250
   550.0000     0.0001    52.0271   103.1850    25.7175    37.1646   207.1710    32.0094
   550.0000     0.0001    66.8257    58.4246    49.5557   -84.2471   -12.1885  -204.0610
   550.0000     0.0001     4.2683   180.8290   -38.4430    37.2747   151.3280    72.5549
   550.0000     0.0001    67.0950    46.3533    68.1440   127.9160   259.6260   -58.0345
   550.0000     0.0001    54.9814   168.2800    51.5285   205.5660    62.2774   113.6820
   550.0000     0.0001    43.9437   156.2080    -1.8647    86.1929   246.2740    28.5948
   550.0000     0.0001    11.6274   267.5540   -30.8988    51.0009    70.9953    86.8545
   550.0000     0.0001    48.1700    26.6766    38.4198   -73.3297   190.8440  -177.1780
   550.0000     0.0001    86.4128   162.4890    69.1420    73.3157  -200.4150   170.0970
   550.0000     0.0001    70.9911   279.7880   -22.3299    99.6571    65.9465    92.4183
   550.0000     0.0001    68.4256   198.8800    61.9694   162.9290  -109.9360   140.9460
   550.0000     0.0001    -1.8695   236.6960   -46.5334    44.4905   113.8850    60.9760
   550.0000     0.0001    82.7891   159.0690    78.9159    64.2474  -227.9590   113.1040
   550.0000     0.0001    33.6658   188.2320     8.8640    77.4690   184.0220    97.6951
   550.0000     0.0001    33.5540   283.4330   -18.9561    80.7950    94.9080    90.3574
   550.0000     0.0001    87.4571   172.8060    82.9002   118.6190  -192.7350    86.0073
   550.0000     0.0001    43.6735   280.4370     8.2023    88.3786    69.1093   116.8080
   550.0000     0.0001    41.6264   126.3610    -6.8025    88.6945   266.9370   -37.6350
   550.0000     0.0001   104.6470   257.3130    58.4509    94.7486   -17.0696   143.2020
   550.0000     0.0001    44.0348   277.2460    -0.3297    97.3709    62.2097   105.2650
   550.0000     0.0001    40.3479   104.7450     4.8593   -48.2470  -200.7360  -152.8700
   550.0000     0.0001    44.1267   299.6340    -9.7836    50.5152   107.9850    96.8035
   550.0000     0.0001    66.0807   243.4160    41.9709   126.2230   -10.9424   161.2360
   550.0000     0.0001    79.8432    48.8217    56.5239   -41.6786  -123.4360  -141.7100
   550.0000     0.0001    84.2756   107.6870    73.9108    21.6177  -460.5390    64.1714
   550.0000     0.0001    59.0575   243.2480    17.3370    91.6434   102.4570   124.9710
   550.0000     0.0001    40.6438    99.7132    -2.9814    60.2619   289.4510   -58.9042
   550.0000     0.0001   117.5220   112.3730    61.7656   396.3620   108.6040   -21.0048
   550.0000     0.0001    66.6309   319.5670    -1.5838    78.2741   116.9320    93.1975
   550.0000     0.0001    54.3241   293.2600   -65.0974    81.9666   125.6640    42.3404
   550.0000     0.0001    68.5700    46.8037    35.6362   -73.0928   -52.3608  -134.5840
   550.0000     0.0001    69.8720    88.0739    48.2175    59.1581   239.6590   433.5020
   550.0000     0.0001    41.8636   259.2390   -14.6757    98.1740    70.7090   106.4240
   550.0000     0.0001   154.1780    47.0713    85.7247   182.9010  -144.9640    33.7948
   550.0000     0.0001    75.9356    60.4219    62.5222   -60.7170  -235.2730  -130.5690
   550.0000     0.0001    72.4292   214.8430     0.7212   139.4020   122.2460    98.1694
   550.0000     0.0001    84.5992   -18.8797   102.1960   -95.1151    28.8521  -174.1460
   550.0000     0.0001    56.8243   235.1450   -70.5809    67.7180    77.7462    55.8335
   550.0000     0.0001   -12.0640   262.7610   -93.1368    44.6998   133.4590    -0.2160
   550.0000     0.0001    33.0878   249.9820     7.4774    94.4093    34.2154   127.8110
   550.0000     0.0001   101.3470    86.4219    79.1883    19.6625  -392.2180   -14.1659
   550.0000     0.0001   182.8120   -18.6171   213.3340   -54.0521   -76.2332   -84.7039
   550.0000     0.0001     5.3282   274.4370   -24.9143    55.2952    80.0496    82.3880
   550.0000     0.0001    79.0396   263.7330   -20.1322   107.4970    86.3407    94.4130
   550.0000     0.0001    16.3988   308.8570   -34.6661    33.7344   126.8420    67.1815
   550.0000     0.0001   170.7020   410.9570   100.4110   162.5290   -77.8578    55.7479
   550.0000     0.0001   153.3530    35.3610   102.1790  -102.2650   107.4250   -12.2775
   550.0000     0.0001    69.2080    66.6830    87.0087   -48.2228    55.1140    45.5772
   550.0000     0.0001    95.1189   141.1160    80.9941   103.4540  -257.5740   199.1910
   550.0000     0.0001    30.0318   108.7690    26.9092    73.2877   270.0480    -6.6476
   550.0000     0.0001    50.7673   256.6010   -29.7907    92.2593    97.2578    68.3429
   550.0000     0.0001    97.8633   182.8520    76.1174   117.5350  -181.4570   206.0170
   550.0000     0.0001    75.3150    -6.2199    64.6858  -116.6760    94.7681  -167.4130
   550.0000     0.0001   296.8330   206.9400   150.2870    81.6384  -175.4710    27.3952
   550.0000     0.0001   106.6860    57.5012    75.6670    46.4752  -328.5380     9.4931
   550.0000     0.0001    49.8072   170.4640   -46.1400   117.4990   166.8600    55.5943
   550.0000     0.0001    17.1164   292.0570     4.2348    53.7109    75.7028    98.8039
   550.0000     0.0001    66.6309   319.5670    -1.5838    78.2741   116.9320    93.1975
   550.0000     0.0001    73.8025   226.7110     9.8440   102.8900   117.7180   121.0110
   550.0000     0.0001    39.9073   284.3320    -9.9311    90.0549    74.5976    88.9364
   550.0000     0.0001   108.9640    37.3053    85.3716    68.5828  -272.8890     5.3844
   550.0000     0.0001    97.8370    55.5283    55.0247    12.1490  -180.5570  -150.5880
   550.0000     0.0001    93.3982   259.7260    35.4554   127.6740     1.8526   138.1250
   550.0000     0.0001    51.0193    88.9996    18.3391    45.4185   162.7100   -31.5408
   550.0000     0.0001    77.6857   160.9350    67.6626    85.1742  -217.2320   111.4860
   550.0000     0.0001    38.1546    95.7125    -0.5275   -13.3312  -214.5840  -106.8100
   550.0000     0.0001   101.0230    14.1212    24.6622     9.9666   -74.1294   -74.3291
   550.0000     0.0001    93.1633   284.7610    29.1965   112.4800    59.5639   137.7100
   550.0000     0.0001    49.3964   244.4450    10.4076    97.2154    93.6672   103.2190
   550.0000     0.0001    24.6815   287.8530   -30.7699    67.7038   107.9730    76.4920
   550.0000     0.0001    52.3603   131.4140    35.0358   176.1580   267.5320    94.8428
   550.0000     0.0001    64.0390   267.3630     9.9093   119.2760    46.3789   121.3500
   550.0000     0.0001    59.1658   282.9640    -5.5273    98.5471    58.7243    98.0612
   550.0000     0.0001    96.6541   -34.6917   126.3960   -70.0579    21.3664  -152.6440
   550.0000     0.0001    59.4985    54.5536    34.0304   -60.2235   -35.6387  -165.8590
   550.0000     0.0001    95.8221    22.5780     7.3177   -22.9386    22.3725     7.2563
   550.0000     0.0001    70.4257    48.6228    36.4825   -94.3330   -18.0166  -143.1290
   550.0000     0.0001    30.4417   291.0440   -14.5141    83.4670   101.6860    77.7601
   550.0000     0.0001    84.5336    51.8448    62.7322    -8.8230  -201.2580  -115.5810
   550.0000     0.0001    -3.7980   189.3880   -36.0121    35.7518   143.4920    75.3792
   550.0000     0.0001   -14.4673   296.7500   -47.4532    25.5191   121.8010    54.0340
   550.0000     0.0001    70.8094    49.9871    75.9177   -98.4824  -123.0350  -112.8850
   550.0000     0.0001    83.8756   217.5340    74.9611   152.3570  -103.7030   163.4170
   550.0000     0.0001    62.8326    62.2514    60.4227   217.5440    73.5952   243.6770
   550.0000     0.0001    54.9093   235.7580    24.0425   100.6130   -10.1190   162.0540
   550.0000     0.0001     1.9974   277.2790   -50.7951    47.7554   119.9730    56.8149
   550.0000     0.0001    80.8301    55.9256    53.5033   -43.9050  -230.7870  -189.7450
   550.0000     0.0001     3.2129   248.2450   -37.0093    61.6316   112.5620    59.8818
   550.0000     0.0001    86.6662   167.2140    75.3179    96.7708  -175.7840   155.8940
   550.0000     0.0001   -22.3253   260.2240   -69.9341    26.7239   124.6460    32.8956
   550.0000     0.0001    49.6769   264.9810     8.7209   107.5100    39.0220   115.1200
   550.0000     0.0001    20.1530   272.0930    -7.5404    83.5493    70.7197    94.4484
   550.0000     0.0001    65.5383    46.6701    50.8684   -45.1441   -87.2384  -136.7390
   550.0000     0.0001   116.2210    28.0254    41.9415    39.5092  -179.1890   -90.7005
   550.0000     0.0001    30.1192   217.4230    17.4381    47.7769   116.4810   123.8740
   550.0000     0.0001    90.1192   203.8610   -17.2785   136.1760   124.8110    97.6880
   550.0000     0.0001    94.7723    72.4043    83.6824   -70.3365  -340.0220    67.9964
   550.0000     0.0001     5.2960   276.7340   -39.5179    57.9722    94.1555    68.5187
   550.0000     0.0001    56.4364   238.3660    49.7482   126.1360   -37.7889   112.0550
   550.0000     0.0001    43.6209   135.4250   -12.4889   100.1170   249.8430   -23.7493
   550.0000     0.0001    15.0570   204.2250   -23.1574    76.5751   140.1060    77.4355
   550.0000     0.0001    82.9686   167.7130    70.2242    64.4470  -190.7600   114.8330
   550.0000     0.0001    67.1377   -77.4657   119.4500   -56.8593     0.9312  -124.8170
   550.0000     0.0001    66.0783    51.3373    35.7695   -47.0155   -40.0816  -167.7470
   550.0000     0.0001    45.3251   244.1900     7.6848   101.8630    10.1944   130.0400
   550.0000     0.0001    91.6906   215.2020    31.0225   111.3330  -101.4820   138.6140
   550.0000     0.0001    39.7045   113.1290   -16.4840    59.4221   252.3760   -64.2175
   550.0000     0.0001   120.9360   -53.0493   150.7100   -87.8927   -11.9955  -106.0730
   550.0000     0.0001    13.7384   267.5830   -19.4431    72.6120    83.7453    93.1152
   550.0000     0.0001   154.2180   -46.6275   191.6630   -54.8547   -44.2510  -101.2270
   550.0000     0.0001    71.9289   229.8070    -9.0776    89.9238   107.4370    99.6665
   550.0000     0.0001    17.4752   279.2690  -104.1910    43.0462   139.5590     1.3216
   550.0000     0.0001    77.8052   117.4190    81.9416   106.6600  -379.0430    74.4179
   550.0000     0.0001    80.6264    48.7740    40.1415   -12.4649  -102.1820  -154.1380
   550.0000     0.0001    74.0292    58.2083    59.5784   -95.6357  -131.0500  -180.7690
   550.0000     0.0001    57.2151    46.4557    50.1602   -64.8733     5.8131  -128.9920
   550.0000     0.0001   104.1000   -41.6778   127.8010   -83.0107    15.3029  -135.3720
   550.0000     0.0001    78.5362    52.3165    33.7989   -58.4684   -64.9032  -196.5050
   550.0000     0.0001   269.9550    47.6080   176.2540   -61.7191  -140.3220   -12.2447
   550.0000     0.0001    66.9271   243.8710    55.5997   127.5940   -33.0417   146.6990
   550.0000     0.0001    84.1296   -12.5593   104.1530   -64.8995    60.3167  -185.0890
   550.0000     0.0001    99.1115   161.7560    70.8414    71.0698  -211.4180   115.2810
   550.0000     0.0001    62.2184    45.8336    40.9856   -77.6411    19.0051  -117.3430
   550.0000     0.0001   150.3300    50.3275   101.6170  -127.5390   109.2850   -21.0513
   550.0000     0.0001    23.0091   181.2210     1.4617    31.2253   182.8950   105.1510
   550.0000     0.0001    89.8472   146.4610    83.8428    90.1329  -248.8320   155.8390
   550.0000     0.0001    33.1857   246.7730   -10.8783    82.1470    54.4579   121.8870
   550.0000     0.0001    40.1201   267.5580    30.4804    91.6487    43.2132   137.4480
   550.0000     0.0001    41.7583   269.1320    -3.2029    96.8509    59.8508   110.7780
   550.0000     0.0001    58.0985    55.8596    24.5909   -44.3074    64.7985   -97.7258
   550.0000     0.0001   172.5310   115.0700    60.3908   228.3760    20.6445    -6.0648
   550.0000     0.0001    41.6013   148.4620    -5.9967    85.8019   249.1430     8.4551
   550.0000     0.0001    53.4881   163.3140   -10.1744    81.2781   229.6860    46.6711
   550.0000     0.0001    71.9602   259.5320    34.7906    88.2919    63.6922   152.3860
   550.0000     0.0001    93.6441   177.6270    80.7154   109.0760  -166.2380   120.1650
   550.0000     0.0001    51.9032    61.2970    23.4142   -46.6254    39.1213  -149.8730
   550.0000     0.0001   203.4580   -31.9313   227.3570   -52.6710   -86.0357   -50.1873
   550.0000     0.0001    57.2524   254.0790    33.3847   120.8780     6.4978   134.7760
   550.0000     0.0001    87.7316   214.0660    65.9850   128.8510  -121.0380   156.9570
   550.0000     0.0001    88.8057   155.5510    85.5977   126.1400  -215.1910   143.2410
   550.0000     0.0001    86.3427    47.7734    41.1760     2.8025   -72.5764  -152.2900
   550.0000     0.0001    37.5807   246.9070   -19.3809    72.8522    49.9388   116.6130
   550.0000     0.0001    14.5632   262.7930   -22.2342    60.7400    64.1350    93.5592
   550.0000     0.0001    72.0940   224.7170    35.1807   131.1380   -46.0903   176.8600
   550.0000     0.0001    85.0114    54.9630    63.0467   -69.2988  -242.6310  -100.3150
   550.0000     0.0001   301.0420   111.8910   149.5540    21.2292  -181.3750     6.1214
   550.0000     0.0001    95.8473   104.6290    72.8093    62.1665  -440.3520    75.5083
   550.0000     0.0001    86.2084    71.5206    74.4343    28.4186  -289.5010  -140.7040
   550.0000     0.0001    37.9270   283.4250   -45.3068    77.1988   112.8870    65.5170
   550.0000     0.0001    87.2399   145.5620    93.8395    76.3592  -254.3890   115.2210
   550.0000     0.0001    92.4065    74.7411    77.7882   -68.1399  -322.6390  -127.3470
   550.0000     0.0001   -20.6713   257.0290   -84.5322    40.1723   126.1060    13.6589
   550.0000     0.0001   158.4870   -53.5899   166.0710   -86.3055   -51.1715   -83.8994
   550.0000     0.0001    77.7675    58.4451    70.0605   -45.8558  -265.2990   -47.1694
   550.0000     0.0001    44.9742   224.4120    14.4104   121.8820    46.8340   152.3050
   550.0000     0.0001    72.8608    49.5090    26.9235   -35.4734    30.1871  -101.7720
   550.0000     0.0001    92.2031    94.5675    78.2653    49.9058  -390.6360   -60.5015
   550.0000     0.0001    47.3146    65.4104    29.4472   -26.2461    99.3038  -118.7620
   550.0000     0.0001    92.0572    61.0209    63.5422    26.2649  -240.1860  -129.9460
   550.0000     0.0001    14.2547   278.6010   -88.5075    64.9232   128.0480    12.7040
   550.0000     0.0001    60.9370    56.1995    53.9012   -66.7855    -4.8702  -188.2560
   550.0000     0.0001    79.4023    50.0809    29.3222   -56.4678   -84.1863  -175.6300
   550.0000     0.0001   -22.3770   191.3840   -58.5269    43.2109   123.5620    45.2783
   550.0000     0.0001    78.1086    36.7734    50.4124   -26.0549  -112.9100   -82.1090
   550.0000     0.0001    36.8785    -6.2290    22.2751   -48.1087   129.1970  -155.2840
   550.0000     0.0001    95.8675   209.0420    56.7709   129.0240  -129.8200   173.7850
   550.0000     0.0001   137.7510   -47.2434   143.1490   -95.1792   -17.6556  -103.8670
   550.0000     0.0001    93.1180    73.5482    72.2672   -28.0028  -335.4070  -110.8690
   550.0000     0.0001    68.1928    51.7923    50.8747   -76.3598  -140.2150  -146.0610
   550.0000     0.0001    74.3008    50.2862    57.8806   -50.7744  -227.9700  -167.6940
   550.0000     0.0001    88.6866   175.8600    55.4576    57.8714  -163.0420   166.3970
   550.0000     0.0001    42.8740   227.8750     5.8656   121.6960    95.0457    96.9994
   550.0000     0.0001    95.6683    88.1516    90.4532    -1.9977  -328.1370     7.1862
   550.0000     0.0001    36.5293   288.6710   -12.2419    69.7471   107.6020    98.8304
   550.0000     0.0001   173.9480   -64.2333   216.0310   -45.0320   -61.6263   -68.7200
   550.0000     0.0001    80.7168   218.8130    55.7791   125.9330   -72.7398   159.1370
   550.0000     0.0001    21.1262   151.6390   -11.7197    49.2141   218.4710    43.6128
   550.0000     0.0001    85.4969   151.6130    74.4791    99.7464  -254.9640   102.8090
   550.0000     0.0001   116.7900   157.7320    74.9924   146.3330  -215.0890   135.1710
   550.0000     0.0001    91.1895   213.0960    54.6275   124.7290  -107.9280   159.7040
   550.0000     0.0001    66.3257    51.3329    33.1208   -44.7144     2.1109  -137.1590
   550.0000     0.0001    27.7248   266.4910   -13.6155    81.4201    79.0200   101.5560
   550.0000     0.0001    89.5157    93.2872    88.5765   -45.3980  -336.1890   -85.2393
   550.0000     0.0001    64.3092   244.3430    40.4522   130.4260   -24.3841   135.8920
   550.0000     0.0001   130.0570    20.6661    34.6108    32.4239   -62.5440   -40.1958
   550.0000     0.0001    12.0951   216.0340    14.3164    54.7560    92.6887   124.3160
   550.0000     0.0001    64.8907   249.9840    25.3388   111.5510    46.8587   157.5740
   550.0000     0.0001    91.6906   215.2020    31.0225   111.3330  -101.4820   138.6140
   550.0000     0.0001    84.0795    84.9212    78.0163    -7.7227  -372.5770   -78.3457
   550.0000     0.0001    82.8369    60.8221    73.2457   -25.0766  -237.3880  -120.2860
   550.0000     0.0001    87.3494   137.3300    90.0531   111.4500  -281.3200   106.5210
   550.0000     0.0001    89.2871    81.6349    72.9813    53.2252  -379.9340   -45.6088
   550.0000     0.0001    37.4256   280.6440   -76.9434    67.6929    95.5562    37.0191
   550.0000     0.0001    87.4541    59.7445    57.2196   -54.5434  -240.3660  -184.5590
   550.0000     0.0001   103.6620   -38.5907   109.2950  -106.7910    20.9140  -127.0720
   550.0000     0.0001    26.1943   214.9420   -70.4124    66.0756   124.5170    46.7445
   550.0000     0.0001    75.5308    -8.5597    90.7090   -93.0784    71.4038  -181.3860
   550.0000     0.0001   262.5170   -17.9628   163.3170   -57.4211  -120.2540   -13.8559
   550.0000     0.0001    91.3585    71.9994    76.1184    19.7491  -274.0520  -144.5240
   550.0000     0.0001    71.3292   246.4290    59.2487   133.9420   -23.6635   152.4120
   550.0000     0.0001    34.1884    86.5591   -20.2383   -15.0034  -161.5560   -29.7638
   550.0000     0.0001    73.6888   265.4560    16.9283   118.9720    29.4078   130.6010
   550.0000     0.0001    73.6393    47.2453    42.7029   -28.3782  -124.4660  -156.3760
   550.0000     0.0001    86.9139   276.4500    16.2987   113.7020    28.5786   108.6920
   550.0000     0.0001    83.2129   169.1620    69.5400    73.5743  -164.6950   170.9290
   550.0000     0.0001    10.1892   258.3250   -22.0028    67.5638    68.5102    93.5295
   550.0000     0.0001    73.6472    50.2027    33.9913   -35.7089     6.8435  -134.0060
   550.0000     0.0001    51.0610   252.9080   -31.4553    81.1117    81.8563   105.1840
   550.0000     0.0001   101.7340   137.8590    90.6385    34.0406  -295.9570    54.6877
   550.0000     0.0001    96.4254    44.0525    60.0075     9.8051  -259.9530   -96.2469
   550.0000     0.0001    73.3269   253.2810   -20.9199    99.7569    67.1752   114.0800
   550.0000     0.0001    86.2740    70.7903    67.1453   -40.5181  -339.9360   -91.9398
   550.0000     0.0001    45.7891   290.5120   -16.7205    49.3608   104.7100    95.2723
   550.0000     0.0001    79.4237   249.6140    37.3094   126.9410   -25.8949   132.5030
   550.0000     0.0001    44.9349    90.9979   -15.1062   -32.9483  -205.8000   -48.4704
   550.0000     0.0001    57.3306    78.0477    10.6713   -17.8487   110.3910   -65.8724
   550.0000     0.0001    87.3774   119.0320    31.4931  -113.5640  -121.4000   376.4400
   550.0000     0.0001    93.3726   221.9930    58.9494   156.7750   -83.4805   188.2450
   550.0000     0.0001    64.8998   283.9730    41.4151    77.1223    35.4553   127.3290
   550.0000     0.0001   113.7490    15.5001    70.8488    60.1284  -216.1380   -17.0851
   550.0000     0.0001    74.1251   205.8280    50.1864    98.2802  -105.4890   144.7950
   550.0000     0.0001    65.5838   189.1030    -0.6569   145.2710   167.5780    86.1570
   550.0000     0.0001    35.6178    37.5385    23.9640   -39.4815   222.6380  -148.6940
   550.0000     0.0001    23.1484   246.0820    -7.7676    57.8468    78.3498    99.0051
   550.0000     0.0001    48.9580    23.2729    46.7243   -71.3976   153.2650  -211.0800
   550.0000     0.0001   -11.7548   306.7050  -116.9500    27.6068   149.4080   -25.4727
   550.0000     0.0001    71.7595   261.0650    31.3841   123.0110    12.9775   136.8970
   550.0000     0.0001    79.6403    57.8321    50.9743   -15.4481  -193.0450  -193.5950
   550.0000     0.0001    69.0612   289.2510    -2.1923    96.4532    93.2364   108.5960
   550.0000     0.0001    43.9465   254.0400   -11.5324    98.8188    71.1051   116.5500
   550.0000     0.0001    90.0516    68.2163    65.2830   -26.0984  -313.4180  -153.9950
   550.0000     0.0001   101.7000   159.9040    78.2743   148.3840  -109.9280   181.6100
   550.0000     0.0001    35.9073    78.5948    85.7541   -59.9154  -107.8230   111.3180
   550.0000     0.0001    90.5271   226.9370    49.4739   139.5220   -86.2930   154.3450
   550.0000     0.0001    82.2612   203.4110    50.0097   123.4810  -109.2280   169.4850
   550.0000     0.0001    63.0339    47.8877    10.6903    -0.8274   -33.0078   202.2710
   550.0000     0.0001    93.2944   -52.1311   124.0670   -78.3459    11.6043  -133.6750
   550.0000     0.0001   138.4460   -58.7984   167.0190   -61.0731   -24.5680  -107.0190
   550.0000     0.0001    83.1896   210.2780    62.7155   145.6840   -97.9189   183.5270
   550.0000     0.0001    83.1501   190.3970   -20.8809   150.9120   139.7010    85.2169
   550.0000     0.0001    56.8901    59.2915    46.2281   -54.9604    94.7593  -124.8160
   550.0000     0.0001    17.1517   292.1910   -24.4137    68.9433   108.0980    71.8512
   550.0000     0.0001    84.9155    57.4675    60.5207   -58.5052  -219.6490  -176.5060
   550.0000     0.0001    61.2501    53.0238    45.2861   -88.4296  -112.1260  -192.9350
   550.0000     0.0001    64.0933   229.1330    37.2235   128.5960   -45.0768   157.3940
   550.0000     0.0001    -9.7144   265.6220   -89.8915    41.7344   131.1400     3.9292
   550.0000     0.0001   170.5810   -66.8192   250.3070   -17.6778   -71.3309   -64.8327
   550.0000     0.0001    58.0346   238.5060    40.3827   105.9640   -44.4829   141.7970
   550.0000     0.0001   -29.2737   279.5940   -82.1297    19.4662   130.4730    16.3443
   550.0000     0.0001    78.8408    48.1908    42.4541   -17.7625   -81.4854  -158.8700
   550.0000     0.0001    95.9639   105.8690    93.3432    24.7600  -339.0690    -8.8138
   550.0000     0.0001    76.3795   211.0630    56.9311   150.1890  -101.8330   200.5630
   550.0000     0.0001    79.7308    47.8119    67.0077   -15.0715  -180.3660  -109.0420
   550.0000     0.0001    82.5082   -21.5013    82.3455  -126.4240    67.9285  -133.8430
   550.0000     0.0001    80.2192   220.8880    56.7633   104.8070   -82.6700   194.5320
   550.0000     0.0001    51.7006    99.7093     9.9391   -42.2367  -258.8680  -147.0190
   550.0000     0.0001    36.0224   257.6020     9.2313   101.2410    48.0921   120.3430
   550.0000     0.0001    72.2839   214.2720    61.4244   128.1040   -64.7827   221.5000
   550.0000     0.0001    26.6122   318.6090   -64.6950    37.1682   127.6430    30.6476
   550.0000     0.0001   101.2890    95.8147    81.8141   118.5620  -385.6150   -57.5030
   550.0000     0.0001    56.3010   272.5380   -12.3256    97.2652    90.8298   107.3220
   550.0000     0.0001    83.5219    70.4167    70.3722   -60.0780  -237.2640  -202.4320
   550.0000     0.0001    86.8859    70.8214    85.4304     5.5143  -292.5960   -69.0550
   550.0000     0.0001    27.6922   250.9010   -34.2341    82.8988    77.6158    93.5206
   550.0000     0.0001    62.3452   257.1780   -83.2160    86.3806   112.2690    34.2421
   550.0000     0.0001     8.5250   292.3010   -33.4337    35.4298    92.7720    72.9369
   550.0000     0.0001    71.4026    57.9065    25.4646   -50.1382    82.3981   -67.3612
   550.0000     0.0001   -17.1963   297.7590   -71.9642    13.0200   138.1030    30.3140
   550.0000     0.0001    95.9663   237.2650    25.0645   118.9840    -3.2004   166.7040
   550.0000     0.0001    30.7165   260.6960   -18.7513    63.5609    44.2488   102.9350
   550.0000     0.0001    89.8165   123.3550    76.5817     6.2159  -372.0940   108.9770
   550.0000     0.0001    28.9044   174.2890     7.5109    51.4502   206.5760    98.8694
   550.0000     0.0001    38.1859   119.7240   -17.3663    60.1911   252.0160   -44.0053
   550.0000     0.0001   295.2170   149.0730   152.3000    44.4841  -188.0280    15.6002
   550.0000     0.0001    86.7186   244.3140    79.3963   117.3810   -23.0480   196.0810
   550.0000     0.0001    74.8712    60.4115    71.5612  -119.5170  -250.8910   -16.1851
   550.0000     0.0001    49.9991   277.0090    50.4409    61.4530    42.0634   151.8460
   550.0000     0.0001   102.2940    55.1297    77.9044    96.6463  -312.2770   -12.4776
   550.0000     0.0001    99.1461   108.8610    94.2792    69.5129  -326.4080    -9.0394
   550.0000     0.0001    91.4822   211.6230    51.3564    65.3581  -121.4070   170.8390
   550.0000     0.0001    85.2995    47.2762    39.5127   -13.8036   -69.5598  -135.1690
   550.0000     0.0001    86.0457   175.7730    80.6491   137.2390  -196.8940   167.1450
   550.0000     0.0001    72.8876   152.8370    70.7544    17.3927  -258.8200   192.3610
   550.0000     0.0001    72.7196   277.5940    14.5824   117.6560    50.6840   114.5770
   550.0000     0.0001    58.8321    49.0098    43.3558   -33.8310   -26.4743  -161.7390
   550.0000     0.0001    68.2256   177.0590    67.6607    56.8982  -136.9650   158.4800
   550.0000     0.0001    95.7342   207.8280    51.3253   101.7570   -87.4332   189.1850
   550.0000     0.0001    52.8810   160.6030   -17.8086   129.2840   206.2640    29.9535
   550.0000     0.0001    82.4867    52.4024    45.0285   -36.9110  -179.5720  -194.6770
   550.0000     0.0001    85.0475   109.4560    86.6620    95.4456  -373.1170     8.4417
   550.0000     0.0001    77.7092    17.4486    72.5684   -90.4976    96.8304  -232.1550
   550.0000     0.0001    59.8567   232.9160    23.6003   125.6680     5.9441   156.6230
   550.0000     0.0001    38.5358   278.6540    35.3429    89.5015    47.3263   122.8880
   550.0000     0.0001    92.1424   172.9020    67.0040    87.1778  -177.3820   117.4820
   550.0000     0.0001    64.0602   285.1950   -48.8099    79.8638   110.7740    63.0752
   550.0000     0.0001   274.9600   203.0650   139.7960    93.4208  -190.8030    28.2526
   550.0000     0.0001    31.6758   117.7240    24.0561  -135.5380    -4.5253  -179.6880
   550.0000     0.0001   140.9090    27.6552    73.8188   118.1460  -172.9580   -16.2818
   550.0000     0.0001    62.2951   275.0560    26.4113    95.3712    17.8285   108.2960
   550.0000     0.0001    79.6510   209.9050    51.5330   126.9210  -107.3780   189.5390
   550.0000     0.0001   114.6350   132.7330    93.6934    69.2380  -225.5120   112.1360
   550.0000     0.0001     8.0643   235.3050   -57.7585    49.3351   116.3000    54.7511
   550.0000     0.0001    30.3162   250.4150   -19.9504    84.6217    74.7733   109.8160
   550.0000     0.0001    12.4784   295.2110   -41.8774    63.8222   117.5080    53.7324
   550.0000     0.0001    64.8545    16.8280    62.9131   -76.1368   120.2230  -227.8160
   550.0000     0.0001    53.0858   278.5500    17.6907   111.6290    68.0183   114.1980
   550.0000     0.0001    52.2288    51.4781    40.7597   -72.2836   -11.0926  -116.5730
   550.0000     0.0001    88.3724   173.1860    59.6328    71.6876  -162.5170   183.6320
   550.0000     0.0001    70.6196    48.1726    46.0871  -102.2530   -92.7145  -167.7830
   550.0000     0.0001   131.4630    10.1919    57.9487    66.1322  -144.2570   -25.3737
   550.0000     0.0001    54.8520    45.1410    43.2256   -62.3845   -23.3358  -108.8430
   550.0000     0.0001    63.6097   321.4630   -17.6480    70.9481   119.4930    71.7746
   550.0000     0.0001   189.1900   -53.8688   188.7620   -67.2782   -74.8245   -64.6521
   550.0000     0.0001    91.0201   228.4040    43.0573   122.5210   -81.3098   153.3370
   550.0000     0.0001    54.7728   311.0770   -53.0369    64.2254   128.3420    46.8332
   550.0000     0.0001    91.0405    85.0845    67.3104  -192.4000    76.4372    83.3780
   550.0000     0.0001    84.9642   252.7610   -15.0565    98.6964    92.0418    95.1305
   550.0000     0.0001    67.7080   191.4980    66.1387    63.2108  -134.3780   172.5830
   550.0000     0.0001   150.2960   -53.3711   146.8590   -92.5743   -25.6285   -91.7585
   550.0000     0.0001    87.1706    86.0122    88.7896   -19.8463  -316.2840  -103.4750
   550.0000     0.0001    41.2548    72.2059   -13.5104     3.0768  -201.2940   -13.1598
   550.0000     0.0001    54.9457   262.9540     9.3370   110.5690    45.8139   124.4410
   550.0000     0.0001    99.8292   207.7470    52.1502   101.5440  -144.6250   142.8670
   550.0000     0.0001    49.0768   309.3220     4.4495    75.9611   113.3400    96.9726
   550.0000     0.0001    48.4848   212.3480   -27.4972   117.5990   123.2540    70.7795
   550.0000     0.0001    46.7732    57.9704    38.4081   -50.3765    69.4992  -117.8670
   550.0000     0.0001   175.1920   183.9870    49.3036    78.2550    46.8054     3.4317
   550.0000     0.0001    96.3814   272.8890    14.1852   123.7500    35.0692   118.4990
   550.0000     0.0001    40.6184   225.8070   -34.3509   120.1370    95.5728    84.5151
   550.0000     0.0001    73.6807    63.3110    66.4605   -79.4348  -246.7960  -151.6900
   550.0000     0.0001    89.4120   224.9950    40.1003   112.4350   -75.5584   170.2580
   550.0000     0.0001   -20.6713   257.0290   -84.5322    40.1723   126.1060    13.6589
   550.0000     0.0001    36.6463    54.4300    -3.1665    53.9593  -159.4590   -57.3754
   550.0000     0.0001    70.4496   281.6870     5.1830   107.8590    89.7161   116.8720
   550.0000     0.0001    91.7107   109.2200    86.5021    16.3204  -370.8200     0.6823
   550.0000     0.0001    59.7643    55.1720    27.2511   -30.8440    75.8237  -105.5120
   550.0000     0.0001    95.6440   119.3550    90.5021    51.9345  -324.6230   131.2740
   550.0000     0.0001    84.9679   219.7770    58.4572   143.9990   -91.6295   169.7550
   550.0000     0.0001    79.5784   267.2010   -15.1148   101.7210    46.2047   109.7230
   550.0000     0.0001    72.9149   298.6020   -22.6524    84.7456   111.1610    89.7705
   550.0000     0.0001    10.0788    78.2027   -10.2210    71.1862   217.2810   -92.2993
   550.0000     0.0001    85.2666   293.1770    28.0312    88.3399    80.5637   132.4340
   550.0000     0.0001   132.6600    23.8266    89.0065   117.3420  -190.7600    23.9010
   550.0000     0.0001    83.5929   164.6520    65.2027    84.3827  -188.3350   151.1640
   550.0000     0.0001    43.4226   -35.3060    80.3391   -55.2957    68.2110  -156.8950
   550.0000     0.0001    61.9897   234.2280    32.3309    85.9719   -36.6114   164.9080
   550.0000     0.0001    42.6117   254.5340    -2.4274    86.7371    96.1332    91.9253
   550.0000     0.0001    58.2509    43.9564    45.8466   -84.3946   -74.5095  -126.9570
   550.0000     0.0001    74.0146   214.9890     6.7424   111.3280   135.5650   110.4750
   550.0000     0.0001    74.7172   211.9840    53.0809   122.8670  -107.2580   164.0210
   550.0000     0.0001    94.5277   209.2600    65.4191   134.9170  -133.4220   167.1490
   550.0000     0.0001    84.1508   216.7190    75.0988   157.3730   -86.0272   194.9280
   550.0000     0.0001    45.7911   251.7220   -13.1969    70.4304    38.0491   125.9700
   550.0000     0.0001    83.5901   160.7710    74.9968    95.6643  -216.8480   131.7910
   550.0000     0.0001    21.6481   265.2910   -11.4837    82.3752    76.1684   101.2720
   550.0000     0.0001   100.1540    46.0252    43.1435    21.5443  -205.7020  -162.3490
   550.0000     0.0001    53.9109    56.7535    35.5458   -23.4276    59.3906  -130.6110
   550.0000     0.0001    68.3437    -7.9438    79.2474   -99.3547    84.0856  -178.4520
   550.0000     0.0001    63.4742   292.0270   -46.6029    85.7122   101.5150    68.7585
   550.0000     0.0001    91.9662   209.9030    39.8136   137.9580  -100.4870   181.7050
   550.0000     0.0001    42.6760   229.6640    11.8157    97.8697   114.7410   101.3260
   550.0000     0.0001    33.1806   284.8510    18.9802    86.8281    75.5460   112.8670
   550.0000     0.0001     0.1322   280.2760   -37.8321    39.8452    90.9732    72.4599
   550.0000     0.0001    91.3452    -7.0266    93.8982  -116.8400    65.6459  -164.1100
   550.0000     0.0001    91.6865    54.1083    60.0485   -55.7792  -209.9370  -149.0800
   550.0000     0.0001    26.4692   247.9960    16.4107    86.1507    15.6355   125.1140
   550.0000     0.0001    19.1160   284.6650   -70.8702    69.2874   120.6170    31.2559
   550.0000     0.0001    85.7059    57.5994    68.0992   -79.2056  -289.6410  -102.0950
   550.0000     0.0001    99.2140   130.4180    75.3834     6.4212  -300.6320   205.1720
   550.0000     0.0001   266.1520   -41.7308   189.7200   -52.7948  -104.0980   -16.0720
   550.0000     0.0001    50.9103   165.5690   -29.6995   121.4790   184.5750    34.8317
   550.0000     0.0001    66.5710    62.1927    94.3089    43.5795    26.4810   -25.9950
   550.0000     0.0001    66.8804    51.0722    30.8679   -43.2494    44.3273   -99.4410
   550.0000     0.0001    88.4571   136.1990    65.4401   120.7320  -300.7140   170.0160
   550.0000     0.0001    80.3479    61.1926    59.9972   -84.6289  -202.8080  -166.0380
   550.0000     0.0001    11.8252   220.9100    -2.3611    47.7854    69.2796   100.0310
   550.0000     0.0001    60.0450   275.6470    10.1184   113.0910    56.5769   110.8520
   550.0000     0.0001    27.9924   246.0660     2.8495    81.5149    96.2841    95.2198
   550.0000     0.0001    67.7080   191.4980    66.1387    63.2108  -134.3780   172.5830
   550.0000     0.0001   113.4440   189.7290    47.3315    99.0426  -145.7000   172.3360
   550.0000     0.0001    87.2126   210.7860    54.4346   111.9570  -101.1630   204.6060
   550.0000     0.0001   -11.2647   274.1240   -42.5796    26.0469   112.7460    59.3872
   550.0000     0.0001    70.7053    47.0596    26.7881   -54.6988   -70.9611  -136.7830
   550.0000     0.0001    83.7999   221.6420    55.4666   125.2160   -74.9744   206.9440
   550.0000     0.0001    34.4632     7.5670    28.0882   -44.4989   166.4670  -148.0650
   550.0000     0.0001   105.2870   262.7760    63.0499   105.0450     9.6603   164.3960
   550.0000     0.0001    72.5957   208.8900    -0.2641   101.9810   147.5430    86.9180
   550.0000     0.0001   109.4470   171.6490    57.6408   173.1930  -169.5500   135.4470
   550.0000     0.0001    67.1377   -77.4657   119.4500   -56.8593     0.9312  -124.8170
   550.0000     0.0001    97.2545   132.3460    90.3214    99.6218  -285.1790   143.6260
   550.0000     0.0001    97.5783    80.4449    87.4951    18.7098  -294.0480   -86.8193
   550.0000     0.0001    91.0405    85.0845    67.3104  -192.4000    76.4372    83.3780
   550.0000     0.0001     6.7238   199.8090   -94.5755    68.4281   112.5890     7.2901
   550.0000     0.0001    97.9687   122.4310    91.1124    89.9667  -315.8240    79.6661
   550.0000     0.0001    46.9135    -7.7545    58.5901   -97.5541   115.0180  -152.4520
   550.0000     0.0001    37.5411   263.3880   -16.6884    82.3981   100.0700    77.7787
   550.0000     0.0001    48.3391    42.2725    27.5838  -103.0800   222.7230  -157.0370
   550.0000     0.0001    60.1950   202.1700   -20.5868   130.0970   136.3640    72.6282
   550.0000     0.0001    82.9686   167.7130    70.2242    64.4470  -190.7600   114.8330
   550.0000     0.0001    93.2280   140.4200    77.2008    93.3800  -296.4240    97.4980
   550.0000     0.0001    52.0465   249.7890     8.1733    85.4923     5.7187   120.7450
   550.0000     0.0001    93.2961   171.9250    59.5762    70.1859  -175.8080   169.8410
   550.0000     0.0001    94.3520   164.0540    81.2044   109.0630  -205.9530   139.1400
   550.0000     0.0001    61.3591   281.8340   -22.0483    92.9347   105.5750    93.5974
   550.0000     0.0001   168.9910    79.8221    67.3483   231.7790   -71.0676    -1.4304
   550.0000     0.0001    87.5367    57.6622    33.1276   -36.3034   -10.7719  -194.7100
   550.0000     0.0001   -18.3864   197.0800   -40.5031    31.5906   127.8170    70.7028
   550.0000     0.0001    78.0761    45.6272    57.9311   -45.2376  -120.8300  -119.9300
   550.0000     0.0001    50.8078    74.1291    -4.7504   -11.4774  -238.3270   -45.4423
   550.0000     0.0001    84.4170    61.2698    62.7309   -69.5593  -273.8010  -114.6910
   550.0000     0.0001    50.6736   291.4800    -5.1347    86.7386    69.3212    93.7200
   550.0000     0.0001    74.3183    46.4879    72.6256   -95.6237   -99.7154  -107.3380
   550.0000     0.0001    87.5671   202.1320    45.7658   128.9780  -110.3360   165.1660
   550.0000     0.0001    71.5967    54.5604    69.4104   -96.0764  -226.3620   -31.5186
   550.0000     0.0001    83.3162    85.2182    73.5599   -17.0587  -391.2400   -95.3955
   550.0000     0.0001   195.4740   -79.2102   137.6380   -89.2779   -76.1666   -33.6232
   550.0000     0.0001    84.2403   211.9790    37.6094    95.0700   -97.4766   188.4480
   550.0000     0.0001   111.4630   -51.0584   107.3820  -137.4210   -11.7357   -83.5157
   550.0000     0.0001    97.2671   210.8770    57.7919    84.0482  -140.1060   145.7830
   550.0000     0.0001    77.4878    43.4949    40.7039   -43.8051    -1.0002   -81.8409
   550.0000     0.0001    80.8236   224.3200    68.1991   148.7160   -83.6290   167.9930
   550.0000     0.0001    74.0988    45.2646    47.0777   -26.6501   -97.0395  -152.2890
   550.0000     0.0001    97.1070   206.6930    62.7448    78.4926  -153.2890   182.4700
   550.0000     0.0001    53.3389    72.9930    10.0424   -26.5569    85.8426   -85.0557
   550.0000     0.0001   103.0230    -5.6065   103.5330  -109.8700    13.5557  -184.2170
   550.0000     0.0001    62.2704   234.1300    37.0634    89.2904   -10.4967   190.5760
   550.0000     0.0001    83.6710    52.1129    50.4487   -30.3509  -111.8870  -165.8610
   550.0000     0.0001    42.3561   262.6950    -6.8472    92.9564    93.4760   108.9490
   550.0000     0.0001    63.7685    49.7943    35.2340   -53.9101   -87.2033  -165.9830
   550.0000     0.0001    19.0239   307.5770   -50.1585    32.2362   118.1490    53.5410
   550.0000     0.0001    19.2351   299.5440   -54.2708    31.3192   126.4820    53.3521
   550.0000     0.0001    89.0472   192.1950    85.0921    88.6668  -142.4570   165.1250
   550.0000     0.0001    61.3422   -11.5107    66.9262   -62.2182   110.2910  -176.2660
   550.0000     0.0001    91.4608   207.5570    72.0169   149.7620  -129.3860   157.1470
   550.0000     0.0001    80.2011   100.4470    72.3963    58.7844  -498.9240   -30.8200
   550.0000     0.0001    58.6345   286.6480    11.2628   103.1370    78.7535   116.0940
   550.0000     0.0001    64.6339   163.6460    56.2220   134.3740  -184.4940   173.2090
   550.0000     0.0001    72.7172    53.1152    53.7352   -42.6396  -192.2330  -161.1560
   550.0000     0.0001    61.2239    47.9470    45.1489   -47.4600   -48.7270  -152.8450
   550.0000     0.0001    38.4066   291.8630   -45.6687    54.6424    95.0895    72.2840
   550.0000     0.0001    67.6942    59.3233    19.8157   -56.7215    37.8270  -105.0990
   550.0000     0.0001    51.7570   125.5320    31.6135  -135.7030  -169.3760  -236.7410
   550.0000     0.0001    31.5293    62.1287     3.0773     9.7726   239.3860  -139.0230
   550.0000     0.0001   271.4590   298.8280   150.2540   128.2750  -139.8630    39.8006
   550.0000     0.0001    67.2576   243.8430    64.3769   125.0470   -20.4387   169.5500
   550.0000     0.0001    64.0923   185.3390   -43.8971   126.4790   141.8220    53.5966
   550.0000     0.0001    90.5779   -35.5078   111.0870   -72.6535    36.1528  -153.3550
   550.0000     0.0001     3.1892   286.1910   -33.3178    54.0072   108.1330    69.2651
   550.0000     0.0001    76.8642    61.0840    58.2742   -53.5670  -239.2090  -175.5230
   550.0000     0.0001    35.8456   246.9420   -24.2995    72.7614    61.5746   115.3420
   550.0000     0.0001    58.9997   239.9240     8.7088    82.5910    11.5424   154.0820
   550.0000     0.0001    38.6312   268.9870    -6.5227    54.6235    76.9772   102.0030
   550.0000     0.0001   -24.8683   296.5190   -73.1563    14.1845   139.5040    22.0541
   550.0000     0.0001    85.7589   172.3360    68.9738    72.5639  -157.9720   135.9000
   550.0000     0.0001    32.4022   110.0520    30.0104  -133.7950  -170.8230  -177.8780
   550.0000     0.0001    80.3642   237.1410    37.5891   146.4730   -44.7062   135.4850
   550.0000     0.0001    91.4583   215.2550    49.5772   113.4890  -122.6240   159.0980
   550.0000     0.0001    72.6046   159.7950    28.8579   108.5420  -128.2320   268.1300
   550.0000     0.0001    83.1567    43.6158    59.9662   -65.3527  -236.7750  -117.3130
   550.0000     0.0001    26.9028    99.7726   -13.3775    63.5265   249.8780   -62.1274
   550.0000     0.0001    63.0348    46.2006    41.1761   -31.3312   -32.9512  -154.1320
   550.0000     0.0001    -5.8634   252.2040   -46.6650    47.4204   119.2170    52.2824
   550.0000     0.0001    87.3127    56.4937    56.2840    -6.4988  -237.7240  -144.7690
   550.0000     0.0001    83.4615   270.0530    51.3024   109.9010    23.9527   158.6010
   550.0000     0.0001    39.8478   102.5240    16.4000   -65.4704  -195.5110  -190.2110
   550.0000     0.0001    70.7726   159.3290    62.2877   136.6230  -198.6320   175.9430
   550.0000     0.0001   120.5930   -33.1523   141.3780   -80.5487    -1.1446  -137.3230
   550.0000     0.0001    62.1116   172.8760    -3.3629   117.1730   216.4750    55.8552
   550.0000     0.0001    68.1395   197.1690   -17.4434   139.0580   139.9910    74.5287
   550.0000     0.0001    89.0471   210.5280    62.4733   150.9490  -111.9810   181.6630
   550.0000     0.0001   165.5240    64.4160    89.9103   185.1350   -95.4087    29.6806
   550.0000     0.0001    69.4144    47.9649    38.9374   -45.8953    52.1174   -81.3382
   550.0000     0.0001    91.2003    62.3905    62.1888   -35.0974  -269.8500  -152.1930
   550.0000     0.0001    50.7814   184.2100   -13.5513   124.8160   172.8260    59.4374
   550.0000     0.0001    96.6757   211.3370    64.1169   155.3950  -137.7430   163.0240
   550.0000     0.0001    13.3903   300.6610   -96.6792    35.2309   148.1130     3.3769
   550.0000     0.0001    48.2445   280.6700   -52.7440    81.8604    83.7981    62.7416
   550.0000     0.0001    89.8193   158.7000    61.6919    76.8577  -222.3840   120.3130
   550.0000     0.0001    84.6346   243.2630    -4.5217   127.5990    86.0262    98.2910
   550.0000     0.0001   115.3800    93.8366    87.2376   109.4870  -306.1300     5.8906
   550.0000     0.0001    72.7893   274.3790    47.8411    81.7451    56.7250   163.3330
   550.0000     0.0001    83.4829    72.7058    72.4576   -54.3424  -339.2570   -21.4676
   550.0000     0.0001   247.8300   -33.4745   153.6580   -73.2685  -112.1300   -21.1563
   550.0000     0.0001    82.5295   222.1000   -14.9669   124.2990   108.5020    92.1204
   550.0000     0.0001    69.7696   247.6620    20.4912   134.7420    32.6229   146.8960
   550.0000     0.0001    59.6839    80.6630    24.8258    15.6312   185.3840   -44.0374
   550.0000     0.0001    93.1901   158.8160    73.1937    72.5332  -219.4040   170.3260
   550.0000     0.0001    59.5512    55.4723    39.1979   -18.9087    86.4135   -97.0117
   550.0000     0.0001    89.0073    84.0060    81.1831    -3.0088  -320.3170  -160.6030
   550.0000     0.0001   108.9320   -28.4615   119.2220   -95.9024    12.5259  -149.1240
   550.0000     0.0001   155.5920   -62.0609   188.2840   -71.0610   -55.6814   -78.8561
   550.0000     0.0001    83.6713    35.5087    42.6214    -3.6021  -184.2980  -146.4610
   550.0000     0.0001    80.5354    78.6256    89.9541     2.0938  -365.0810   -32.0097
   550.0000     0.0001    63.8512    64.4618    17.1279   -48.9111    74.0812   -76.1259
   550.0000     0.0001   110.1620   125.6840    99.8535   136.2210  -280.9900    87.1476
   550.0000     0.0001    38.4066   291.8630   -45.6687    54.6424    95.0895    72.2840
   550.0000     0.0001    81.2255   172.6360    61.8225    66.1885  -162.9540   175.4510
   550.0000     0.0001    28.1276   251.2580   -22.9770    82.0407   105.7140    73.7551
   550.0000     0.0001    44.7455   292.6900   -62.8555    83.7989   110.1450    42.4169
   550.0000     0.0001    71.0619    59.4044    20.6691   -83.7496    55.7289   -76.1062
   550.0000     0.0001    27.9450   255.6650   -29.2275    84.6771    87.7958    90.9736
   550.0000     0.0001    45.7631   136.9920   -13.4170   123.3710   244.8370    13.6369
   550.0000     0.0001    74.9685   284.5060    24.1651   107.0860    49.6728   123.5010
   550.0000     0.0001    86.5166   223.4730    21.9654   110.5980   -57.7468   145.0120
   550.0000     0.0001    28.8148    90.6094   -22.7439    51.4323   232.6000   -75.8495
   550.0000     0.0001    -6.8456   301.0410   -56.6612    19.2146   131.4570    45.4994
   550.0000     0.0001    30.3363   252.0180     1.9053    86.2368    47.1786   126.4020
   550.0000     0.0001    84.3088    58.0750    53.9572   -72.4506  -230.9830  -184.8980
   550.0000     0.0001    85.5171    77.6089    71.5526    55.1371  -341.8170  -125.4620
   550.0000     0.0001   154.1740    55.2057    53.1860   -35.5744    11.5363    -5.5123
   550.0000     0.0001    94.1241   220.3000    68.3240   131.3320  -113.0600   140.8190
   550.0000     0.0001   105.9750    76.6405    92.9578    46.6754  -347.5140    63.1334
   550.0000     0.0001    80.9361   -41.8018    87.4106  -100.4340    41.1536  -131.8390
   550.0000     0.0001    23.8634   262.3300   -18.0057    80.8295    69.8552    98.8902
   550.0000     0.0001    81.6831    46.9125    43.9463   -31.3257  -117.1660  -124.6500
   550.0000     0.0001    45.2741    67.8733   -15.7678    58.4561  -164.8230    54.1413
   550.0000     0.0001    93.1334   107.6860    88.3482    74.3476  -356.3080    23.0755
   550.0000     0.0001   180.0640   -51.1796   188.5430   -73.2135   -66.1162   -68.2366
   550.0000     0.0001    56.6597    90.5753    -9.6272    68.5830    10.6392   286.6710
   550.0000     0.0001    99.1619    82.4967    81.1877    49.5083  -370.8170    -9.6622
   550.0000     0.0001    70.9532    45.4454    42.8811   -22.4032    -7.7953  -137.8170
   550.0000     0.0001    93.7869   -25.3535    93.5762   -98.2532    51.3669  -156.9460
   550.0000     0.0001   104.6110   207.3220    67.0743   128.3460  -142.6050   181.8180
   550.0000     0.0001    53.4105    52.8971    37.4687   -42.2392     3.7001  -145.3520
   550.0000     0.0001    33.6979    86.5022    27.0469   259.6630    45.6539   282.7610
   550.0000     0.0001    70.6637    46.1030    59.5840   -41.4961  -157.7710  -112.9530
   550.0000     0.0001    32.1943   118.3450    -3.1127    44.8213   277.4630   -15.3548
   550.0000     0.0001    68.0252    65.3280    26.4782   -56.3858   128.8160   -39.0379
   550.0000     0.0001    69.3041   163.0510    65.8888    71.1286  -196.0890   151.1440
   550.0000     0.0001    77.9279   164.2520    70.9872    76.5446  -190.3000   152.6030
   550.0000     0.0001    98.9230   -57.1080   143.0140   -36.5273     7.2378  -139.7400
   550.0000     0.0001    63.4556   207.0860    63.1968   143.4560   -94.4829   192.5470
   550.0000     0.0001    76.4143   237.0930    30.4375   118.8030   -35.2626   150.5830
   550.0000     0.0001    69.1389    64.3612    12.3265   -76.2735    40.5805  -116.3730
   550.0000     0.0001    52.9244    83.3745    26.5990    21.1796   192.4770   -43.6720
   550.0000     0.0001   315.2640   142.5340   156.3010    37.3158  -173.1170    15.5615
   550.0000     0.0001    44.2664   250.6840    21.6966    93.4228    18.8908   145.6260
   550.0000     0.0001    90.5343   164.3090    61.9125    56.9708  -196.1330   132.2320
   550.0000     0.0001    62.3085   221.6950    57.1436   128.6150   -63.5785   185.3000
   550.0000     0.0001    65.2431   225.1610   -41.8681    76.8097    82.7146    90.8105
   550.0000     0.0001    56.5097   205.6740   -14.2571    95.9700   148.5150    86.0117
   550.0000     0.0001   129.0600   126.1010   103.3140  -235.8850    44.6656   -37.9536
   550.0000     0.0001    70.9532    45.4454    42.8811   -22.4032    -7.7953  -137.8170
   550.0000     0.0001    98.2595    94.3544    90.7813    44.5794  -332.7750   -37.8924
   550.0000     0.0001    96.9599    78.0712    90.8526     5.2483  -295.7540   -34.5686
   550.0000     0.0001    30.8957   261.7090   -26.9978    84.4135    90.6777    92.6611
   550.0000     0.0001    63.3257    46.6917    37.2479   -99.2112   -25.4342  -126.1680
   550.0000     0.0001    42.9249   272.4220    21.4946    96.3416    30.7817   105.1120
   550.0000     0.0001   256.7000    11.8721   133.9290   -69.9000  -146.9870   -15.4325
   550.0000     0.0001    79.7471   195.9280    -8.3815   136.7600   153.1040    89.9437
   550.0000     0.0001    77.4568    51.0058    49.2849   -89.0654  -149.6980  -175.8900
   550.0000     0.0001   -28.4556   279.1360  -114.1660    16.9976   139.0280   -14.5613
   550.0000     0.0001    80.6729   -59.7223   106.6220  -107.0500    28.2596   -98.4804
   550.0000     0.0001    74.7829    43.5694    56.7574   -22.9000  -118.2980  -112.3980
   550.0000     0.0001    21.3554   183.9360    -1.6884    73.6292   175.0850    83.1267
   550.0000     0.0001    88.7644   171.5250    59.7579    69.9287  -177.5690   166.3760
   550.0000     0.0001    67.4595    49.5115    40.1643   -29.3321   -12.6000  -147.7930
   550.0000     0.0001    32.1310    77.8616    14.0910   189.4820    58.0747   287.6330
   550.0000     0.0001    90.2982   205.7540    53.9678   104.6220   -74.8274   128.5590
   550.0000     0.0001    74.4425   247.5960    33.4429   114.2550   -24.1081   147.1450
   550.0000     0.0001    35.8216   283.3910    12.7205    88.8180    69.3647   109.8180
   550.0000     0.0001    86.4873   161.5750    82.6650    97.9843  -201.3480   137.2660
   550.0000     0.0001   -36.8970   214.4720  -114.6650    28.6476   119.0450   -14.0119
   550.0000     0.0001    33.6295    49.0764    11.4244   -20.8833   218.9590  -161.4930
   550.0000     0.0001    79.6035    44.4013    33.9423   -30.2156   -58.4625  -120.8740
   550.0000     0.0001    54.7137   241.5430    32.8285   103.1590    20.7105   173.7050
   550.0000     0.0001    48.3730   283.0750   -43.7110    88.2152   100.5430    68.9311
   550.0000     0.0001    70.7991   115.7510    58.9205  -136.9060   267.6980   289.4810
   550.0000     0.0001    67.0299    48.3835    40.9379   -32.0003    -4.3968  -137.2110
   550.0000     0.0001    -4.2405   302.9290   -54.7831    23.7873   126.8030    45.0724
   550.0000     0.0001   -31.6799   239.8820   -51.2529    24.3123    94.0138    57.7566
   550.0000     0.0001    55.2253    52.7174    41.5849   -64.1507    -0.2341  -172.6940
   550.0000     0.0001   100.2640    75.7435    65.5435    68.8494  -324.2300  -169.7650
   550.0000     0.0001    84.5043   208.8020    52.6138   162.0640  -138.2610   146.6170
   550.0000     0.0001    33.8499    72.1896    -4.1201    18.6302  -179.1760   -68.3054
   550.0000     0.0001   165.8410   -50.5323   167.3020   -82.9048   -41.9090   -81.2334
   550.0000     0.0001    96.0725   172.1810    76.5641   113.1650  -174.5680   136.7110
   550.0000     0.0001    15.2735   203.0780   -27.1826    68.6725   143.1560    77.6521
   550.0000     0.0001    67.0817    64.7273    23.9290   -50.4952   119.6960   -49.5917
   550.0000     0.0001    69.2083   265.5250   -47.3735    79.1150   101.6300    68.1473
   550.0000     0.0001   169.9910    41.7605    47.0612   120.0610   -96.1868   -22.3876
   550.0000     0.0001   -38.6718   266.5850  -121.0010     5.7145   135.4240   -21.8363
   550.0000     0.0001    66.2511   202.4740     0.0559   132.1510   149.3600    87.0890
   550.0000     0.0001    78.0117   282.4600   -14.0603   106.9880    55.7896    88.5330
   550.0000     0.0001    73.3851   204.1220   -31.5263   121.0000   130.9860    72.7059
   550.0000     0.0001    77.6059   236.2870    10.4049   112.8690   -16.7319   148.0560
   550.0000     0.0001    62.3907   240.3180    39.5198   119.8370   -10.7595   166.8680
   550.0000     0.0001    53.1613   273.1720   -11.2094   106.1190    75.3566    99.8878
   550.0000     0.0001   105.4150   255.3800     2.3072    82.0132    66.6300   130.0430
   550.0000     0.0001    56.0958    97.2530    30.6723    45.7800   237.7050    27.4174
   550.0000     0.0001   -19.7530   256.8210   -73.5029    41.7305   122.3360    26.2354
   550.0000     0.0001    39.4155    58.4001    17.3486   -21.4608   242.5250  -177.8510
   550.0000     0.0001    36.0043    77.6420    -6.6404   -27.2373  -184.5920   -81.9811
   550.0000     0.0001    56.4980   228.7200    28.7687   102.3710   -46.3987   143.0540
   550.0000     0.0001    87.9573   205.9950    51.8898   111.8950  -114.7400   205.9750
   550.0000     0.0001     0.4196   273.1300   -65.5150    45.5484   126.4710    40.6719
   550.0000     0.0001    16.8410   107.6320    -0.2002   100.3170   250.3270   -43.8418
   550.0000     0.0001   100.5930   117.0150    95.3483   141.5580    84.9095   176.2200
   550.0000     0.0001    56.3941   211.9970   -85.2458    87.4571   119.3080    35.5238
   550.0000     0.0001    84.6781    89.6140    71.7235  -129.0440  -409.9930   -46.4284
   550.0000     0.0001    89.6086   280.4470    36.6726   112.0460    45.7264   139.1000
   550.0000     0.0001   113.8660    20.5931    28.0255    28.9959  -101.2320   -78.4624
   550.0000     0.0001    31.7236   272.7460     8.9687    81.0554    86.9503   108.7320
   550.0000     0.0001    15.6929   286.5110   -45.0561    46.2115   124.9180    54.7980
   550.0000     0.0001    62.2305   267.3320  -101.9470    84.6894   115.5020     8.4318
   550.0000     0.0001    88.3595    -9.4871    75.2383  -111.3780    77.7180  -170.9760
   550.0000     0.0001    45.0571   103.5510    -4.1715   -90.7534   265.6330   -52.5411
   550.0000     0.0001   127.8710    31.3500    33.5799    72.0539  -140.7650   -82.4063
   550.0000     0.0001    82.3908   284.5960    -5.7836   120.4270    66.3069    85.5279
   550.0000     0.0001   100.5150    77.0849    72.4233    52.4255  -316.1270  -166.7310
   550.0000     0.0001    93.5852   227.5880    60.3634   150.4390   -77.0337   170.8510
   550.0000     0.0001    21.9488   112.1510   -31.4300    39.5245   221.0640   -13.5367
   550.0000     0.0001    88.2707   102.7080    86.9126    75.2186  -369.6840   -22.7160
   550.0000     0.0001    89.3033   216.0670    30.0550   111.3910   -99.8744   140.8720
   550.0000     0.0001    47.6901   266.5730  -120.8450    55.6575   127.3070    -6.0726
   550.0000     0.0001    32.3564   262.5000   -33.5505    76.3850   104.7810    64.5608
   550.0000     0.0001    87.8369   242.8360    49.5113   125.1420   -46.8934   153.2660
   550.0000     0.0001    -9.4697   268.8720  -127.1980    33.2092   136.8300   -23.2111
   550.0000     0.0001    62.7886   135.6380    68.5532   289.3770  -239.7300   165.9590
   550.0000     0.0001    68.2905   283.6380     6.0096   104.7450    76.4239   116.4240
   550.0000     0.0001    65.3241   306.8250   -46.3278    71.3856   130.4090    52.7166
   550.0000     0.0001    82.4803   -50.4700   112.4150   -98.9183    19.2942  -120.5960
   550.0000     0.0001    84.4044   227.4600    55.5923   147.2740   -60.5332   188.0230
   550.0000     0.0001    54.5721   201.8960   -20.9197    76.0725   133.0320    64.8350
   550.0000     0.0001   113.7440    93.6021    70.2617   411.1540  -128.3130    23.6108
   550.0000     0.0001    48.1434    59.2402    15.5849   -52.0893    22.7757  -117.2150
   550.0000     0.0001   114.6080    15.3894    91.7241    68.8010  -197.4760    26.8476
   550.0000     0.0001    85.2193   137.3810    90.4289   103.4960  -280.4730   112.0720
   550.0000     0.0001    67.8374   263.5850    29.2353   112.9220     2.9139   119.0500
   550.0000     0.0001    73.6807    63.3110    66.4605   -79.4348  -246.7960  -151.6900
   550.0000     0.0001    87.2011   172.8560    68.2356   101.7690  -163.4300   148.3120
   550.0000     0.0001    88.8350    38.2508    61.8652   -22.3570  -124.2640   -74.3752
   550.0000     0.0001    30.6027   313.8660    -0.9861    60.2465   115.1710    88.7969
   550.0000     0.0001    57.6127   263.4540     9.2103   122.1300    26.0675    98.1294
   550.0000     0.0001    60.8668    -9.4787    78.1454   -79.8888    96.2112  -176.3300
   550.0000     0.0001    83.7579   246.0200    48.6410   151.4850    -5.3997   130.8110
   550.0000     0.0001    51.8864    60.6822    38.9219   -15.4524    94.5334  -137.1990
   550.0000     0.0001   117.7740    24.4809    11.1296     4.1147   -53.5654   -53.8370
   550.0000     0.0001    86.4676    57.1377    52.2060   -50.2489  -225.7760  -163.3260
   550.0000     0.0001    55.9784    47.7287    30.6778   -52.0317   222.2220  -221.0510
   550.0000     0.0001    70.8344    46.2469    31.3581   -45.3533     5.8627   -93.1258
   550.0000     0.0001    70.3925   236.8250    27.3064   144.3550    32.1926   155.9240
   550.0000     0.0001    64.2475   229.2860   -26.4956    73.6170    73.7382   100.9220
   550.0000     0.0001   109.1100   235.1080    60.1394    66.9729   -55.7907   151.9450
   550.0000     0.0001    74.6687   174.3810    78.7667    68.7548  -168.0280   116.3840
   550.0000     0.0001    76.6442   239.7090    37.9904   148.0010    27.3598   160.3900
   550.0000     0.0001    73.5666    52.5822    43.1334   -82.2072  -124.6520  -168.4850
   550.0000     0.0001   241.9540   -14.8272   330.6780     4.5188   -95.6915    -6.4650
   550.0000     0.0001    72.6630    51.4304    54.3329   -86.1593    -7.8465  -150.1860
   550.0000     0.0001    47.8160   106.2280    30.3928  -144.6560  -122.2550  -271.9380
   550.0000     0.0001    83.5901   160.7710    74.9968    95.6643  -216.8480   131.7910
   550.0000     0.0001   153.4860   -43.8973   170.8450   -84.4745   -51.1504   -90.8526
   550.0000     0.0001    80.2464    78.4550    68.0403   -93.1698  -401.1040    30.5287
   550.0000     0.0001    89.8485    82.5103    74.2071    42.8874  -340.7790  -139.4190
   550.0000     0.0001    89.1315   256.5740    35.2906   133.5480    10.0874   149.0130
   550.0000     0.0001   114.0360   245.6810    51.6750   109.6480   -14.2761   172.5260
   550.0000     0.0001    66.8406   278.0220    -7.2452   103.3770    60.1372   103.5200
   550.0000     0.0001    59.2384   265.3880    10.9933   115.9410    43.0451   122.7990
   550.0000     0.0001   102.4480   244.6670    68.2266   102.7140   -31.3186   182.1490
   550.0000     0.0001    98.5909   222.2370    57.0151   150.9190   -80.9722   192.3820
   550.0000     0.0001    53.0969    27.4568    33.0848   -91.5825   192.1650  -171.1360
   550.0000     0.0001    38.7559   273.6860    -4.9607    94.5952    73.7593   104.9610
   550.0000     0.0001   100.4730     4.8572    65.2190    30.9051   -89.3881    -8.1185
   550.0000     0.0001    56.3304    12.4965    56.5912   -95.4543   147.5230  -179.8800
   550.0000     0.0001    51.9268   237.9790    30.4921   121.0050   -10.2952   150.8200
   550.0000     0.0001    69.4592   267.7980    39.1854   124.5670    28.5426   138.0220
   550.0000     0.0001    27.2987   233.6050     8.2434    48.2912    92.6446   125.3110
   550.0000     0.0001    82.0613   245.6280    34.7294   123.0740   -25.8348   152.3310
   550.0000     0.0001    68.9029    46.0506    73.5195  -109.4400  -115.3620   -80.4156
   550.0000     0.0001    31.3011    81.3414   -10.1112   -40.0677  -186.0540  -108.0870
   550.0000     0.0001    88.0550   214.1880    44.0800    87.6452  -126.4440   125.9150
   550.0000     0.0001    42.8040   243.0350    13.9220    90.1254     8.6045   145.0610
   550.0000     0.0001    26.9037    81.6041   -19.9343    49.3018  -132.3530    66.1269
   550.0000     0.0001    53.7243   246.5970    44.2168    96.5984     2.2559   171.8900
   550.0000     0.0001    58.9991    77.2943    13.9557   -20.6354   131.5570   -49.1796
   550.0000     0.0001    82.0899   169.0670    74.4388    91.9792  -184.6510   151.3590
   550.0000     0.0001    80.8181   170.3870    69.1179    74.4963  -162.8700   160.4430
   550.0000     0.0001    75.7159    50.5712    40.6128   -41.0849   -62.8285  -160.9290
   550.0000     0.0001    51.4468   211.5360     1.5160   104.0320   131.0550    95.5158
   550.0000     0.0001    55.7652   286.4020    13.5248    69.0768    47.7725   112.7680
   550.0000     0.0001    18.6633   146.3490    -7.0470    15.4513   228.0490    41.7285
   550.0000     0.0001    58.5447   298.7660    -4.6909    92.7661   112.0460    95.6977
   550.0000     0.0001    60.9140    55.7340    35.0676   -20.7514    96.2259   -99.9579
   550.0000     0.0001   101.1120   130.6060    85.3907    50.3423  -317.9580    63.8377
   550.0000     0.0001    96.4539   152.9370    81.9969    16.7928  -237.4880   164.4060
   550.0000     0.0001    98.4806   131.7960    79.3596     8.3057  -302.3940   164.2480
   550.0000     0.0001   118.1090   -26.6113   154.3070   -66.6972    -6.7443  -144.4380
   550.0000     0.0001    91.3452    -7.0266    93.8982  -116.8400    65.6459  -164.1100
   550.0000     0.0001    23.3222    -0.3053    29.5126    -0.1188   140.4500  -164.0150
   550.0000     0.0001    35.8951   293.3180    10.7669    48.3079    73.1330   108.7760
   550.0000     0.0001    92.5122   113.8680    90.3122    -1.4582  -350.1800    -1.6861
   550.0000     0.0001    74.9327    41.4578    41.5488   -14.0095   -40.8754  -129.2350
   550.0000     0.0001     8.4301   221.1210    -1.0480    53.2275    83.6422   108.2460
   550.0000     0.0001    35.9219   259.4820   -23.0646    81.0751   100.4640    72.5371
   550.0000     0.0001    49.1273   107.0550    22.6826  -112.7410  -207.7600  -218.4590
   550.0000     0.0001    73.3393    61.4284    67.1138   -80.2546  -146.1650  -204.1170
   550.0000     0.0001    59.0552   297.9320    -4.9595    95.7401    99.4565    92.8963
   550.0000     0.0001    58.2459   238.6710    50.2154   108.1990   -21.1313   177.3240
   550.0000     0.0001    73.2610   260.9020    38.0451   129.2240     3.4040   127.9000
   550.0000     0.0001   133.3100    89.4881    75.6817   338.8410   -92.2145    49.2475
   550.0000     0.0001    58.6709    46.8653    49.5869   -96.5193   -30.8846  -136.0150
   550.0000     0.0001    60.8089    53.5465    41.0899   -82.0858   -68.9332  -172.2450
   550.0000     0.0001    56.8177   250.4370    -5.0821   102.7170    43.5927   125.6490
   550.0000     0.0001    61.8279    46.7266    42.9237   -51.2436   -15.4381  -133.0300
   550.0000     0.0001    88.5254   170.0260    81.9976   126.9630  -180.7990   142.7700
   550.0000     0.0001    12.1349   309.4320    -7.2427    39.2006   109.8790    85.2132
   550.0000     0.0001    38.7559   273.6860    -4.9607    94.5952    73.7593   104.9610
   550.0000     0.0001    88.7747   236.6050    40.6107   112.9200   -65.2711   132.1920
   550.0000     0.0001    38.7057   242.3580     0.4878    88.9858    67.1220   138.8470
   550.0000     0.0001    57.6481   304.8330     6.9722    84.2623   108.2770   108.7680
   550.0000     0.0001    47.0777   198.5820   -11.0229   119.3520   149.1740    77.9066
   550.0000     0.0001    11.5554   182.0880   -35.7277    46.0330   155.6360    72.6543
   550.0000     0.0001    43.3741    85.2463     7.5751     2.0299   303.6570   -96.9537
   550.0000     0.0001    59.4636   248.5840   -18.7283   103.3080    22.3274   107.7650
   550.0000     0.0001    58.2393   109.2570    52.5213  -263.3790   -92.5347  -313.8450
   550.0000     0.0001    83.5261    73.2136    68.2137   -81.4265  -270.4990  -194.7180
   550.0000     0.0001    46.9309   265.1390     5.0838   104.2310    68.1889   119.8510
   550.0000     0.0001    66.8850     8.3554    64.1844   -55.7317   131.5070  -207.7760
   550.0000     0.0001   265.5730   -43.1330   190.7360   -50.5422  -105.6160   -12.7851
   550.0000     0.0001   132.8800    65.2227    58.5680   242.2870  -211.8750   -44.9273
   550.0000     0.0001   261.0230   297.9620   153.6120   130.4480  -144.2710    42.7406
   550.0000     0.0001    67.2143   158.2520    42.0873   169.4100   178.9330   157.7020
   550.0000     0.0001    22.3375   283.9250  -130.3910    40.3162   134.4560   -16.6512
   550.0000     0.0001    51.3956    76.7305    12.8662    12.1596   273.4090  -187.1950
   550.0000     0.0001    96.6124   155.1520    76.3925    68.9690  -239.1380   117.3270
   550.0000     0.0001    81.6415   241.4780    12.9678    89.6660   -18.5181   133.9590
   550.0000     0.0001    95.7304    85.3303    79.4758   -49.8772  -378.5800    69.2173
   550.0000     0.0001    47.9661   248.3830   -23.5072    91.3271    62.9436   113.9860
   550.0000     0.0001    58.7583   -18.9236    45.2636   -36.1019   124.9210  -160.9090
   550.0000     0.0001    25.6561   277.9570    15.0358    54.3757    49.4857   112.5750
   550.0000     0.0001    62.8953   283.3800    33.1146    69.4319    73.3492   145.5000
   550.0000     0.0001   107.3140   112.5950    83.6332    83.4814  -363.3850    96.0404
   550.0000     0.0001    15.6086   259.4340   -45.5538    54.0810   114.0430    57.1169
   550.0000     0.0001    -9.9884   225.8490   -99.6436    54.6998   117.1880    11.9565
   550.0000     0.0001    42.8580    75.7995    45.1867  -140.2260   289.2570   -68.0883
   550.0000     0.0001    70.7575   259.9480   -65.3122    56.6338   100.7190    59.6814
   550.0000     0.0001    59.6167    54.6309    34.8397   -21.7991    43.7046  -136.2580
   550.0000     0.0001    23.7095   246.9590    -4.2641    80.0890    99.2328    87.3673
   550.0000     0.0001    78.8753   234.4470   -25.7366   102.9710   101.9400    84.1731
   550.0000     0.0001    66.3755    51.8509    25.3105   -29.2387    34.1332  -111.2520
   550.0000     0.0001    75.1320   297.3090     2.0311    90.6294    88.2781   106.3950
   550.0000     0.0001    67.3449    49.4596    70.7093   -91.2845  -152.6630   -68.6715
   550.0000     0.0001    42.4650   273.2760   -44.7829    82.4374   107.2660    75.3529
   550.0000     0.0001    66.1610   279.0780     2.0024   105.6680    51.0133   105.2590
   550.0000     0.0001     0.0378   297.2130   -39.5952    24.7971   110.7180    64.0349
   550.0000     0.0001    44.3575   125.3260    -6.9032    80.4623   277.9060   -10.6647
   550.0000     0.0001    63.2265    51.6677    31.3920   -30.3322    53.6300  -113.6350
   550.0000     0.0001    98.1570   213.4960    60.1516   125.0830   -99.3116   145.8030
   550.0000     0.0001    97.1038   157.8320    72.3781    84.6993  -237.9070    99.9864
   550.0000     0.0001    88.1210   227.8610    31.4451   116.1820   -79.9602   116.5070
   550.0000     0.0001    78.6168   285.8130    41.7420    77.6698    42.5977   131.3480
   550.0000     0.0001    77.9279   164.2520    70.9872    76.5446  -190.3000   152.6030
   550.0000     0.0001    49.7559   171.2760     0.0283   117.7020   216.5350    58.4118
   550.0000     0.0001   107.9500    29.2061    41.6894    28.4920  -183.1060   -96.6879
   550.0000     0.0001    68.7383   253.1190    51.8562   118.3250    11.7815   168.6080
   550.0000     0.0001    44.3299   204.5750   -14.4745   117.4240   138.8940    79.7187
   550.0000     0.0001     8.0412   288.7480   -58.7197    33.7348   100.6460    50.1416
   550.0000     0.0001    30.7787   188.0590   -15.6756    97.3876   159.3480    71.3333
   550.0000     0.0001    85.3719   227.7080    65.4188   145.9660   -80.4119   162.3930
   550.0000     0.0001    40.9991   271.0060   -45.1476    92.0307   101.5300    67.9066
   550.0000     0.0001    90.1710     4.0949    51.6279     9.6126  -142.8330   -39.7787
   550.0000     0.0001    87.2320   172.6690    65.7519    69.6231  -150.2000   175.9300
   550.0000     0.0001    81.3477   104.3780    68.3894  -495.9420   102.5150   -38.4764
   550.0000     0.0001   176.2450   -97.4806   167.0390   -75.3445   -64.1119   -43.4735
   550.0000     0.0001    98.3355    28.6094    38.1543    -4.1857  -165.6430  -119.3180
   550.0000     0.0001     6.9985   211.0740    21.1974    61.5142    96.8736   110.6450
   550.0000     0.0001   152.6910   -43.7551   167.6750   -81.2499   -31.0498   -94.5399
   550.0000     0.0001    96.2209   141.9930    73.5707    64.2912  -261.2430   207.0650
   550.0000     0.0001    70.6398   142.8680    73.8375   173.8410  -255.2690   167.0010
   550.0000     0.0001    75.1502    59.7723    57.4369   -68.8278  -190.6130  -182.7980
   550.0000     0.0001    49.0523    55.2105    43.4054   -89.5952   -66.9331  -183.1870
   550.0000     0.0001    48.4414   139.2980    -6.2859   105.5320   261.5890    -9.1726
   550.0000     0.0001    88.1757   257.7020    30.4376   129.2730     0.3465   132.5260
   550.0000     0.0001   127.8250   -44.3239   181.9580   -54.5023   -25.3319  -116.1000
   550.0000     0.0001    84.3651   109.8470    56.6971   186.1750   190.7760   353.0540
   550.0000     0.0001    30.4821   264.2000   -11.4721    91.4426    73.6853   103.9510
   550.0000     0.0001   114.0360   245.6810    51.6750   109.6480   -14.2761   172.5260
   550.0000     0.0001    72.7111   235.3130    34.0908   115.2100    19.5103   190.0930
   550.0000     0.0001    69.6879     3.9466    61.7962  -104.7420   113.7700  -186.3600
   550.0000     0.0001    44.0287   154.7850    37.9132   149.3620   188.7970    95.7728
   550.0000     0.0001    29.2208     0.3969    46.8484   -15.2838   132.5370  -180.8810
   550.0000     0.0001    60.1484   199.6810   -23.5534   133.7070   133.2720    72.6671
   550.0000     0.0001    91.5247    64.7051    59.0740   -12.0264  -242.7590  -207.8730
   550.0000     0.0001    83.0283    98.5522    74.0773    19.4756  -461.0010   -27.2095
   550.0000     0.0001   151.3480    34.3961    18.2290    25.4312   -48.8616   -20.4747
   550.0000     0.0001     1.2071   297.6360   -56.9841    41.9464   133.3420    43.4404
   550.0000     0.0001    65.8607    51.4826    32.9951   -32.5586    10.9925  -144.1550
   550.0000     0.0001    67.6676   195.1150    65.8734   158.5940  -109.6540   154.2110
   550.0000     0.0001   -35.1494   274.8170   -78.9717     3.8187   118.4440    26.0827
   550.0000     0.0001   127.3580    38.1892    64.1311   121.9270  -244.1160   -27.8505
   550.0000     0.0001    52.2302    97.7956    30.4144     6.9646   228.9460    25.1904
   550.0000     0.0001    86.1862   265.8220    16.0736   108.7530    75.4624   131.1450
   550.0000     0.0001    46.7227   257.5360   -13.0770    90.5386    93.2797    82.0534
   550.0000     0.0001    30.9667   119.5510    -6.7591    71.1656   264.3170   -29.6514
   550.0000     0.0001    48.4912    60.6914    25.7021   -69.0470    54.4124  -114.6540
   550.0000     0.0001    93.9642   214.2760    60.9353   138.4860  -108.1800   198.7940
   550.0000     0.0001    27.8502   131.5310   -37.5512   107.2070   201.1940    -7.1850
   550.0000     0.0001    75.9404   139.1350    73.2141   196.2190  -280.1500   229.0400
   550.0000     0.0001    89.6014   282.8060    33.3747   101.9090    53.4868   144.0760
   550.0000     0.0001    23.2290   235.7760   -23.6819   106.8020    98.7371    74.0362
   550.0000     0.0001    68.5064   243.7950   -37.8020   110.7780   100.0870    67.2119
   550.0000     0.0001    87.4637   215.0060    47.1532   136.2390  -108.1370   179.6800
   550.0000     0.0001    80.3010    47.8365    39.7559   -21.1105   -37.1633  -152.3020
   550.0000     0.0001    31.2605    66.2511    10.2885    -9.8699   258.9100  -125.8000
   550.0000     0.0001    27.1267   105.3950    -7.0187    31.6970   262.8330   -53.5461
   550.0000     0.0001    26.5898   299.5060    -8.7056    41.4930    93.2165    92.0757
   550.0000     0.0001    41.3974    58.2253    -6.4719    41.9923  -164.9900   -47.9188
   550.0000     0.0001   104.3410   194.6860    75.5819    85.5272  -158.8030   143.3330
   550.0000     0.0001    72.9571   267.3420  -100.2330    83.6560   115.3510    17.9352
   550.0000     0.0001    81.5507   232.6640    54.3320   148.8640   -45.7794   175.7650
   550.0000     0.0001    71.0892   289.7920     5.4485    75.0040    53.7480   104.6130
   550.0000     0.0001   142.5180   370.4860    77.7453   175.8440   -91.5955    77.4629
   550.0000     0.0001    34.6208    -2.8397    49.6069   -23.9247   116.8480  -191.5620
   550.0000     0.0001    66.8804    51.0722    30.8679   -43.2494    44.3273   -99.4410
   550.0000     0.0001    25.4480    25.8662   -30.9672    38.9078   168.4060  -113.7970
   550.0000     0.0001   -23.1459   266.5550   -76.7580    36.9871   124.0200    19.6740
   550.0000     0.0001    52.5091   247.5250    24.6244   118.7210     8.2128   138.8080
   550.0000     0.0001    85.7530   210.4490    58.3679   113.3730  -107.0400   100.2980
   550.0000     0.0001    65.7798   218.6870    47.7054   137.4980   -82.8377   155.8030
   550.0000     0.0001    88.0676    81.1534    74.2864   -14.0543  -371.9560  -153.1980
   550.0000     0.0001    91.5247    64.7051    59.0740   -12.0264  -242.7590  -207.8730
   550.0000     0.0001   101.5680    50.9373    64.2352    -2.0785  -299.8870   -56.2714
   550.0000     0.0001   105.2030    63.6361    81.7146    37.8690  -332.3970    -8.2045
   550.0000     0.0001    83.2902   -25.6639    88.3343   -86.8256    76.8069  -150.2510
   550.0000     0.0001    49.8780   -15.4848   105.7210   -32.8342    47.9955  -193.0150
   550.0000     0.0001    84.3310    67.6018    60.1983   -20.7645  -258.3540  -184.5930
   550.0000     0.0001    39.5088   217.7930     4.3664   110.4220   115.7790    89.7444
   550.0000     0.0001    57.6581    82.2330    13.5479   -19.7042   142.9490   -17.2880
   550.0000     0.0001    85.7059    57.5994    68.0992   -79.2056  -289.6410  -102.0950
   550.0000     0.0001    69.0290    51.5619    56.2655   -61.7732  -145.6650  -162.7990
   550.0000     0.0001    91.6200   247.7890    -9.0534    96.3333    81.0610    93.2028
   550.0000     0.0001    74.7829    43.5694    56.7574   -22.9000  -118.2980  -112.3980
   550.0000     0.0001    78.1509   221.6040    66.6313   152.0290   -85.5654   173.6800
   550.0000     0.0001    87.4283   212.0140    50.3793   130.3180   -89.4664   167.8570
   550.0000     0.0001    43.8568   102.8940    10.8194   -87.8447  -190.2100  -180.0340
   550.0000     0.0001    52.3770   278.4510    -9.7976    87.6237   103.0090    95.5303
   550.0000     0.0001    72.5257   107.6650    67.1662  -471.5800    44.9523  -150.9890
   550.0000     0.0001   100.5560   142.2020   107.1580   110.1050  -232.5340   123.4800
   550.0000     0.0001    71.2800   169.2410    61.2565   160.9990  -161.8920   177.6160
   550.0000     0.0001    83.5929   164.6520    65.2027    84.3827  -188.3350   151.1640
   550.0000     0.0001    66.1185    66.2889    28.4314   -33.5412   131.2730   -90.4205
   550.0000     0.0001    59.5109   227.4290    55.7629   121.0800   -50.2411   180.1700
   550.0000     0.0001    86.9139   276.4500    16.2987   113.7020    28.5786   108.6920
   550.0000     0.0001    73.9997   270.6170    30.6241   106.4470    10.8453   114.7300
   550.0000     0.0001    80.4085   231.8340    59.1242   153.9920   -47.0299   166.2170
   550.0000     0.0001    89.2323   150.6820    78.5279   123.1360  -254.1870    98.6796
   550.0000     0.0001    82.6641   242.4560    44.2156   139.3870   -32.8755   153.7710
   550.0000     0.0001   120.7920   -35.8159   126.6970   -86.8120     5.8939  -138.6980
   550.0000     0.0001   -18.8839   224.2610   -74.2031    10.1843   114.7850    46.4538
   550.0000     0.0001    29.6278    43.4503     8.0720   -26.4684   208.7740  -148.3830
   550.0000     0.0001    43.9253   241.3590   -83.2592    77.3530   119.0340    38.1693
   550.0000     0.0001    65.2632    44.9277    48.9834   -34.5565   -15.0765  -123.9780
   550.0000     0.0001    33.5230   301.7000  -113.7230    50.7509   133.4930    -8.8035
   550.0000     0.0001    40.9707     7.0262    73.1262   -16.6847    96.7208  -221.6570
   550.0000     0.0001   258.3730   189.3250   120.3960    93.2660  -204.8060    33.7076
   550.0000     0.0001    35.9014    79.9077   -12.9005    19.0864  -164.7950   -68.4981
   550.0000     0.0001    82.7840    46.8923    34.5007   -38.2282   -46.8034  -116.5750
   550.0000     0.0001    67.3379     9.4596    71.6974   -78.1540   108.3580  -213.5500
   550.0000     0.0001    93.6441   177.6270    80.7154   109.0760  -166.2380   120.1650
   550.0000     0.0001    38.2479    72.3651    -4.8736    -3.2848  -189.8300   -80.8981
   550.0000     0.0001     5.2569   224.7600    -8.6134    79.7659   112.4520    84.6792
   550.0000     0.0001    72.7853   251.6260    31.4297   132.7800     2.7220   140.0680
   550.0000     0.0001   112.6440    69.2082    80.4969  -206.8810   192.5620   -43.6836
   550.0000     0.0001    94.8709    12.9308    56.7911     9.9449  -161.9350   -49.0280
   550.0000     0.0001    35.0871   113.7700     4.2905   -13.3594   294.8360   -12.7824
   550.0000     0.0001    71.1758   202.4160    55.4892   113.9680  -114.7710   174.4180
   550.0000     0.0001    41.9754   275.1140    25.9846    87.4853    63.8301   132.6400
   550.0000     0.0001    61.1540    82.1054    24.8364   -20.9766   190.6410    -5.7318
   550.0000     0.0001    78.4482    51.1319    47.3073   -93.7674  -137.9640  -172.7520
   550.0000     0.0001    97.1123   280.9420    20.5662   117.5240    69.4431   132.9550
   550.0000     0.0001    -0.0704   205.3070   -21.7927    71.4021   127.5920    78.2821
   550.0000     0.0001   104.5180   187.3210    65.5089    77.5870  -170.0510   152.5180
   550.0000     0.0001    69.8706   129.1180    46.9263  -178.1200  -129.8120  -308.1520
   550.0000     0.0001    87.5351   168.2080    66.8457    76.8817  -178.5800   165.6730
   550.0000     0.0001    54.7637   220.8360   -25.9579    69.0720    72.6743    79.4294
   550.0000     0.0001    74.0697   219.3510   -43.5950   127.2800   102.7750    64.3679
   550.0000     0.0001    90.1113   173.9790    68.9681   112.8760  -147.5060   148.6200
   550.0000     0.0001    30.6134   122.8050    -5.3852    67.9441   266.7860   -15.4439
   550.0000     0.0001    64.7759   198.6600    48.5348   101.7130  -151.4010   169.8040
   550.0000     0.0001    47.6632   273.5050    10.3294   107.1360    36.3131    93.1577
   550.0000     0.0001    78.8331    59.2438    21.4579   -76.6600     4.4120  -145.2920
   550.0000     0.0001    -4.3360   229.4480   -16.4365    34.2653    88.8252   101.2190
   550.0000     0.0001    71.3079   207.4040     0.0466   104.0570   151.2160    96.2679
   550.0000     0.0001    73.6797   142.1430    73.0421    89.3569  -286.3730   132.4840
   550.0000     0.0001    76.1344   155.7710    72.2667    98.1335  -238.9610   107.2820
   550.0000     0.0001    53.5991   286.6530   -13.1273    85.6436   103.6420    85.9061
   550.0000     0.0001    27.9280   271.6780   -17.2570    84.1750    79.2168    94.1555
   550.0000     0.0001    53.5965   276.0880     6.3478    99.5391    70.4506   119.7750
   550.0000     0.0001    70.0663    51.2069    37.7125   -82.7881  -146.6360  -168.7370
   550.0000     0.0001    74.2077   138.3230    91.9188   102.2390  -270.3580   150.3750
   550.0000     0.0001   213.8670   -26.9813   116.8320  -106.0170  -113.0580   -22.2759
   550.0000     0.0001    23.4596   266.9610   -11.7798    84.9159    73.4740    96.9300
   550.0000     0.0001   252.5300   -59.5483   263.5890   -16.7413   -91.8614   -18.6317
   550.0000     0.0001    80.7829   100.3610    80.4846   148.2590  -409.3780    -9.9997
   550.0000     0.0001    47.3837   285.8590   -34.5847    72.5385   115.3060    74.4575
   550.0000     0.0001   138.9990    52.4107    60.2114   199.6360  -209.4840   -24.4522
   550.0000     0.0001   -21.7246   254.9440  -122.4960    21.7839   134.3040   -23.2834
   550.0000     0.0001   -22.3853   294.2050   -89.8212    28.8365   143.9100    -0.9898
   550.0000     0.0001    70.3537   248.9280    18.3458   104.3260    60.4884   155.9680
   550.0000     0.0001   105.3660   132.1670   112.0270    58.3197  -261.2330    67.8601
   550.0000     0.0001    62.2581   193.2100    69.6173   146.1340  -119.0470   142.5010
   550.0000     0.0001    40.9741   277.3670    -8.6355    97.7601    76.1913    97.9934
   550.0000     0.0001    56.5552   294.0300   -76.2074    60.5783   128.5000    28.5043
   550.0000     0.0001    85.3364   170.2940    69.1160   154.6690  -170.0080   111.0990
   550.0000     0.0001    30.7516    -5.0939    38.1371   -76.8425   116.8140  -157.8730
   550.0000     0.0001    64.2475   229.2860   -26.4956    73.6170    73.7382   100.9220
   550.0000     0.0001   117.3760    29.7304    75.0255    76.1189  -229.1170   -18.5248
   550.0000     0.0001    81.3325   138.6200    71.7828    47.4266  -302.7540   166.2130
   550.0000     0.0001    50.1728   295.6100   -44.6654    73.2465   121.7970    63.8104
   550.0000     0.0001    -3.3697   259.1860  -127.0480    38.1092   132.0960   -26.2381
   550.0000     0.0001    85.9390   208.5840    52.3075   131.1700   -86.4147   167.7410
   550.0000     0.0001    28.5342   266.6570   -31.4666    75.7354    98.7787    87.5046
   550.0000     0.0001    20.7135   243.3440   -21.7644    79.4794   107.3760    74.5798
   550.0000     0.0001    55.6903   283.8430    10.4678    50.1551    44.7291   113.6800
   550.0000     0.0001    70.5324   177.6130    61.3822   114.8020  -133.1950   158.0220
   550.0000     0.0001    91.7355   104.7920    70.2258    -3.0016  -438.0740   142.7650
   550.0000     0.0001    49.2002   189.0860   -62.9325    89.6148   142.8000    42.3104
   550.0000     0.0001    72.8567   236.1400    47.6940   140.1560   -25.2464   169.8390
   550.0000     0.0001    76.8843   236.1700    13.7709   102.3500   -16.4188   155.1610
   550.0000     0.0001    51.8527   108.4700    31.3522  -135.0830  -134.3840  -279.4990
   550.0000     0.0001    88.4248    81.2131    69.8756   -27.7932  -405.4860   -55.4108
   550.0000     0.0001    94.2688   220.1270    61.8238   164.8830  -100.0460   158.0910
   550.0000     0.0001     3.6492   197.9250    -5.9120    53.5460   133.5570   103.2950
   550.0000     0.0001    92.0095    57.4855    52.4000   -45.7753  -195.8740  -190.0280
   550.0000     0.0001    -3.0959   279.2500   -59.9601    24.1712   124.5150    47.0231
   550.0000     0.0001    63.2882    89.7092    49.7860   321.2600   141.9660   -33.4477
   550.0000     0.0001    84.1750   158.0550    72.2643    76.4217  -219.8420   163.7100
   550.0000     0.0001     4.5172   221.9080   -26.1772    45.3186    97.0578    93.8084
   550.0000     0.0001    79.7471   195.9280    -8.3815   136.7600   153.1040    89.9437
   550.0000     0.0001    76.8153   276.8900   -21.4350    84.7784    94.5267    87.8252
   550.0000     0.0001    69.8381    53.6529    35.3759   -89.6363  -130.9660  -183.2290
   550.0000     0.0001    83.6429    79.6038    66.3294   -38.6878  -397.0470   -81.1141
   550.0000     0.0001     9.8138   271.4050   -26.8880    49.4630    72.6929    85.4254
   550.0000     0.0001    93.3726   221.9930    58.9494   156.7750   -83.4805   188.2450
   550.0000     0.0001    94.3063   139.1380    83.4190   115.5170  -244.7290   243.8110
   550.0000     0.0001    35.7380    96.6940     0.3117   -89.5830  -200.4780   -99.4715
   550.0000     0.0001    84.6509    62.3405    65.5539   -62.9344  -291.6360   -88.8831
   550.0000     0.0001    73.3529    45.0113    51.2965   -19.1706   -48.0745  -141.6620
   550.0000     0.0001    65.1182    50.1862    50.4371   -74.7450  -109.6650  -188.9270
