#         t          m          x          y          z         vx         vy         vz
   500.0000     0.0001    35.2830   163.4020    -8.9236    36.2023   120.1130    79.9805
   500.0000     0.0001    27.0510    40.4412    48.7988   -70.2277   105.2500  -205.2570
   500.0000     0.0001    31.4839   154.9140     6.1707   105.0700    47.9111   154.2920
   500.0000     0.0001    37.4359   169.2410   -10.6378    67.7979   178.7890    59.6533
   500.0000     0.0001   131.4440    -8.2307   155.1350   -57.8479   -78.7740   -76.4781
   500.0000     0.0001   125.7810    -4.6596   157.0170   -65.0497   -87.5718   -76.4891
   500.0000     0.0001    -5.4388   173.2770   -43.1468     7.9012   213.2140    -4.7406
   500.0000     0.0001   156.1480     4.1130   205.2050   -31.0166   -99.3871   -40.1646
   500.0000     0.0001     5.4055   137.9030   -27.8045   -25.8884   242.9040   -90.3821
   500.0000     0.0001    18.2402   168.5890    10.0260    99.4221    56.6178   152.6710
   500.0000     0.0001    41.5239   168.3710     4.7213    64.0101    78.0402   127.0360
   500.0000     0.0001   116.9290   -14.2557   173.5530   -63.9404   -98.0391   -56.3349
   500.0000     0.0001   -13.9056   169.3810   -72.4296   -20.3832   219.9100  -139.3240
   500.0000     0.0001    38.0424   174.8170    14.5341   139.3180   126.6840   125.2450
   500.0000     0.0001    66.2836    14.5985   101.6190   -62.5510    -6.7010  -175.5570
   500.0000     0.0001    -1.3284   174.7430   -53.7055   -32.2531   201.2730   -38.0670
   500.0000     0.0001    52.4608   159.0720    39.5797   193.4270   -37.0926   179.5470
   500.0000     0.0001    34.0836   186.8390    15.0248    77.6157    52.5173   119.6450
   500.0000     0.0001    39.1767   175.4830    -2.2077    63.5982    90.1630    85.7693
   500.0000     0.0001    75.5739     9.1747   110.8320   -85.4699   -61.3547  -153.9670
   500.0000     0.0001    23.1537   135.0410     6.2835   170.8510   -37.6724   291.6610
   500.0000     0.0001    29.7916   203.6530    -6.8689    37.7525    51.9925   121.5790
   500.0000     0.0001   -10.5616   180.5950   -45.2128   -35.7212   231.5740   -18.5878
   500.0000     0.0001    43.6748   183.6640    26.9741   120.4330     6.3589   154.5670
   500.0000     0.0001    -7.0239   146.8790   -51.0967    -6.8788   208.3260   -58.9332
   500.0000     0.0001   147.0140     8.0786   165.4790   -47.0520   -91.8275   -75.8815
   500.0000     0.0001     3.8977   167.1800   -43.4498    48.6872   233.7250   -15.0813
   500.0000     0.0001   107.8730    34.1017   182.7020   -25.0270   -86.8419  -103.5780
   500.0000     0.0001   103.1040     9.0733   154.4160   -65.7660  -102.6720  -101.5110
   500.0000     0.0001   179.3930    -8.6956   210.1530   -19.0612  -111.3960   -21.0777
   500.0000     0.0001    40.8002   179.5240    16.6143    97.6919    27.9832   132.0040
   500.0000     0.0001    76.2924    25.6435    70.1604   -83.4024   -33.5873   -80.2565
   500.0000     0.0001   194.5210     8.7688   205.5610   -24.4876  -128.6150    -1.5576
   500.0000     0.0001   154.1870   104.0860    61.4922   -51.8331    49.7391    68.1269
   500.0000     0.0001    42.1304   183.3770    20.8636   129.7590    19.1657   134.9820
   500.0000     0.0001    44.5539   179.3920     0.4862    72.3129    57.7772   121.3030
   500.0000     0.0001    -3.4718   175.1120   -43.0595     9.7368   234.4560   -12.5525
   500.0000     0.0001    89.6552     0.2050   111.3180   -93.0701   -33.0874  -123.4870
   500.0000     0.0001     7.9447   192.8830    -7.5551    99.6964   -43.1650   151.9940
   500.0000     0.0001   177.1760   -18.5155   236.2490    -5.4833  -112.8470    -5.8963
   500.0000     0.0001    89.7346    20.4759   141.0040   -76.7132   -78.5813  -129.6780
   500.0000     0.0001    15.3094   111.1280   -10.9560   -76.2223   251.2470  -109.8970
   500.0000     0.0001    51.0897   183.9470    12.9673    99.4199    45.2573   123.0320
   500.0000     0.0001    31.7244    79.0064     1.2657  -122.9190   206.9840  -168.7370
   500.0000     0.0001    45.1217    71.6446    12.1953  -162.5800   167.9590  -191.9060
   500.0000     0.0001    -9.8968   166.9140   -54.7707   -32.5427   239.2570   -59.8234
   500.0000     0.0001   161.6360    -0.6098   198.8740   -31.2112  -111.7970   -26.5683
   500.0000     0.0001   -13.6430   141.3090   -70.9986   -23.8527   196.2980  -153.6880
   500.0000     0.0001    56.4037   163.9920    47.9689   155.8470   -67.5950   182.4340
   500.0000     0.0001    41.4058   175.8400    16.6673   104.8810    15.6315   161.9380
   500.0000     0.0001     9.0358   167.9500   -38.9404    20.3794   191.3540    39.5107
   500.0000     0.0001    -4.3298   170.5370   -41.7189    19.5962   227.7740   -22.5625
   500.0000     0.0001     1.2601   111.2910   -54.0557   -78.1980   177.2630  -117.2050
   500.0000     0.0001    59.1955   167.4260    30.4815    94.6400   -21.7859   191.6150
   500.0000     0.0001    -3.4349   135.7740   -37.5917   -24.6855   222.8520  -109.4220
   500.0000     0.0001   181.6930    42.8405    46.0302    47.8624   -13.5712    52.9836
   500.0000     0.0001    47.7933   182.6660    18.1346   136.5420    88.2317   107.4220
   500.0000     0.0001   182.7980     2.1594   235.8310     2.2404  -113.8060   -13.7470
   500.0000     0.0001   265.6420    71.0794   123.7300     0.4433  -157.4080    14.6337
   500.0000     0.0001   -22.1831   120.3660   -63.4392   -24.8615     8.3356   -13.9963
   500.0000     0.0001    39.6631   155.7260    -7.3527    70.6825    82.8905   108.2810
   500.0000     0.0001    46.4699    53.3845    34.8305  -113.1240    82.9690  -109.3720
   500.0000     0.0001    34.3698   183.4850    29.6473    72.4659    -5.2219   164.7300
   500.0000     0.0001    42.0502   177.0090    33.4896    95.9368   -22.5427   159.0270
   500.0000     0.0001   120.1920    64.8366   117.0820     5.9474    83.1435    19.3260
   500.0000     0.0001   -17.7305   125.3010   -59.9710   -58.3787   188.1600  -136.9000
   500.0000     0.0001    -6.0650   167.0100   -45.4892     7.4322   223.8390   -22.5784
   500.0000     0.0001    60.0485   192.4410    12.9909    63.2988    50.2436   131.3840
   500.0000     0.0001    -1.5079   166.0650   -44.0170    18.7645   201.6080    -0.7714
   500.0000     0.0001    -4.7271   172.1030   -48.1649    20.4226   224.5170   -36.6533
   500.0000     0.0001    -4.1886   175.7140   -38.5074    14.0269   242.5530   -19.9174
   500.0000     0.0001     0.9424   208.4460   -15.3454    98.3764    49.2691   100.6400
   500.0000     0.0001    14.7339   134.3210   -55.9907    33.2477   204.0200  -144.2780
   500.0000     0.0001   231.3250    18.8564   230.5900     7.5445  -125.5420    14.6832
   500.0000     0.0001   -11.4408   151.6530   -52.4131   -22.2357   210.2090   -54.5453
   500.0000     0.0001    -7.6122   131.3940   -23.4312   111.6890   -16.1603   192.9990
   500.0000     0.0001    -7.8974   159.1430   -60.0334   -15.8946   190.9520   -58.2180
   500.0000     0.0001    32.4309    86.9690     9.9503   -57.2486   249.1190  -206.2710
   500.0000     0.0001    18.1265   188.6470    17.8913    68.6046    44.1892   139.7880
   500.0000     0.0001     0.4010   183.7990   -39.4890    51.4655   234.8240   -52.2773
   500.0000     0.0001    36.4172   161.6860   -12.6341    35.9313   130.6120    73.8198
   500.0000     0.0001    -4.2644   161.5600   -37.9571     1.5061   219.0590    10.0204
   500.0000     0.0001   185.0100     1.4676   210.4150   -21.6311  -134.7180    -5.2594
   500.0000     0.0001     0.2626   151.5940   -70.4398   -22.9496   220.1620  -124.6060
   500.0000     0.0001   -12.0758   160.9430   -52.9654    -7.9172   203.3840   -46.8419
   500.0000     0.0001   170.4140   138.4320    -7.6411    51.8938    26.5727    69.1663
   500.0000     0.0001     2.0897   182.5420   -55.4292   -26.2385   216.8790   -36.3786
   500.0000     0.0001   105.2630    21.7983   159.1830   -57.4086   -68.1328  -112.2790
   500.0000     0.0001   140.8910    78.1391   104.8620    -5.1956    49.8445    42.8729
   500.0000     0.0001    -7.8430   160.7470   -67.5390     5.9855   216.6220  -103.0010
   500.0000     0.0001     3.0517   197.0420     0.5215   114.7390   -35.3893   139.7930
   500.0000     0.0001    19.7664   130.9320   -34.7637    37.3651   243.4580   -68.8876
   500.0000     0.0001    -0.5822   179.8390   -36.1379    -6.5061   183.1650    22.4075
   500.0000     0.0001  -154.7150  -137.4920  -240.6000    19.1560    16.3167    23.4366
   500.0000     0.0001   -12.9422   165.8290   -68.9556   -38.3567   229.2990  -128.6770
   500.0000     0.0001   310.2560    79.3287   166.0830    47.9463  -141.7980    35.9189
   500.0000     0.0001    18.3271   161.5420   -46.8844    80.7784   245.8760  -109.0130
   500.0000     0.0001    14.6012   178.2900   -57.4341   -13.6686   247.1970   -62.4497
   500.0000     0.0001     1.2517   170.7660   -39.7369    15.5803   178.7660     9.7553
   500.0000     0.0001     1.8261   198.5080   -10.0695    96.1716   -32.0609   145.2560
   500.0000     0.0001    41.0204   159.7390   -15.3743    75.1437   109.5680    57.0616
   500.0000     0.0001    85.3762     6.7900   127.3820   -90.5418   -39.5628  -119.9840
   500.0000     0.0001    -6.0831   151.5320   -48.4047   -19.6073   226.4180  -110.8880
   500.0000     0.0001    41.7582   171.0960   -16.9211    54.9345   122.7700    48.3743
   500.0000     0.0001    61.6933   -10.9803   140.4940   -84.4395   -59.5012  -101.4580
   500.0000     0.0001    18.0784   155.1250    -7.0993    60.4054    40.8284    95.9976
   500.0000     0.0001     9.0909   141.3360   -59.5517    47.0040   206.9340  -132.5380
   500.0000     0.0001   119.3350   -26.9733   181.3740   -57.0828  -103.4020   -42.0975
   500.0000     0.0001    -5.4460   178.2330   -56.4028   -45.5998   241.2470   -53.1626
   500.0000     0.0001    -1.3033   197.6120   -19.5884    53.4546    -2.2253   122.0650
   500.0000     0.0001   127.3850     7.4611   146.3330   -85.1235   -81.1655   -75.0371
   500.0000     0.0001    14.7339   134.3210   -55.9907    33.2477   204.0200  -144.2780
   500.0000     0.0001    15.4463    58.3571    29.5002   -57.0838   127.4630  -233.6280
   500.0000     0.0001    60.3068   176.2520    16.0444   105.1480    26.9503   157.6130
   500.0000     0.0001     8.5879   190.5190   -52.2339    -6.1623   267.0990   -49.3578
   500.0000     0.0001    32.2466   195.7200    25.9499    93.9023    12.7276   136.5110
   500.0000     0.0001     1.3873   174.1770   -27.4848   -17.9213   161.9070    37.5511
   500.0000     0.0001    -2.3352   162.9460   -37.0594    14.8547   214.2390    -3.4024
   500.0000     0.0001   190.1650    14.8462   216.8680   -24.4924  -114.5360    -7.3190
   500.0000     0.0001    95.4978    88.5902   107.1630    -2.5703   150.9880   -44.7424
   500.0000     0.0001   115.9050    76.6746   124.5130     8.6991    95.2156    29.2735
   500.0000     0.0001     7.2728   149.3130   -55.0476    -4.2911   224.5600   -67.5456
   500.0000     0.0001    46.1694   192.9050    18.9100    79.2721    -9.9004   112.4630
   500.0000     0.0001    50.9812   155.3600     6.0091   138.8040    70.3357   152.9850
   500.0000     0.0001    40.0562   175.0790    37.1006   100.9470     4.3518   191.7870
   500.0000     0.0001    39.9841   164.6900    -3.6649    47.9646    57.3278   124.9860
   500.0000     0.0001    29.1752   150.1530    -2.3976   127.8250   114.4630    99.1912
   500.0000     0.0001   117.1600   -28.6271   155.3950   -55.8996   -74.5927   -71.8258
   500.0000     0.0001    25.9219   190.6300   -62.1436    33.4277   237.5990   -71.0118
   500.0000     0.0001    41.8322   179.8590     1.4411    81.7832   115.6970    90.6391
   500.0000     0.0001    -5.6428   143.1110   -13.2998   127.5240   -30.9548   195.6390
   500.0000     0.0001   133.7690    -0.7652   166.3870   -44.2387   -83.7299   -80.7676
   500.0000     0.0001     5.7270   135.0180   -31.1326   -15.1763   233.6630  -107.7940
   500.0000     0.0001    12.7119    62.7573    14.2018   -47.3421   168.2320  -203.4860
   500.0000     0.0001   112.5090    17.8952   130.4240   -84.1978   -79.8138  -119.5060
   500.0000     0.0001    -2.2099   181.6140   -28.7398    72.4287    88.9314    91.4904
   500.0000     0.0001    24.6793    59.2731    25.7730   -55.2849   165.6190  -217.1030
   500.0000     0.0001    47.8699   170.6590    23.0141    83.7109    23.5455   199.2330
   500.0000     0.0001    11.2057   153.6010   -42.7703    72.7611    77.8078    -7.4515
   500.0000     0.0001    43.4813   174.9650    -4.2274    69.6666    76.8661   108.6850
   500.0000     0.0001     2.8058   161.9330   -41.3664    43.8950   223.8190   -19.8089
   500.0000     0.0001     0.4970   175.5760   -45.9277    52.1515   235.6530   -47.1576
   500.0000     0.0001    11.6419   166.1880   -60.2092    29.5069   183.1440   -33.7513
   500.0000     0.0001    35.7019   149.1390     9.6437   112.2650    77.6676   168.5590
   500.0000     0.0001    -3.7706    87.2005   -23.1153   -11.8182   174.4150  -178.4440
   500.0000     0.0001    43.7780   176.2630    28.0591   140.1410    -1.4673   156.1570
   500.0000     0.0001   196.9700    20.8319   156.9770   -50.4879  -142.3080   -18.8094
   500.0000     0.0001    38.7763   164.5130   -33.7830   100.0200   155.3320    30.0480
   500.0000     0.0001   109.9030    38.2204   113.3140   -63.5057   -66.4515  -166.7290
   500.0000     0.0001    33.5917   165.9240     7.4637    48.4163    61.5652   140.6190
   500.0000     0.0001   107.5080     3.9733   136.1940   -81.6633   -59.6534  -103.5800
   500.0000     0.0001    69.3894    19.8440    77.8594  -119.9870    -8.1778  -170.4040
   500.0000     0.0001     1.1082   178.1970   -26.1091    35.8087   238.1460    41.1192
   500.0000     0.0001    37.3286     3.8715   123.2800   -72.0460   -26.8943  -138.0290
   500.0000     0.0001     4.4411   170.4430   -41.0491    35.1692   264.3030   -37.4742
   500.0000     0.0001     6.6412   106.4240   -25.1771   -72.6476   215.6590  -113.4990
   500.0000     0.0001    -2.2138   170.5170   -31.2272    41.8703   202.6910    24.0772
   500.0000     0.0001    39.1973   160.6110   -11.6623   113.3640   151.3600    81.4604
   500.0000     0.0001    27.6717   160.9830   -41.8094    93.7205   256.7470   -53.7801
   500.0000     0.0001    16.3314   177.0710   -53.6576    32.5263   258.8570   -79.5049
   500.0000     0.0001    47.4514    55.0297     8.5153  -135.1260   131.2730  -187.6230
   500.0000     0.0001    97.3650     9.5291   125.4880   -92.7793   -55.4307  -120.3910
   500.0000     0.0001    38.5868   166.3230   -12.8332    86.4894    64.4089    66.9734
   500.0000     0.0001    50.1235   183.8640     6.8234    77.0284    62.2000   108.6960
   500.0000     0.0001   196.9700    20.8319   156.9770   -50.4879  -142.3080   -18.8094
   500.0000     0.0001     4.0262   140.6520   -29.9559   -36.7964   241.1480   -85.1035
   500.0000     0.0001   124.4530     4.1998   153.5000   -71.5442   -75.6610   -79.8580
   500.0000     0.0001   -27.5324   153.9800   -53.5314   -40.2545   196.5010   -81.3378
   500.0000     0.0001    27.0561   178.8890     2.5080    94.5654   175.5840   108.2990
   500.0000     0.0001    38.6045   174.1290    -0.5505    72.3247   108.9890    86.2692
   500.0000     0.0001   181.7120    64.6252   215.4810   -24.0737  -100.3330   -20.7213
   500.0000     0.0001    44.4538   172.5750    13.6057    75.7310    28.3623   165.8220
   500.0000     0.0001    14.0208   107.9520   -23.5701    25.0670   237.4040  -109.7980
   500.0000     0.0001    42.3312   164.1470     7.9676   145.0340    39.9568   145.6480
   500.0000     0.0001     4.9756   181.1710   -46.0038    -6.9871   187.0260    -3.1395
   500.0000     0.0001     1.0686   181.6510   -32.8383    44.0263   217.2810     7.7093
   500.0000     0.0001    -6.9766   126.9120   -36.8906   -59.1439   214.6450   -93.6285
   500.0000     0.0001   174.5020    90.9404    46.9593     4.7550    20.3613    68.0600
   500.0000     0.0001    30.6110   112.6970    -9.1412    74.1404   259.3830  -168.9650
   500.0000     0.0001     9.3039   147.5670   -52.3247    17.5465   227.0330   -79.3494
   500.0000     0.0001    37.8233   173.0350   -10.5491    50.3811   106.6360    61.7940
   500.0000     0.0001   136.8250   -16.1443   174.4310   -62.5609   -99.2472   -40.4691
   500.0000     0.0001     0.8029   139.3610   -38.4329    -4.5221   227.3600  -113.7500
   500.0000     0.0001    13.7837   139.0000   -50.6907    24.0383   216.7530  -134.1500
   500.0000     0.0001    -4.0265   144.4860   -36.9089    41.0613   217.5280   -49.7666
   500.0000     0.0001    46.8885   177.6260     7.6731    68.0959    71.9150   120.6630
   500.0000     0.0001    -8.4187   146.3310   -56.6845   -24.3141   199.6060   -59.8072
   500.0000     0.0001    36.7424   161.8810    -5.9933    57.2182    59.6353   111.3790
   500.0000     0.0001    41.7408   169.4080   -12.3840    47.8120    78.0442    78.5579
   500.0000     0.0001    37.2530    94.1260   -16.5160   -73.2559   217.6960  -154.8580
   500.0000     0.0001    23.4456   210.2250     9.9378    68.9776    20.6549   118.7260
   500.0000     0.0001    82.6912    29.9261    65.1533  -125.6050   -23.0457   -48.8178
   500.0000     0.0001    42.4538   158.1150    -5.0763   102.9560   124.1870   105.2760
   500.0000     0.0001    18.6607   200.9060    -9.2157    51.6097    48.8534   109.8380
   500.0000     0.0001    -7.0379   180.4200   -50.8410   -47.6693   254.3220   -44.9087
   500.0000     0.0001     5.4268   169.6660   -54.0510   -22.6096   186.6860   -34.6618
   500.0000     0.0001    41.9785   171.0480    -7.4967    82.9464   111.5720    66.0270
   500.0000     0.0001    34.9920   150.9330     8.4627   141.6920    60.9825   158.4800
   500.0000     0.0001     3.8597   128.0970   -33.5242   -13.8803   222.8660  -123.9140
   500.0000     0.0001    21.6853    40.9213    38.8975   -61.9075   108.4460  -210.2190
   500.0000     0.0001     0.3758   173.6190   -34.5131    23.4746   237.5670     7.0321
   500.0000     0.0001    38.7763   164.5130   -33.7830   100.0200   155.3320    30.0480
   500.0000     0.0001     1.3390   165.4490   -34.9379    15.2924   244.9840    17.5694
   500.0000     0.0001    46.5212   169.9530    19.3930    81.1325    28.1576   167.2800
   500.0000     0.0001    -4.4264   198.0360    14.9871    91.7447   -35.4730   132.1850
   500.0000     0.0001     8.2868   168.4030   -45.7320    58.5121   248.7890   -46.4146
   500.0000     0.0001    48.7266   160.7120     7.2755   126.7250    77.0280   133.8740
   500.0000     0.0001    77.9370   125.1470    67.9547    61.5345  -209.4460    71.0964
   500.0000     0.0001   145.3600    53.4094    70.0969     4.0281    30.5711    54.6914
   500.0000     0.0001     1.3554   193.3230     6.1857    46.1220    41.4210   131.0440
   500.0000     0.0001   135.4060   -17.3684   231.8890   -10.5182  -100.6570   -28.3072
   500.0000     0.0001     2.5158   160.5660   -48.9275    27.6153   198.7020   -36.9988
   500.0000     0.0001     5.5912   161.8930   -46.1881    36.8837   244.8040   -30.3627
   500.0000     0.0001    91.2078    30.8361    76.3986   -96.7646   -87.4762   -55.9361
   500.0000     0.0001     4.6217   183.9480   -33.6621     5.1349   195.9530    25.5674
   500.0000     0.0001    25.0412   111.5240   -14.7322   -79.5193   239.1360  -120.1200
   500.0000     0.0001   -26.0275   146.0910   -50.1210   -35.2187   206.9700   -81.3509
   500.0000     0.0001    -2.2942   150.0810   -58.5861    13.8408   220.6760  -135.2880
   500.0000     0.0001    15.2901   147.3610   -29.0727     7.3300   246.2240   -82.5523
   500.0000     0.0001    30.2133   163.5550     6.2340    49.6655    56.1484   130.4610
   500.0000     0.0001   203.0720    23.1870   164.3800   -44.8491  -142.3070    -7.9326
   500.0000     0.0001    96.1288    23.5124   107.9160  -109.5910   -35.6828  -139.2020
   500.0000     0.0001    34.8030   191.2710   -38.4936    57.0668   228.1220     7.2802
   500.0000     0.0001   100.4310    40.2569    89.0412   -86.3820   -97.3492   -58.8701
   500.0000     0.0001    16.9452   192.9890   -41.8625    39.5901   245.3930   -18.5882
   500.0000     0.0001   282.0900    94.2785   146.6000    39.4961  -157.6600    27.7356
   500.0000     0.0001    22.2081   134.8570   -31.9051    -7.6109   182.8060  -136.9990
   500.0000     0.0001    20.3041   179.3750   -45.9729    21.4454   182.8780     4.3082
   500.0000     0.0001    35.1861   168.4700     7.4304    47.8231    60.0635   137.1860
   500.0000     0.0001     2.0370   160.9380   -41.7156    30.7226   177.1450    -0.0624
   500.0000     0.0001   269.6180    83.8828   127.6450    37.0146  -162.9010    17.5101
   500.0000     0.0001    34.6103    36.4954    55.3391   -94.9598    89.4911  -195.4570
   500.0000     0.0001   106.7320    14.8875   119.3010   -91.6437   -62.5507  -126.0210
   500.0000     0.0001    38.2259   173.2210   -13.1333    65.1319    76.6016    78.7294
   500.0000     0.0001    40.5688   163.5250    30.7567   109.7300   -11.7402   193.7500
   500.0000     0.0001     5.4413   151.4990   -40.9836    18.3743   237.2970   -23.7088
   500.0000     0.0001    79.2871   146.6770    63.0861   -62.4157  -163.2150   145.9760
   500.0000     0.0001    82.0035   -14.5560   128.4630  -101.4640   -54.0241   -84.4259
   500.0000     0.0001    97.7394    18.8177   136.4880   -86.9015   -64.3149  -119.8740
   500.0000     0.0001    48.5998   179.6240    14.0195   100.3740    21.5430   145.3050
   500.0000     0.0001    42.4487   168.1700   -25.2827    67.4017   127.4530    14.0568
   500.0000     0.0001   203.1360     8.3804   199.0160   -19.7386  -114.5690    -8.3046
   500.0000     0.0001    34.2010    29.6642    50.5569   -90.0457    76.8577  -195.7700
   500.0000     0.0001    -8.2167   183.6700   -49.0089   -41.2997   243.8190   -35.8879
   500.0000     0.0001    10.4764   169.4910   -45.6271    40.9400   185.1340    20.6395
   500.0000     0.0001    73.6835    30.8784    74.4121   -78.1517   -38.6422   -98.7621
   500.0000     0.0001    44.3764   162.1850    -7.6818    78.9198   105.5020    91.1203
   500.0000     0.0001     6.0506   168.5040   -38.6385     6.1874   187.0600    36.3535
   500.0000     0.0001    12.0474   188.9770   -32.2440     0.1991   224.4350     3.0158
   500.0000     0.0001    25.9426   189.7000   -36.3771    63.0871   241.8080   -19.6883
   500.0000     0.0001    40.8695   166.9000     6.0070   114.3830    31.2861   134.6630
   500.0000     0.0001    30.4247   150.1500     2.7408    94.9205    71.8684   140.5580
   500.0000     0.0001   -10.7232    83.6670   -39.9130   -91.8399   150.4620  -119.0790
   500.0000     0.0001     0.1015   165.8030   -37.9157    34.0213   208.0620    19.0714
   500.0000     0.0001    36.6844   155.7520   -21.6308    51.5870   118.2840    56.6111
   500.0000     0.0001   280.1810   204.7680   182.8690    73.0059  -136.2960    68.1386
   500.0000     0.0001     2.5318   162.9320   -47.3148    -2.0869   193.0090     5.2545
   500.0000     0.0001     9.9348   164.8110   -41.0097    74.2014   234.8320   -19.4739
   500.0000     0.0001    20.0334   171.3870   -49.8773    -0.7602   251.3960   -56.9445
   500.0000     0.0001   111.1220    58.1777    81.1180   -96.6119  -125.4300   -65.5394
   500.0000     0.0001     3.1391   153.3890   -24.7523    67.0875   133.5080    83.7059
   500.0000     0.0001    44.6759   171.9880    46.2910   120.1250   -15.0912   162.1830
   500.0000     0.0001   153.7050    62.9679     7.2150    14.4336    -1.4577    55.6353
   500.0000     0.0001   146.8730    53.6618    42.6162     7.2184    12.4011    51.9349
   500.0000     0.0001    17.0657   169.0850   -57.8917    38.0045   204.2960   -26.6715
   500.0000     0.0001     0.1078   152.3030   -42.9207   -10.8463   215.0680   -18.8728
   500.0000     0.0001   -17.8356   137.1950   -18.6843   -64.7047   203.3070   -50.5163
   500.0000     0.0001   112.1440    38.8121   119.4910    34.5146    20.4673    52.8836
   500.0000     0.0001     2.1540   169.7160   -39.3612    57.0771   224.2530   -12.7915
   500.0000     0.0001     2.0691   170.8870   -41.2050    40.9447   243.5140   -32.6353
   500.0000     0.0001    -7.2524   171.5830   -44.1670   -20.3835   229.3210   -11.5549
   500.0000     0.0001    -2.1674   166.4210   -31.6795    18.0505   178.0380    36.2139
   500.0000     0.0001     4.9261    89.7786   -17.2949   -16.9839   209.4570  -160.3240
   500.0000     0.0001    36.7599   196.4460   -10.8644    62.6922    64.6459    86.4244
   500.0000     0.0001   101.6000   -30.1395   182.7300   -54.8410  -103.5310   -52.4464
   500.0000     0.0001    53.0688   167.5800     2.4598    76.4263    69.5191   136.9560
   500.0000     0.0001    37.4075   104.7600    59.4985   -81.4283    51.8994    75.6874
   500.0000     0.0001     4.5497   181.2060   -40.3828    -8.0256   273.5490   -11.8348
   500.0000     0.0001     4.6643   164.6300   -44.8549    21.5362   249.4350   -42.8133
   500.0000     0.0001    24.6793    59.2731    25.7730   -55.2849   165.6190  -217.1030
   500.0000     0.0001    -4.1956   167.3840   -41.1340     5.8959   228.4150    -2.4710
   500.0000     0.0001   146.4660    -1.4090   173.9120   -43.9059   -93.2896   -64.9875
   500.0000     0.0001    -9.5194   174.1420   -37.8333    22.7676   211.4080   -22.7464
   500.0000     0.0001    45.2870   167.2670     6.9039    68.9322    63.1168   146.9160
   500.0000     0.0001     1.9145    65.7451   -12.5822   -93.3802   154.6970  -148.9230
   500.0000     0.0001   -28.0674   142.7040     5.4069   169.6050   -45.8124   147.5860
   500.0000     0.0001   160.7930   -12.0512   238.4160    -5.0863  -112.4790   -11.6357
   500.0000     0.0001    35.2148    93.5819   -10.7383   -94.3359   219.0300  -158.4720
   500.0000     0.0001     7.2952   187.6750   -24.3842    32.5541   236.9040    49.7025
   500.0000     0.0001    48.1489   166.9460    -2.3406    71.7758    75.4275   128.4260
   500.0000     0.0001     5.9289   162.2970   -46.3909    58.6072   237.7460   -76.1932
   500.0000     0.0001    24.8819   182.7080   -51.3931    21.0960   254.5170   -47.7436
   500.0000     0.0001     1.4469   175.6060   -26.6254    20.4444   210.7740    52.8027
   500.0000     0.0001   -11.2660   172.7260   -12.5854   101.1320   -35.0527   156.4260
   500.0000     0.0001    94.1223     6.1995   123.5150   -94.4902   -51.7609  -117.1620
   500.0000     0.0001   -14.6897   156.6100   -52.8699   -14.9045   206.2350   -57.3414
   500.0000     0.0001   124.4530     4.1998   153.5000   -71.5442   -75.6610   -79.8580
   500.0000     0.0001   -11.5837   170.0230   -47.6135   -16.6569   209.5570   -23.2725
   500.0000     0.0001     6.4377   185.9450   -28.3032    33.8643   245.8570    32.4513
   500.0000     0.0001    14.4487   193.8250   -42.0653    42.4734   270.7820   -22.7056
   500.0000     0.0001     6.9072   119.3000   -21.8602   -84.6228   233.3700   -77.1125
   500.0000     0.0001     8.7963   150.8160   -45.4686   -18.4669   242.2660   -87.3682
   500.0000     0.0001     5.9755   164.0850   -46.0364    45.1481   250.3100   -37.4111
   500.0000     0.0001    11.8606   144.5800   -73.9274    21.8551   198.1150  -154.9090
   500.0000     0.0001    -8.8477   173.2560   -49.9481   -15.7011   219.2610   -25.0343
   500.0000     0.0001    -0.1922   157.9530   -48.0913   -13.5967   203.1770    -4.3010
   500.0000     0.0001    -2.5538   174.1010   -37.1782    14.2718   222.3860    11.6391
   500.0000     0.0001     1.8398   145.9850   -27.8643    45.4346   230.8490   -24.4076
   500.0000     0.0001    53.6124   170.6380    37.4486    89.4104   -34.7937   192.9930
   500.0000     0.0001    14.8311   122.0390   -39.1967    30.0331   228.0090   -67.7571
   500.0000     0.0001    52.6216   170.8840    46.4372   135.1410   -57.2213   156.6410
   500.0000     0.0001   107.9560    45.3993   100.9040   -83.3220   -60.8922  -179.4800
   500.0000     0.0001   134.3930    62.1589   105.8680     2.2401    68.6602    33.6208
   500.0000     0.0001    35.9088   171.3280    10.4970    59.2037    45.4613   142.3320
   500.0000     0.0001     0.9049   175.4480   -29.8018    17.1924   221.3190    39.2057
   500.0000     0.0001     7.4642   185.1470    -7.5769    68.2950    66.3183   125.6670
   500.0000     0.0001    97.4295    16.2582   157.6050   -51.7464   -57.4615  -115.5720
   500.0000     0.0001     2.7773   166.7030   -34.0906    28.8279   194.4700    39.2526
   500.0000     0.0001    20.1413    78.7712    18.4439   -53.3418   211.1870  -216.2050
   500.0000     0.0001   -23.1330    86.7303   -41.2967   -71.0174   147.1870  -137.5940
   500.0000     0.0001   -34.2212    93.2886   -93.5872    55.8493   -16.9443    98.7227
   500.0000     0.0001    -8.4187   146.3310   -56.6845   -24.3141   199.6060   -59.8072
   500.0000     0.0001     2.9392   180.8520   -34.8292    55.3370   231.1810    -2.5059
   500.0000     0.0001    48.3068    24.0962    70.1736  -114.7330    35.0738  -177.3510
   500.0000     0.0001     0.7635   172.2370   -36.1583    39.7296   218.6060    19.0638
   500.0000     0.0001    -7.8391   161.4210   -49.5127   -14.9338   227.5360   -38.2496
   500.0000     0.0001     7.0267   171.0410   -39.1393    27.2842   272.4320   -14.9443
   500.0000     0.0001    46.6284   168.0700    14.9958    85.1331    43.0862   162.5220
   500.0000     0.0001   -12.4376   167.8340   -61.6284   -44.8847   200.7620   -70.1551
   500.0000     0.0001   230.3430     4.5007   248.5300     6.1754  -130.6240    39.3298
   500.0000     0.0001    28.9548   155.6860   -14.3693    19.2518   120.6820    82.7519
   500.0000     0.0001    44.2621   183.7750    12.9836    77.3553    33.4917   137.9490
   500.0000     0.0001    60.9394   119.7140   -88.8501    26.7974   -12.1884   -13.9918
   500.0000     0.0001   135.1790   -13.4590   169.5590   -52.7464   -84.3597   -60.2538
   500.0000     0.0001     3.1649   187.8670   -38.9208    35.4933   224.7020   -11.8906
   500.0000     0.0001     1.6332   170.8360   -30.9561    47.4002   181.7500    40.1414
   500.0000     0.0001    49.3423   156.2690     7.1508   113.2640    58.7508   160.5570
   500.0000     0.0001    -5.1300   172.9930   -31.4361     7.2618   189.3470    28.3668
   500.0000     0.0001    10.3963   200.8790   -10.2929    48.3798    29.7069   113.3530
   500.0000     0.0001    57.6231   175.0280    15.3008   126.3030    25.0952   162.7030
   500.0000     0.0001    42.0943   155.3280     4.3009    96.6396    49.2751   147.2210
   500.0000     0.0001   188.7390     8.8539   246.1390    -4.3354  -113.5400    -0.1082
   500.0000     0.0001    10.5443   170.1710   -47.4200    61.2508   246.1310   -30.0358
   500.0000     0.0001    -0.5665   144.1710   -77.6144   -24.0902   201.3930  -151.7630
   500.0000     0.0001    68.3730    29.3991    83.7655  -123.8100    12.6040  -170.1930
   500.0000     0.0001    -6.6132   178.5950   -47.6926   -17.6802   260.4260   -46.8286
   500.0000     0.0001     0.3605   158.1970    -9.0464   139.1980   -59.0869   184.6570
   500.0000     0.0001    39.1772    42.5508    64.7142   -96.3689    68.0300  -218.6080
   500.0000     0.0001    40.4288   180.5520    10.3840   125.0210   121.8960    98.5701
   500.0000     0.0001    19.7491   193.9860   -46.5428    30.1132   264.3310   -36.2444
   500.0000     0.0001    32.7145    44.1183    27.9111   -79.0418    94.8900  -231.7420
   500.0000     0.0001    69.5463    31.2222   101.9860   -88.1207    -3.8927  -181.9400
   500.0000     0.0001    29.7667   208.5940     0.9303    68.5740   -41.8052   140.1740
   500.0000     0.0001   -72.1345    98.4309   -45.5006    88.9267   -11.5939    98.8932
   500.0000     0.0001    22.9645   190.8010   -11.1348    79.6459   168.4950    24.8870
   500.0000     0.0001    31.7244    79.0064     1.2657  -122.9190   206.9840  -168.7370
   500.0000     0.0001    27.2536    89.4764     1.5118   -18.9478   225.7010  -218.0320
   500.0000     0.0001    35.4350   171.8170    -1.2232    99.5376    41.1341   114.4700
   500.0000     0.0001    28.6649    25.4755    62.0691   -89.6169    49.2853  -193.0020
   500.0000     0.0001    29.7969    60.4499    32.6388   -97.3452   153.6070  -220.5100
   500.0000     0.0001    38.9339   175.1240     0.0840    84.3625    81.6761    86.0813
   500.0000     0.0001    64.3043   174.4740    41.1233    98.3994   -51.9178   174.7450
   500.0000     0.0001    46.7441   171.7680    10.3813    78.1210    54.1820   142.6190
   500.0000     0.0001     7.5983   138.8380   -28.5929   -11.0233   242.7860   -98.3343
   500.0000     0.0001   115.4700    74.7079   111.5850    -9.0778   108.1900     3.4455
   500.0000     0.0001    82.3938    17.3647   111.0870   -99.6509   -22.7775  -141.3730
   500.0000     0.0001     1.9104   169.6830   -38.5160     9.7070   199.4510    30.7544
   500.0000     0.0001   -10.7854   173.5400   -42.2263   -28.5437   209.4840    -6.4840
   500.0000     0.0001    57.3771   175.7160    42.8573    98.0205   -59.5086   162.6300
   500.0000     0.0001     8.2994   172.2040   -38.6953    29.2256   172.3550    26.2733
   500.0000     0.0001   -25.3104   179.8310   -31.6403    36.5113    -4.4428    95.3962
   500.0000     0.0001    37.1453    73.0896    11.0559  -131.6630   193.1890  -190.7150
   500.0000     0.0001    17.3102   186.0210    -8.2360    82.8244   211.1860    34.7165
   500.0000     0.0001    35.2856    55.8640    36.5451   -67.8133   143.7180  -234.4150
   500.0000     0.0001     9.1813   153.6370   -36.4393    66.8304   233.4190   -33.9627
   500.0000     0.0001     3.4357   185.0050   -31.2203    47.8226   220.5630    10.1387
   500.0000     0.0001    19.7574   128.4330    -7.0614    78.4763   198.4470     7.5431
   500.0000     0.0001    85.4763    24.6945   113.5070   -94.8369   -28.8512  -150.3310
   500.0000     0.0001   115.5500   -10.1763   127.2250   -51.9812   -63.0436  -117.9850
   500.0000     0.0001     4.6934   178.0210   -67.3563    20.0416   208.2610   -86.3883
   500.0000     0.0001   165.1400    70.6290   -21.8402    26.3656   -11.5633    50.8671
   500.0000     0.0001    36.1763   169.5150     4.1583    51.1681    55.1209   125.1700
   500.0000     0.0001   111.2630    56.5004    68.7549  -116.3900  -121.4490   -53.8965
   500.0000     0.0001    -6.2365   168.0560   -29.1973    43.0686    90.9053    75.4830
   500.0000     0.0001    14.4823   124.7050   -33.8186    45.0940   219.9810  -147.4740
   500.0000     0.0001    -5.7722   164.2310   -46.7100    16.0452   223.8530   -37.8885
   500.0000     0.0001    34.9620   153.8270    -1.5266    79.5379   116.9790   118.1130
   500.0000     0.0001   -62.1844   129.0700   -17.5517   -29.1911    31.1616     5.5437
   500.0000     0.0001     5.3668   177.4310   -54.6351   -37.7006   248.6530   -48.6467
   500.0000     0.0001     8.8075    88.9137    -2.8417     6.1917   200.0770  -204.8070
   500.0000     0.0001    81.7286    40.2442    72.4078  -116.1360   -74.5758   -69.8189
   500.0000     0.0001    23.9143   106.3620    -7.1774   -12.8111   259.5430  -166.2250
   500.0000     0.0001   228.4270    35.5868   245.3490    12.1121  -126.5560    26.2716
   500.0000     0.0001    21.6853    40.9213    38.8975   -61.9075   108.4460  -210.2190
   500.0000     0.0001   -16.1216   158.4630   -59.5064   -15.1954   214.9220   -85.2748
   500.0000     0.0001    36.6038   172.7640    14.3693    66.4736    50.2504   141.5940
   500.0000     0.0001   -20.2776   185.9930    -5.9327   117.1860   -23.4805   126.1400
   500.0000     0.0001   -13.0732   172.6880   -44.7448    15.1717    70.6775    63.7078
   500.0000     0.0001    35.0548   197.4670    34.3343    89.7578     0.9584   113.7550
   500.0000     0.0001   170.5720     8.9856   192.7110   -42.3746  -114.7280   -26.9238
   500.0000     0.0001   213.8780    14.5284   174.3470   -33.1722  -137.3420    -0.7580
   500.0000     0.0001    26.6395   154.8500   -10.1150   123.0110    77.6873    85.7604
   500.0000     0.0001    41.9022   178.6160     4.1346    75.3139    49.1737   112.4120
   500.0000     0.0001    -6.3852   143.3590   -44.1659    26.0429   221.4840   -89.8863
   500.0000     0.0001    44.6831   208.0750     1.4319    72.4455   -19.0386   120.7600
   500.0000     0.0001    30.1333    39.9766    52.2042   -76.0977    91.9578  -213.6170
   500.0000     0.0001    38.0430    83.0609    -6.5870   -85.0820   200.9890  -187.3640
   500.0000     0.0001     1.9429   141.9600   -22.7303    29.1713   243.9580   -45.9067
   500.0000     0.0001    40.0068   159.1840     6.5583   111.2800    32.7782   144.7170
   500.0000     0.0001   -13.8821   132.3180   -47.8254   -50.6764   205.8140  -113.5950
   500.0000     0.0001   107.9920    71.7850   119.2540    12.4189   106.0020    -2.7607
   500.0000     0.0001     7.7033   172.5660   -64.3643   -28.0780   236.6280   -88.5067
   500.0000     0.0001    -0.4637   184.7220   -36.2523    37.3150   244.3930   -10.2035
   500.0000     0.0001    -0.4802   102.0800   -21.1855   -27.6723   188.8000  -158.1740
   500.0000     0.0001    51.3040   176.2670     9.8213    74.8019    39.0547   142.1920
   500.0000     0.0001    36.9021   166.2290     6.1432   109.7710    58.3905   111.4720
   500.0000     0.0001     7.4665   169.4910   -44.8303    10.4925   178.3830    -2.0183
   500.0000     0.0001   146.4260    20.8362   145.6640   -54.8731   -88.6683   -96.0890
   500.0000     0.0001    34.0083   195.6000   -24.4594    44.5774    78.7660    73.9494
   500.0000     0.0001   -32.2567   119.0600   -48.5475   -46.4554   171.5350  -111.4660
   500.0000     0.0001    52.4985    29.6129    79.3015   -83.4944    41.3670  -194.9520
   500.0000     0.0001   129.3310    62.7574   101.8380    13.7024   104.6050    33.7706
   500.0000     0.0001    57.3771   175.7160    42.8573    98.0205   -59.5086   162.6300
   500.0000     0.0001    32.6552   153.3320    -6.8454    63.3983   122.5600   100.1350
   500.0000     0.0001   -57.6976   111.5630   -62.3838    69.2247    -6.6085    99.4748
   500.0000     0.0001    -8.3981   154.5810   -54.1567    -5.8552   226.1970   -71.9864
   500.0000     0.0001    59.9778   167.9410    31.6197    99.7197    -5.1711   189.7920
   500.0000     0.0001    48.3638   179.7680    -5.8679    85.7405    57.4938    97.8136
   500.0000     0.0001    45.1217    71.6446    12.1953  -162.5800   167.9590  -191.9060
   500.0000     0.0001    42.1808   175.1820     0.0578    68.8596   130.5720    94.3008
   500.0000     0.0001     1.9277   164.9400   -44.2294    45.2703   226.5450   -19.8508
   500.0000     0.0001     7.5776    48.4212    22.4160    11.3653   106.1850  -227.8280
   500.0000     0.0001    39.8376   169.7880   -11.1120    73.7229   104.8830    52.9539
   500.0000     0.0001    13.4303   193.7650   -17.1719    56.3653    57.7547    86.1649
   500.0000     0.0001   -19.9253   132.6980   -51.4086    93.7220   -12.9519   145.3970
   500.0000     0.0001     9.0924   173.2300   -55.6120    74.6286   -26.0321   124.2480
   500.0000     0.0001    38.0787   187.7500     3.6224    68.3456    53.2097   141.9410
   500.0000     0.0001    58.9215   121.0990    16.9401    40.3360   104.6540    82.9108
   500.0000     0.0001    18.1195   192.7990    -0.9745    48.8601    58.6391   115.2050
   500.0000     0.0001   137.7310   -14.4299   173.6790   -33.4985   -82.0616   -69.3884
   500.0000     0.0001    46.3092   175.9480    11.4730    70.9711    33.5772   151.6550
   500.0000     0.0001   -15.1816   180.0500     6.9086   124.4490   -39.1988   139.9810
   500.0000     0.0001     0.0976   164.3200   -49.9809    40.1738   240.0640   -66.3914
   500.0000     0.0001    41.4731   167.0610    14.7034    80.2860    45.9369   161.6330
   500.0000     0.0001     4.2980   161.5620   -50.8465   -11.3497   196.3140    -7.1971
   500.0000     0.0001    14.6586   194.1850   -30.4133    47.1644   259.3360    17.7837
   500.0000     0.0001    52.0546    49.1114    52.6713   -84.9180    89.5418  -241.7920
   500.0000     0.0001     1.6123   170.2880   -41.0832    27.0222   252.0220    -9.4762
   500.0000     0.0001    -3.2742   177.1850   -42.1989    12.7914   234.3090    -9.8430
   500.0000     0.0001    66.2248    23.1338    88.4138  -118.5570     5.7393  -162.0130
   500.0000     0.0001    -5.4036   177.2690   -49.0951   -32.0907   207.0950   -21.3462
   500.0000     0.0001    -1.3133   198.3770    -8.5739    69.8454    42.7544   126.2030
   500.0000     0.0001    -7.1038   166.7750   -63.4650   -55.3589   233.1600   -80.6559
   500.0000     0.0001    57.2170   180.6380    17.0972    88.0348    48.0841   137.2450
   500.0000     0.0001   220.8100    37.0906   231.2660     2.1659  -132.2110    18.4785
   500.0000     0.0001    -8.9009   172.7150   -36.3846    12.0966   215.2590     0.3956
   500.0000     0.0001    -3.4337   159.4770   -40.3133   -16.5709   245.9280   -25.9741
   500.0000     0.0001    59.3231    19.7797   113.4330   -84.6577   -34.1781  -166.0590
   500.0000     0.0001    55.3848   163.8770    57.7286   109.9030   -90.1644   171.7010
   500.0000     0.0001     3.0725   146.0420   -21.7200    18.8521   238.0370     6.3468
   500.0000     0.0001    43.5138   183.6620    10.7023    66.9146    54.4147   127.0040
   500.0000     0.0001     6.7237   193.9130   -53.3566    58.3424    42.4045    68.1169
   500.0000     0.0001     2.9968   182.1790   -32.8281    51.7953   235.6690    12.1980
   500.0000     0.0001    29.9487    76.9876    20.5842   -56.4614   192.7700  -253.8620
   500.0000     0.0001     1.2472   168.1510     2.5840   157.5100   -89.1962   171.1590
   500.0000     0.0001    -4.4030   127.1770   -44.4830   -59.8784   208.3410   -96.4586
   500.0000     0.0001   154.8730    67.7644   103.0810    21.1550    70.1940    66.4652
   500.0000     0.0001     1.4677   201.3340   -11.6713    87.0153    37.8947   116.8930
   500.0000     0.0001   271.1270    66.9981   168.4010     8.5045  -145.0140    20.0227
   500.0000     0.0001    -4.4013   155.8000   -57.0450     7.8179   226.7660   -79.2924
   500.0000     0.0001   127.8840     6.1549   150.7770   -69.4968   -81.1821   -86.6885
   500.0000     0.0001    49.1829   168.8330    10.2520    83.5994    52.3208   152.0820
   500.0000     0.0001    -0.4802   102.0800   -21.1855   -27.6723   188.8000  -158.1740
   500.0000     0.0001    57.2170   180.6380    17.0972    88.0348    48.0841   137.2450
   500.0000     0.0001   -28.7878   165.4400   -21.3282   104.6700   -18.6453   138.8090
   500.0000     0.0001    36.7424   161.8810    -5.9933    57.2182    59.6353   111.3790
   500.0000     0.0001    54.3885   162.3770    30.4801   163.3230    -3.8938   173.5090
   500.0000     0.0001    32.9393   163.6260    -1.7183    26.6807    88.0680   116.5540
   500.0000     0.0001     1.7881   177.2000   -34.2731     9.6585   180.3110    15.9405
   500.0000     0.0001    52.2295    52.1854    13.0451  -144.1650   102.2600  -195.1810
   500.0000     0.0001     2.2156   181.7380   -40.2950   -13.4910   269.1140   -11.4728
   500.0000     0.0001   159.9210     3.8445   186.9940   -37.4006  -100.5310   -49.8377
   500.0000     0.0001    45.7429   176.1080    12.3287    66.9798    51.7118   142.5820
   500.0000     0.0001    -3.7583   176.8490   -64.2172   -38.4333   218.2770   -74.0785
   500.0000     0.0001   -58.0940    78.5729   -52.9695    93.1257   -14.3500   110.8900
   500.0000     0.0001   -11.9130   169.3830   -46.2047   -34.9009   230.0710   -24.6040
   500.0000     0.0001    28.1980   153.1230    -8.2936    61.0105    55.5723    85.7973
   500.0000     0.0001    44.9122   164.4930    31.3947    99.4936   -20.5580   204.5300
   500.0000     0.0001     6.4493   149.1980   -53.4667    12.7502   233.9650   -66.6475
   500.0000     0.0001     3.1034   185.9640   -33.9008    40.5709   238.5100     1.8778
   500.0000     0.0001    -7.0243   192.1180    19.7489   111.8190   -39.6200   138.0710
   500.0000     0.0001   -24.6494   146.4140   -33.2400   108.5750   -22.1969   156.7520
   500.0000     0.0001    51.8960   179.0880    30.3530    75.9640   -12.2496   159.9800
   500.0000     0.0001   -43.5583    61.2753   -99.3671    45.5484   -20.6363    79.3459
   500.0000     0.0001     0.6533   170.7600   -32.5755    63.0601   205.1280    11.4209
   500.0000     0.0001     6.8231   182.9440   -40.9906    12.9750   255.4900     0.1153
   500.0000     0.0001     6.4924    96.2954    -4.0069   -78.3003   225.5550  -121.7750
   500.0000     0.0001   -12.2855   151.9910   -33.1804   108.4290   -24.4341   165.3360
   500.0000     0.0001    44.5457   183.1130    15.6062    78.0630    19.2102   138.0730
   500.0000     0.0001   115.7890     9.9855   133.1380   -83.3758   -70.5776  -106.3420
   500.0000     0.0001    21.3098   123.9770   -46.0924    74.1292   208.2160  -135.9280
   500.0000     0.0001   154.1700    21.2989   194.0010   -40.7066  -102.4260   -51.7030
   500.0000     0.0001    29.6519   188.9000   -30.9418    64.2406   220.1430    28.7618
   500.0000     0.0001     2.1520   202.5070     1.3554    74.6388   -18.2850   134.6530
   500.0000     0.0001    16.7889   190.3550   -30.7737    13.9830   205.6870    14.8281
   500.0000     0.0001   131.2600   107.0780    82.7452   -82.0313    67.4245    22.6967
   500.0000     0.0001    31.5240   214.3040     5.8672   101.1520   -33.3183   133.1500
   500.0000     0.0001    16.3625    26.3947    67.1145   -86.1680    61.4182  -174.3130
   500.0000     0.0001   238.0880    -8.1480   163.6420    -7.5949  -146.8410    12.1548
   500.0000     0.0001   -16.3244   133.9840   -41.3488   -67.5433   209.8130   -85.8843
   500.0000     0.0001    63.5390   134.5680    19.0874   216.0710   266.3260    -7.0120
   500.0000     0.0001    36.4282   168.2650    -3.0602    56.8662    95.7768    90.9854
   500.0000     0.0001    27.8023   173.1910   -46.8011    54.5172   253.2260   -18.1867
   500.0000     0.0001   114.0830    18.2344   139.0400   -80.4337   -63.6053  -109.6300
   500.0000     0.0001    28.7295   203.4680    14.6774    63.9352    16.4374   134.4750
   500.0000     0.0001    41.6725   171.2990   -15.3902    69.5847   165.0670    62.2104
   500.0000     0.0001    53.7419    28.2298    94.4808   -97.0840    -3.4778  -186.7960
   500.0000     0.0001    35.5034   203.4910    17.6776    64.1408     2.9434   129.1450
   500.0000     0.0001    40.2858   160.6460    -1.4983   107.2600    50.6756   113.4630
   500.0000     0.0001    63.2590   182.7740    29.6938   102.0960   -10.8382   156.4200
   500.0000     0.0001   -17.5645   156.6100   -46.6065   -39.5140   214.7650   -36.8127
   500.0000     0.0001   149.6010    -6.5561   192.2150   -39.7221   -97.6900   -44.4604
   500.0000     0.0001   136.1720   100.3450    87.4048   -55.3616    75.0200    39.6766
   500.0000     0.0001    47.2723   177.0880    27.6712    53.4481     4.0918   177.7190
   500.0000     0.0001     1.8458   176.1760   -35.3834    43.5504   178.6180    -1.6326
   500.0000     0.0001    -5.3475   137.2130    17.0420   225.3070   -70.0939   176.5990
   500.0000     0.0001   -14.6519   118.7680   -28.3815   -33.7217   207.5370   -88.7559
   500.0000     0.0001    44.1567   169.5250    -2.6227    68.7948   131.8200   100.6910
   500.0000     0.0001    -4.5922   169.6340   -40.0341   -46.9417   253.6740   -45.0143
   500.0000     0.0001    56.4037   163.9920    47.9689   155.8470   -67.5950   182.4340
   500.0000     0.0001   106.9030    85.0579   123.3140    -0.4034    73.8864    -4.2572
   500.0000     0.0001   282.3960   114.0890   140.8370    54.5810  -158.5980    29.2340
   500.0000     0.0001    16.5970   173.3220     3.5351    85.0541    59.6297   124.5310
   500.0000     0.0001   123.8670     3.4248   185.6580   -40.8757   -89.8253   -68.2775
   500.0000     0.0001   -18.8829   150.0680   -54.9957   -46.5411   216.0310  -115.5680
   500.0000     0.0001    32.5807   170.2700    -6.6150    91.9097   125.9560    57.2762
   500.0000     0.0001    10.0998   162.1650   -77.9491     5.7244   220.7820  -146.4750
   500.0000     0.0001    -1.0703   185.8300   -30.8684    27.3790   237.7770    10.7864
   500.0000     0.0001   -15.8859   137.7760   -50.8117   -40.0675   187.4620   -42.3589
   500.0000     0.0001    41.9762   189.8430    -0.4768    77.1835    55.7964   102.1680
   500.0000     0.0001    18.8102   152.9030   -34.7559    25.8177   252.2540     1.1812
   500.0000     0.0001    56.7363    27.7816    87.9496  -104.7500    24.0117  -176.7310
   500.0000     0.0001    35.3589   180.1160     2.1914    87.3506   122.6700    65.9259
   500.0000     0.0001   122.3210    15.2132   165.9140   -65.3055   -85.0323   -84.0480
   500.0000     0.0001    11.7852   105.2280   -26.6065    35.4646   195.6880  -182.5420
   500.0000     0.0001    31.6365   205.5020    27.1510    75.3919    -4.0065   113.2860
   500.0000     0.0001   132.7350     3.6242   206.0720   -31.0551   -91.8970   -53.6090
   500.0000     0.0001    81.2800     7.1612   112.4570   -94.9993   -27.8722  -132.5660
   500.0000     0.0001    -0.8778   175.7750   -61.0690     0.9553   249.6810  -114.9000
   500.0000     0.0001    53.4787   167.5650     8.5088   122.1630    37.7736   152.3930
   500.0000     0.0001   -24.3598   127.0280   -48.3185   -83.3073   170.6260   -63.7785
   500.0000     0.0001    34.8030   191.2710   -38.4936    57.0668   228.1220     7.2802
   500.0000     0.0001   171.4160    24.6749   221.5460   -23.8672  -116.3690   -21.5599
   500.0000     0.0001   145.5390   -12.2488   188.1780   -42.7691   -94.3216   -45.6503
   500.0000     0.0001    20.5494   173.0530     2.3211    80.0871    43.3323   132.6310
   500.0000     0.0001   119.5900    69.3659   117.0430    17.1259   109.4230    25.3945
   500.0000     0.0001    25.2786   153.0620   -37.0020    29.8649   258.9210   -46.7187
   500.0000     0.0001     4.0440   163.7550    -3.6480   133.7240   -73.5088   188.1220
   500.0000     0.0001    20.5195   200.0410    12.5069    78.1894    32.2254   116.3030
   500.0000     0.0001   171.7650    30.1896   245.6000   -13.4861  -106.3430    -9.6622
   500.0000     0.0001    -1.8252   166.1860   -48.0306     0.4854   252.4700   -62.1452
   500.0000     0.0001    -3.6410   166.7180   -43.9030    38.5498   237.0560   -44.9425
   500.0000     0.0001   181.0460     8.8455   220.5100   -22.2028  -130.3610    -1.3373
   500.0000     0.0001    19.3152   187.0060    -2.1094    72.0737    61.1845   114.9590
   500.0000     0.0001    58.3633   149.3680    20.6025   181.2930    46.1501   218.5690
   500.0000     0.0001    25.1517   195.2720    18.6087    91.8868    41.8333   131.7270
   500.0000     0.0001    56.6683     9.9171    94.9747   -81.2261    10.4229  -159.3020
   500.0000     0.0001     4.7819   185.4590     4.5703    57.1061    52.1736   133.1250
   500.0000     0.0001    92.7389    96.5172    98.3745   -39.2122   166.5080   -50.4905
   500.0000     0.0001    -1.8440   170.5270   -28.9050    26.7394   242.3350    11.9388
   500.0000     0.0001   109.4730    82.3445   104.4380   -18.3052   135.5460   -18.6837
   500.0000     0.0001   118.4490    49.7920    81.2924   -82.2354  -121.1480   -54.6717
   500.0000     0.0001    15.8033   167.2230   -45.7784    17.6641   197.7810    16.4255
   500.0000     0.0001    59.6933   166.6180    24.2651   145.9910   -10.2136   180.7470
   500.0000     0.0001    -2.3720   175.9260   -59.4844    10.5801    48.9019    43.2334
   500.0000     0.0001     4.4416   169.7270   -33.9942    33.3421   181.7590    35.7595
   500.0000     0.0001    22.0877   176.3100   -53.2545    12.2351   252.1200   -60.5325
   500.0000     0.0001    32.5562   166.7890    -6.7462     5.9000   102.1710    96.2410
   500.0000     0.0001    15.6895   169.7940     3.5700    62.9061    48.9482   118.7320
   500.0000     0.0001    61.0224    19.1027    98.2606  -102.0950    -6.2114  -161.8910
   500.0000     0.0001    -3.9096   156.7160   -45.4918    43.8243   199.3750   -49.2932
   500.0000     0.0001     0.1406   180.5460   -28.2880    37.8858   230.9690    28.3472
   500.0000     0.0001    15.0933    99.9305   -11.1462   -80.5893   231.6540  -136.4080
   500.0000     0.0001    10.7486   111.8420   -31.7948    20.5902   213.4920  -140.3490
   500.0000     0.0001     7.2042    81.3045    -7.1990     8.7050   178.0960  -206.0380
   500.0000     0.0001   131.9000    45.2424    93.4549    14.0123    28.7652    44.9797
   500.0000     0.0001     7.7988   182.4500   -61.8039   -16.6031   223.4310   -71.6008
   500.0000     0.0001   239.9160    46.1325   156.6900   -11.5885  -156.7880    13.6880
   500.0000     0.0001     3.6715   167.5690   -35.7183    37.3016   201.5620    30.1339
   500.0000     0.0001    14.4744   147.9660   -52.6572     9.1586   233.5890  -110.6430
   500.0000     0.0001    36.9496   201.0510    19.2700    92.7138     8.0653   123.5060
   500.0000     0.0001    33.3216   155.2520   -12.3850   123.3250    67.5471    51.6964
   500.0000     0.0001    -9.5949   170.8300   -47.2386   -15.1950   232.7100   -27.8343
   500.0000     0.0001    36.4141   169.2860   -10.7001    30.7806    74.8674    78.0658
   500.0000     0.0001   143.1820     7.4635   155.4150   -60.6428   -94.3843   -77.0886
   500.0000     0.0001    38.0148   155.8280   -12.9559    82.1800   142.5190    82.7787
   500.0000     0.0001   -26.3829   145.5020   -59.0874   -68.6423   202.4940   -90.9156
   500.0000     0.0001    30.9125   165.0870    -3.0750    27.5811   108.6170    93.3216
   500.0000     0.0001    39.8858    32.8733    56.7544  -109.2050    80.1891  -183.8730
   500.0000     0.0001    25.9219   190.6300   -62.1436    33.4277   237.5990   -71.0118
   500.0000     0.0001   263.1140    32.6828   144.1600    -4.0816  -146.7860    10.7760
   500.0000     0.0001    38.3773   175.2910   -11.1519    83.6449   158.7870    44.1086
   500.0000     0.0001     0.5834   160.7390   -39.5815     5.6734   253.1760   -25.8660
   500.0000     0.0001    33.9818   207.9040   -14.1730    69.1324     7.2785   136.3480
   500.0000     0.0001    85.5772    41.8627    80.7132  -135.5020    -3.0237  -180.5560
   500.0000     0.0001   310.2120   116.6650   170.5930    62.9455  -141.7070    42.0902
   500.0000     0.0001    30.9803   162.6330    -5.6433    29.5165    71.3280   112.1240
   500.0000     0.0001     1.3370   168.1670   -32.7979    24.1447   192.9420    40.1264
   500.0000     0.0001    24.6793    59.2731    25.7730   -55.2849   165.6190  -217.1030
   500.0000     0.0001   -39.3979   138.3800   -26.5554   107.6840   -16.7985   140.0170
   500.0000     0.0001    45.8452   205.0580     9.9085    85.4082    16.5230   131.4800
   500.0000     0.0001    42.8519   162.8490     5.5464   151.8350    43.0990   128.8610
   500.0000     0.0001    44.7802   162.7750     0.5950    71.8135    67.3390   142.0230
   500.0000     0.0001    48.5822    57.0970    47.0335   -90.8969   106.6850  -256.2550
   500.0000     0.0001   116.0230    39.9581   168.9890   -43.3675   -87.5722  -108.1650
   500.0000     0.0001    50.9721   150.4060    13.5442   125.7680    42.0728   204.8850
   500.0000     0.0001   -12.8398   120.6880   -60.8243   -69.0398   180.8820  -133.1120
   500.0000     0.0001    35.3770    68.8299    17.8749  -162.9010   169.1990  -178.8200
   500.0000     0.0001    -4.4290   174.0520   -41.2357    -0.7578   223.9280    -5.5707
   500.0000     0.0001    -8.4926   166.5370   -45.6713    -7.5560   206.6300   -23.9745
   500.0000     0.0001    -8.3176   199.9360    21.8684    77.0876   -16.5043   101.9440
   500.0000     0.0001   150.9400    48.4960    60.8770    28.7557    -0.9884    52.7955
   500.0000     0.0001    39.2325   175.0800   -12.8345    54.7730   146.5750    55.2590
   500.0000     0.0001     2.0477   186.5270    -6.9552   100.3650   -40.5360   155.2740
   500.0000     0.0001   135.4950    -2.7984   199.7580   -33.9796   -93.6238   -52.7472
   500.0000     0.0001    39.1516   165.5530    -9.2072    42.6813   113.9140    82.7779
   500.0000     0.0001   -30.9815   175.5760   -32.9592    49.1930    -5.1114    96.9359
   500.0000     0.0001   108.8910   -16.6618   135.2050   -68.7022   -52.5410   -90.8984
   500.0000     0.0001   106.4300    10.5867   132.6420   -79.0456   -54.2147  -115.7200
   500.0000     0.0001    17.2148   159.6500   -79.8544    23.9771   217.2090  -138.2480
   500.0000     0.0001    62.9736     5.4275    94.4384   -69.7771     0.9232  -163.7790
   500.0000     0.0001    26.0059   185.7130   -41.0678    40.9587   274.1050   -28.4429
   500.0000     0.0001    22.9839   138.5380   -36.9935    49.6243   243.2840   -60.5845
   500.0000     0.0001    -6.1553   155.3270   -53.4804     8.3765   231.7980   -86.5933
   500.0000     0.0001    55.5978    50.8814    36.7482  -136.1940   107.1270  -211.5950
   500.0000     0.0001     7.6787   189.0090   -29.9065    47.5016   224.1990    26.5541
   500.0000     0.0001     9.7618   162.2370   -48.8739   -34.2209   249.7380   -59.1407
   500.0000     0.0001   -12.4407   137.4440   -65.1127   -45.9674   207.3250  -125.5290
   500.0000     0.0001    46.6604   115.9600    27.5071    54.0096    25.6164  -374.1870
   500.0000     0.0001    35.7282   182.7940   -10.4012    72.9025    67.5976    83.6906
   500.0000     0.0001   125.5950    77.2064   104.6770   -14.4211    89.4441    21.3119
   500.0000     0.0001    46.5095   191.9570     7.0039    84.4016    39.3686   127.8770
   500.0000     0.0001    30.9717   155.3440   -14.0459    81.4690   152.0680    70.9660
   500.0000     0.0001    18.3777   186.5140    -7.0822    66.2805   206.9150    54.2660
   500.0000     0.0001   260.9350   176.7600   131.0200    88.2837  -168.3120    36.8718
   500.0000     0.0001    46.4331   164.2480    -6.5332    79.1489    97.9525    95.9541
   500.0000     0.0001     1.4426   167.5620   -37.7868    31.0632   197.4220    12.9471
   500.0000     0.0001     3.2023   172.8110   -39.7782    29.6357   185.7090    11.0178
   500.0000     0.0001    36.1698   164.8570     1.3915    43.2003    83.8480   127.1750
   500.0000     0.0001     6.7622   102.5710    -8.4951    -6.6278   228.4160  -162.4240
   500.0000     0.0001    41.9105    44.7990    50.0784  -107.2440   103.2120  -206.8850
   500.0000     0.0001   100.3400    16.1607   143.3360   -82.7299   -67.8788  -112.2310
   500.0000     0.0001    18.0784   155.1250    -7.0993    60.4054    40.8284    95.9976
   500.0000     0.0001    44.5542   169.9130    10.7194    81.7836    55.2044   139.2960
   500.0000     0.0001   175.4380   344.4030   111.9980   172.8000   -97.9392    60.6644
   500.0000     0.0001    12.4698    51.7349    31.7339   -48.9692   119.0370  -222.7890
   500.0000     0.0001   172.8280    85.8072    19.0310    15.6025     7.5371    65.9773
   500.0000     0.0001    36.2801   172.2470    -8.9098    68.6571   111.7930    56.3551
   500.0000     0.0001   148.8290     8.0580   158.9350   -58.7511   -89.3811   -67.8122
   500.0000     0.0001    52.6216   170.8840    46.4372   135.1410   -57.2213   156.6410
   500.0000     0.0001     1.9093   157.0670     5.3573   165.5780   -84.3386   189.8020
   500.0000     0.0001    20.9048   162.1920    -5.7467    61.9930    59.8345    65.0983
   500.0000     0.0001    44.5499   163.8030     0.2924    67.8380    75.4880   131.3180
   500.0000     0.0001    36.7438    92.4900   -13.7975  -122.4160   207.1870  -138.7010
   500.0000     0.0001   124.4530     4.1998   153.5000   -71.5442   -75.6610   -79.8580
   500.0000     0.0001    42.0173   182.8160    -8.8640    82.1127   137.5920    42.4694
   500.0000     0.0001    36.1062   167.2610     4.1696   111.5680    50.5543   109.7990
   500.0000     0.0001   -20.8364   136.7950   -68.2717   -63.8323   190.9780  -138.2780
   500.0000     0.0001    29.6647   157.0000     1.6007   143.6420    67.9096   119.1820
   500.0000     0.0001   106.6730    26.5326   165.5960   -55.1384   -64.2581  -107.1660
   500.0000     0.0001    64.7454    27.3239    92.5114  -112.5270    -4.2100  -172.7220
   500.0000     0.0001   -56.2411    70.8800   -32.0415   114.3060    -3.6603   115.5860
   500.0000     0.0001   173.8360    -3.8609   249.8310     2.4447  -113.3510    -7.0080
   500.0000     0.0001   134.7510    -1.2537   163.9050   -56.9669   -85.9969   -73.5805
   500.0000     0.0001     3.8253   167.4760   -34.3677    58.2696   245.3380     1.2575
   500.0000     0.0001   131.5420     7.0319   169.5470   -62.7939   -91.6689   -69.6229
   500.0000     0.0001   -17.6795   112.7700   -69.6054   -85.4415   155.6610  -111.7570
   500.0000     0.0001    30.6890   142.9390   -57.8641    37.9935   211.1100  -120.7870
   500.0000     0.0001    49.4751   159.9180    -4.1860   109.7000    59.2285   115.9770
   500.0000     0.0001   -11.3846   197.7030    12.9506    74.5502    40.7301   124.0740
   500.0000     0.0001     7.8431   164.6170   -59.1276    25.4655   176.3160   -28.8174
   500.0000     0.0001   173.3110     8.0016   136.7430   -78.9101  -124.9540   -34.6289
   500.0000     0.0001    -5.1625   140.8480   -52.0726   -23.7863   214.7710  -126.0940
   500.0000     0.0001    89.4535   111.6160    85.9689  -119.2550   105.7690   -98.5339
   500.0000     0.0001    52.7730   159.5920     9.3420    95.2696    76.2656   171.0620
   500.0000     0.0001    37.5607   173.8460   -10.3231    82.3352   122.6930    43.4760
   500.0000     0.0001   -39.4315   166.7270   -15.3765   124.8830   -24.8659   125.6790
   500.0000     0.0001    85.2487     1.9210   123.0210   -85.2896   -34.9532  -120.5550
   500.0000     0.0001    67.6035    33.2084    75.0480   -78.7739   -35.8829   -92.7452
   500.0000     0.0001     2.7029   172.0710   -35.3483    30.5074   170.5360    24.4312
   500.0000     0.0001   211.1900   -12.3522   181.4490   -21.7675  -139.0850    10.7077
   500.0000     0.0001    30.1333    39.9766    52.2042   -76.0977    91.9578  -213.6170
   500.0000     0.0001    66.4877    54.8290    69.1607  -126.2540   -54.9445  -136.3690
   500.0000     0.0001   242.1750     3.0566   243.7810    20.8623  -126.1490    26.9869
   500.0000     0.0001     2.2106   122.5530   -32.2011    26.2278   217.4980  -142.0550
   500.0000     0.0001    -0.0736   172.2560   -58.2266   -45.9025   245.9050   -67.0076
   500.0000     0.0001    37.1281    14.9185   119.9660   -55.8416   -30.3208  -165.0820
   500.0000     0.0001   176.5260   -24.0548   183.6750   -32.7635  -130.6380   -13.2192
   500.0000     0.0001    58.7222   159.2680    19.9005   138.6010    13.2495   199.3740
   500.0000     0.0001    42.8666   186.4570    37.1524   105.4470   -25.8352   131.6020
   500.0000     0.0001    98.5122   -19.1913   181.7490   -30.7873   -87.1589   -80.6397
   500.0000     0.0001    10.7831   172.5540   -43.6792    34.7416   258.5460   -14.6052
   500.0000     0.0001     0.5107   145.7560   -43.0513    20.0805   238.9880   -64.0247
   500.0000     0.0001   107.3180    63.3365   135.4950    15.6513    41.9257    17.2525
   500.0000     0.0001    35.0028   170.9680     4.3419    50.4353    66.1295   117.8670
   500.0000     0.0001    12.2583   100.5770    -3.8039    -5.5122   233.1450  -179.0450
   500.0000     0.0001    56.2605    13.0511    65.8103  -101.1910   -13.0929  -185.0810
   500.0000     0.0001     8.1609   182.4970   -36.9368    54.0187   253.7940     9.0961
   500.0000     0.0001   161.3550   -14.7096   196.9720   -39.1679  -115.5860   -23.0027
   500.0000     0.0001    32.9747   154.6350     0.0014    78.3002    42.0810   136.5260
   500.0000     0.0001     6.4952   168.9230   -41.0899    -8.1338   197.9290    30.0686
   500.0000     0.0001    10.9132   182.0530   -45.7862   -18.7187   214.8780   -29.7492
   500.0000     0.0001   106.4300    10.5867   132.6420   -79.0456   -54.2147  -115.7200
   500.0000     0.0001    17.4040   151.7020   -13.2929    67.0102   130.1880    59.1332
   500.0000     0.0001    16.0255   181.3460    -2.1295    69.1045    60.6940   102.6410
   500.0000     0.0001     2.4249   176.6650   -40.8617    50.8511   222.5190    -5.7089
   500.0000     0.0001    35.6403   169.9210     7.0845    94.5938    31.0274   122.6720
   500.0000     0.0001    47.0405   176.1640     5.4276    72.7632    33.2602   142.1890
   500.0000     0.0001    22.2569    29.3386    69.9092   -39.7738    32.0036  -219.2260
   500.0000     0.0001     1.6097   155.3810   -40.5411    13.1805   246.3460   -27.4339
   500.0000     0.0001   -12.8942    98.3842   -27.7126   -38.9054   182.7930  -143.2990
   500.0000     0.0001   145.3580   -14.3752   182.1820   -44.1725   -90.1968   -48.1511
   500.0000     0.0001   286.9370   117.5290   140.0250    45.6829  -158.4490    30.1143
   500.0000     0.0001    -3.6629   165.2660   -41.4138     3.7477   225.6680   -14.5631
   500.0000     0.0001    -3.2012   183.7710   -38.8775    -4.5537   241.7710    -2.9255
   500.0000     0.0001    45.7093   151.1030    20.4136   131.2270    43.8630   214.6920
   500.0000     0.0001    38.9627   179.1310     2.4945    79.5524   116.8740    83.5128
   500.0000     0.0001    31.7055   195.2160    -6.4519    45.8468    82.5927    64.5037
   500.0000     0.0001     6.7237   193.9130   -53.3566    58.3424    42.4045    68.1169
   500.0000     0.0001   -42.4978   121.8580    13.3740  -129.4460    28.3942   -37.0388
   500.0000     0.0001   -14.8160   131.2580   -61.5339   -84.8518   179.6530   -98.3437
   500.0000     0.0001    19.9019   167.2520    -3.3399     3.8154   167.0940   139.1150
   500.0000     0.0001    -5.8220   150.6130   -54.2841   -16.8119   231.1700   -80.5917
   500.0000     0.0001   139.5900    12.0349   169.5200   -68.6183   -97.7404   -56.5146
   500.0000     0.0001    64.9119    -0.7104    84.1564    34.6065   -39.5080    50.3822
   500.0000     0.0001    72.4799    34.8828    55.8652  -129.6290    43.4796  -191.5420
   500.0000     0.0001   138.5560     6.4286   194.9380   -45.0949   -96.2583   -50.9116
   500.0000     0.0001   158.6100    21.9422   191.5870   -34.7549  -103.4460   -55.8437
   500.0000     0.0001     1.7772   162.4420   -72.1470   -14.9560   230.3850  -118.4140
   500.0000     0.0001    96.7429    20.4116   107.9780  -103.7430   -41.4119  -140.7380
   500.0000     0.0001    -4.8984   172.1930   -55.5654   -41.6709   206.5030   -46.7558
   500.0000     0.0001    18.5146   141.9970   -37.6147    41.7857   250.2510   -41.0808
   500.0000     0.0001    73.9981   146.3680    62.0361    -0.2843  -175.7430   182.0660
   500.0000     0.0001     8.8537   176.9650   -39.3458    76.2003   230.2750     1.2840
   500.0000     0.0001   159.4010     0.8673   189.5050   -35.9246  -102.8950   -46.4343
   500.0000     0.0001    12.3543   164.0960    -6.2602    58.5106   180.8460   149.3260
   500.0000     0.0001   -65.5321   158.8640   -30.2888    94.6898    -0.9288    96.9536
   500.0000     0.0001    28.9507   211.7010     4.7974    72.9203    21.6420   121.0260
   500.0000     0.0001     1.8428   187.4420   -34.1839   -22.9402   255.8010    20.9609
   500.0000     0.0001   118.3620    60.5518    71.9618  -105.3100  -122.9480   -51.7492
   500.0000     0.0001    43.0298    -6.4152    79.8846    43.8272   -12.8027    22.0701
   500.0000     0.0001     9.7083   122.7480   -22.4687   -56.6830   237.5440   -98.8477
   500.0000     0.0001     1.6832   168.2370   -43.4414    31.5644   226.2010    -9.3893
   500.0000     0.0001    44.4632   166.1490     2.4611    55.3345    89.6302   132.4040
   500.0000     0.0001    22.2453   126.6970   -18.8276   -24.3477   258.4680  -112.7220
   500.0000     0.0001     2.0842   170.6490   -35.2805    -7.0982   229.6040    40.7526
   500.0000     0.0001    82.2041    33.1214    82.6001   -84.9579   -66.6769   -83.7683
   500.0000     0.0001   -30.9815   175.5760   -32.9592    49.1930    -5.1114    96.9359
   500.0000     0.0001   -44.2548    99.9338   -58.6978    88.9040   -18.7797   127.3530
   500.0000     0.0001    34.9620   153.8270    -1.5266    79.5379   116.9790   118.1130
   500.0000     0.0001    14.3910   183.7360   -37.7813    80.1654   246.6000     2.2332
   500.0000     0.0001    39.9482   159.8560   -18.0915    57.0105   184.6850    60.5927
   500.0000     0.0001    28.7773   170.9210    10.4907   125.8980    48.0218   141.6670
   500.0000     0.0001    28.8423    52.5064    -7.6519  -102.4630   130.4920  -179.8170
   500.0000     0.0001    -4.7216    96.4301   -42.0572   -16.9989   173.9430   -97.7465
   500.0000     0.0001    -3.1480   168.5240   -34.8967    39.0382   227.6700    -6.9730
   500.0000     0.0001    42.0502   177.0090    33.4896    95.9368   -22.5427   159.0270
   500.0000     0.0001    35.4229   176.3780    23.9216   117.2970    28.2765   164.6940
   500.0000     0.0001    40.1462   175.9190   -14.7216    53.0769   128.6390    50.5084
   500.0000     0.0001    25.2728   158.8150    -4.4286    42.1866    94.3885    87.7561
   500.0000     0.0001   128.1440    71.5135   115.3620    13.0768    98.4749    42.0484
   500.0000     0.0001    12.1714   174.2850   -41.4906    56.1467   266.7040    -3.3828
   500.0000     0.0001    39.8885   167.3250   -16.0147    49.9452   149.7970    57.7297
   500.0000     0.0001    22.5311   153.9010   -33.7753    61.2944   257.2360     7.7901
   500.0000     0.0001   -20.5406   157.2820   -62.6267   -59.3655   213.2960   -93.6068
   500.0000     0.0001   203.1360     8.3804   199.0160   -19.7386  -114.5690    -8.3046
   500.0000     0.0001    64.7454    27.3239    92.5114  -112.5270    -4.2100  -172.7220
   500.0000     0.0001   282.5700   163.8980   148.3120    61.6605  -157.5810    42.3932
   500.0000     0.0001    32.8349   167.3590    -0.6679    50.6932    83.7486    94.4562
   500.0000     0.0001    47.0405   176.1640     5.4276    72.7632    33.2602   142.1890
   500.0000     0.0001     7.1166   170.0100   -38.9614    13.7089   201.2670    30.7119
   500.0000     0.0001   156.1480     4.1130   205.2050   -31.0166   -99.3871   -40.1646
   500.0000     0.0001   253.8440    73.6488   153.1660    10.3098  -161.9980    27.6219
   500.0000     0.0001    36.7438    92.4900   -13.7975  -122.4160   207.1870  -138.7010
   500.0000     0.0001    -3.3794   183.8830   -33.5118    93.8322   -20.3233   126.5170
   500.0000     0.0001    71.1226    35.0189    57.9302   -59.7455    59.7356  -217.9220
   500.0000     0.0001     9.9359   160.8970   -40.0694    51.5712   262.5340   -28.5305
   500.0000     0.0001    19.4808   163.8550   -44.0293    41.8887   271.3300   -69.0300
   500.0000     0.0001     0.6464   177.8250   -37.0625    26.1665   234.5080     4.9540
   500.0000     0.0001   198.0660    39.7388   250.2810     2.7244  -114.5990     0.4280
   500.0000     0.0001    -5.6792   172.6950   -43.4968    -3.6951   229.9470   -16.1296
   500.0000     0.0001    26.1469   205.7960    10.3901    87.7579    22.5085   117.0920
   500.0000     0.0001    48.4069   167.9360   -15.8060    98.7365   119.6400    49.6363
   500.0000     0.0001   117.1600   -28.6271   155.3950   -55.8996   -74.5927   -71.8258
   500.0000     0.0001    -7.3185   188.7560   -41.5828    18.9190    40.6140    78.7541
   500.0000     0.0001    54.8774   187.5390     8.1789   100.3470    31.6088   142.0590
   500.0000     0.0001    60.8368   131.0750   -82.2743    27.7921     7.6290   -49.8438
   500.0000     0.0001    41.9957   208.9210    -9.6592    70.1668    33.7663   129.8770
   500.0000     0.0001   191.4130    13.9087   214.0650   -26.4158  -139.4950     5.8514
   500.0000     0.0001    35.7019   149.1390     9.6437   112.2650    77.6676   168.5590
   500.0000     0.0001     0.5517   181.5260   -32.2068    44.5296   209.8330     9.9717
   500.0000     0.0001    -3.1545   149.2700   -39.5927   -11.4211   230.7730   -71.5256
   500.0000     0.0001    16.5037   116.9400   -19.3637    22.5718   240.2930  -151.0480
   500.0000     0.0001    30.0490    39.3933    61.8414   -80.0022    64.0076  -219.5750
   500.0000     0.0001     1.1129   190.3130   -44.4155    17.0023   224.2900   -26.3225
   500.0000     0.0001    38.8475   167.8340     4.2548    51.5258    68.8893   134.5180
   500.0000     0.0001    -4.2290   131.8250   -35.6550   -71.4402   220.9780   -75.9165
   500.0000     0.0001     6.1327   144.7770   -36.6971   -19.2181   159.5150  -128.2630
   500.0000     0.0001    29.2642    98.0334    -2.9673  -144.7840   191.8960  -170.3630
   500.0000     0.0001    47.4514    55.0297     8.5153  -135.1260   131.2730  -187.6230
   500.0000     0.0001     3.1034   185.9640   -33.9008    40.5709   238.5100     1.8778
   500.0000     0.0001    54.2451    33.7271    65.8000  -126.2360    42.4760  -189.6800
   500.0000     0.0001    99.3514   -11.6420   136.1520   -66.1345   -54.2576  -105.1340
   500.0000     0.0001    -2.5065   186.7370   -29.3296     5.1720   220.1810    12.7126
   500.0000     0.0001    32.2841   169.6250    34.9492    88.6015    17.7235   196.3200
   500.0000     0.0001     7.4585   190.9820   -46.4565    -7.2259   227.7900   -31.8936
   500.0000     0.0001    42.7592   160.1060     5.8952    69.6115    85.5243   151.3820
   500.0000     0.0001    -2.8075   179.5660   -39.5300   -15.5621   239.1730     5.6054
   500.0000     0.0001    34.0836   186.8390    15.0248    77.6157    52.5173   119.6450
   500.0000     0.0001    19.7811   166.1580   -46.9766    67.5822   253.5000   -89.0288
   500.0000     0.0001    12.3875   188.3740   -15.1315    69.8439   -48.0259   151.9560
   500.0000     0.0001    46.4699    53.3845    34.8305  -113.1240    82.9690  -109.3720
   500.0000     0.0001   247.3670    10.3609   243.0300    17.2957  -134.0390    45.8704
   500.0000     0.0001   -34.6795   117.7530   -66.0115    73.7514    -8.9735   121.3640
   500.0000     0.0001    35.9365    18.5672    91.1552   -80.4670    -7.4116  -184.9650
   500.0000     0.0001    -6.0831   151.5320   -48.4047   -19.6073   226.4180  -110.8880
   500.0000     0.0001    -9.6946   170.3890   -47.6277    -1.6218   227.3090   -39.7705
   500.0000     0.0001    92.8872    88.8530    88.0001   -28.7316   200.0940   -28.3079
   500.0000     0.0001   176.5260   -24.0548   183.6750   -32.7635  -130.6380   -13.2192
   500.0000     0.0001    -2.8186   174.5940   -36.4451    30.3053   199.2660     2.0396
   500.0000     0.0001    14.7884   148.5170   -33.2071   -18.0338   248.6830   -67.6859
   500.0000     0.0001    46.8885   177.6260     7.6731    68.0959    71.9150   120.6630
   500.0000     0.0001    20.8082   168.6600   -55.1828   -21.4523   229.3510   -75.6400
   500.0000     0.0001   -10.4762   174.8620   -50.0626   -20.8532   230.4390   -34.5784
   500.0000     0.0001   162.9190     3.4749   156.2590   -61.0580  -111.1250   -48.0723
   500.0000     0.0001    48.1489   164.3070     3.0853    82.6169    71.2241   133.0440
   500.0000     0.0001    15.8033   167.2230   -45.7784    17.6641   197.7810    16.4255
   500.0000     0.0001    52.4985    29.6129    79.3015   -83.4944    41.3670  -194.9520
   500.0000     0.0001    84.6549    16.4935   104.4260  -109.4860   -42.3451  -144.9230
   500.0000     0.0001     8.3381   181.3960   -38.2120    27.1519   190.4870    33.0824
   500.0000     0.0001    71.8923    72.2424    72.3923   -84.0437   -26.9214  -293.5120
   500.0000     0.0001    19.9238   112.2230   -20.7684    20.8280   228.0420  -167.1760
   500.0000     0.0001   118.6710     6.3815   162.5420   -69.9392   -97.6790   -79.5008
   500.0000     0.0001    12.3687   149.4690   -42.5522    70.0421   239.2010   -82.4199
   500.0000     0.0001   170.2390     6.4603   196.6080   -29.0779  -107.5390   -38.5896
   500.0000     0.0001   -57.5624   107.7570    45.9707  -120.2930    -4.5271    24.3512
   500.0000     0.0001     9.3593   187.5090   -31.9618    65.6005   230.2520     3.2428
   500.0000     0.0001   122.5780   -13.9600   153.8650   -54.8655   -72.5940   -81.8229
   500.0000     0.0001    35.0200    45.2696    54.1767   -87.1810   104.8540  -213.6300
   500.0000     0.0001    -1.3417   171.0530   -58.8403   -48.4966   239.0450   -68.1040
   500.0000     0.0001   -23.8566   116.1160   -63.8293   -62.7575   173.7830  -119.7600
   500.0000     0.0001    28.2561   155.3700    -2.3078    89.0230    50.9498   100.5460
   500.0000     0.0001     3.7901   174.1490   -68.0983   -11.9597   244.0580   -85.2324
   500.0000     0.0001    16.6627   151.2040   -44.3157    56.7695   249.2640   -69.4881
   500.0000     0.0001    32.7453   183.3820    24.3690   111.4330    20.7437   118.9850
   500.0000     0.0001    26.0565   137.6700    37.6022   305.8300  -175.2420   190.4120
   500.0000     0.0001     9.7221   121.5410   -21.3008   -34.2306   239.1010  -120.9670
   500.0000     0.0001    29.4497   160.4910   -48.8234    49.8950   246.3250   -70.4991
   500.0000     0.0001    40.5930   169.7570     3.2814    62.2343    42.4022   136.2250
   500.0000     0.0001   231.3070    25.9465   145.7680   -30.4165  -147.6340     7.8164
   500.0000     0.0001    -1.3142   143.3720   -27.8038    35.5806   237.2880   -73.9212
   500.0000     0.0001     0.6672   163.7480   -52.2686   -15.6380   187.2130   -21.1035
   500.0000     0.0001    17.5130   179.4900   -45.3280   -19.0740   253.6670   -24.4864
   500.0000     0.0001    40.6788   164.6320    -2.9929    53.6321    77.4149   117.4290
   500.0000     0.0001   -12.9422   165.8290   -68.9556   -38.3567   229.2990  -128.6770
   500.0000     0.0001    30.6890   191.2290   -10.1804    56.1758   173.6380    53.1409
   500.0000     0.0001    31.2871   200.8310   -23.4925    51.6159    69.2266    68.0429
   500.0000     0.0001     8.3858   129.6290   -33.1659    42.6236   232.3340  -102.4360
   500.0000     0.0001    -2.9436   161.5580   -39.3313    -7.1373   244.5520   -64.1236
   500.0000     0.0001    13.8269   186.0820    -8.0996    70.6916    67.9428   101.0380
   500.0000     0.0001   -32.5608   126.0350   -49.4986    87.0771    -7.1841   133.5730
   500.0000     0.0001    13.1535   168.0480   -54.5014   -17.0232   186.7940   -25.8511
   500.0000     0.0001   149.6010    -6.5561   192.2150   -39.7221   -97.6900   -44.4604
   500.0000     0.0001    -6.9509   170.7560   -48.5462   -11.7959   196.9780   -19.7206
   500.0000     0.0001    15.7925   159.4100   -58.4551    11.6404   229.7290  -120.1710
   500.0000     0.0001   109.1460    80.3026   115.5070    -0.0012   126.2520    14.2749
   500.0000     0.0001    14.8060    18.3561    68.7426   -65.5367    36.2211  -185.4740
   500.0000     0.0001    60.2790   195.4330    13.8968    92.8355    13.7194   127.0910
   500.0000     0.0001     3.7803   127.7930   -40.0952   -40.1821   218.3750  -111.7400
   500.0000     0.0001    17.7213    75.9596   -11.4821  -100.4890   188.2200  -150.9130
   500.0000     0.0001   101.6000   -30.1395   182.7300   -54.8410  -103.5310   -52.4464
   500.0000     0.0001    60.3676   -20.8536   114.4900   -86.5488   -40.2698  -111.0450
   500.0000     0.0001    47.9383   160.3810     4.6862    88.6090    61.7975   152.4710
   500.0000     0.0001    35.6165   115.3100   -11.7454   -13.7470  -173.9950    59.3099
   500.0000     0.0001     3.5782   168.1590   -39.4515    38.5244   247.3240   -34.1107
   500.0000     0.0001    10.8048   183.6620   -38.7422   -29.8927   231.3500     1.9537
   500.0000     0.0001    34.2437   179.9880    15.3039    88.8775    35.2901   133.1560
   500.0000     0.0001    24.8208    11.8315    78.7725   -59.6991    17.7175  -184.4170
   500.0000     0.0001    -2.5444   168.3990   -43.9656     6.0493   185.8840     8.7296
   500.0000     0.0001     0.0499   160.7000   -53.9249    22.8105   227.7960   -56.8940
   500.0000     0.0001    41.0479   158.7610   -11.2215    73.8206   116.6050    81.1183
   500.0000     0.0001    16.8316   157.7010   -42.2954    21.0407   183.0560    16.3739
   500.0000     0.0001    70.7864    24.5868   108.1100   -91.6346   -42.1154  -172.2720
   500.0000     0.0001    18.9055   158.2420   -40.6220    53.3127   251.2480   -53.3421
   500.0000     0.0001    44.7516   177.1830    13.8534   102.2640    35.7520   125.8090
   500.0000     0.0001    24.3747   187.5300    20.4605    97.6729    44.3140   142.8420
   500.0000     0.0001     4.7597   182.3940   -35.1031    38.3521   238.3170    21.8089
   500.0000     0.0001    49.6427   163.6280    20.8258    86.1453    37.0606   189.4230
   500.0000     0.0001    -8.4187   158.2130   -52.8450    -2.6809   203.7800   -44.3210
   500.0000     0.0001    29.7667   208.5940     0.9303    68.5740   -41.8052   140.1740
   500.0000     0.0001    45.5302   180.8180     5.1870    85.9075    86.4560    98.7700
   500.0000     0.0001    11.5653   145.0820   -46.0500     9.5642   236.1820  -105.1960
   500.0000     0.0001     0.5911   199.4440   -14.6385    56.8435    20.5948   121.1140
   500.0000     0.0001     9.2616   167.9440   -50.1917    76.1905   179.1850   -37.3532
   500.0000     0.0001    -8.8291   120.5870   -32.8380    -9.4612   205.9630  -130.5300
   500.0000     0.0001   -14.7492   122.4820   -41.4462    -8.2145   194.4920  -140.4650
   500.0000     0.0001   109.4730    82.3445   104.4380   -18.3052   135.5460   -18.6837
   500.0000     0.0001    35.1847   129.6960    32.8949   271.3900  -161.8060   316.7710
   500.0000     0.0001    40.4036   168.8820     4.7550    63.8892    81.9552   126.5060
   500.0000     0.0001    98.5437   437.2230    63.4064   170.3890   -28.2105    64.8445
   500.0000     0.0001    41.9232   176.9040    27.0101   128.3860    18.0633   168.9780
   500.0000     0.0001     8.0859   192.6710   -47.1214    32.4216   243.3360   -34.2285
   500.0000     0.0001    43.5988   186.2540     3.9874   104.0980    43.1472   126.7750
   500.0000     0.0001    38.0068   174.1810    -3.2421    99.8593   171.4900    64.4900
   500.0000     0.0001   131.5790    -8.1542   187.6060   -36.2187   -94.1189   -58.5739
   500.0000     0.0001   128.1040    -4.3861   173.0880   -59.2118   -96.1587   -64.3514
   500.0000     0.0001   -14.8823   142.4480   -59.6580   -27.4725   208.4540  -137.4980
   500.0000     0.0001   -23.7625   142.6000   -60.6657   -70.3905   204.2180  -103.6990
   500.0000     0.0001    12.3875   188.3740   -15.1315    69.8439   -48.0259   151.9560
   500.0000     0.0001   130.3590    88.3169    80.0164   -68.9869    81.2438    27.9192
   500.0000     0.0001    99.5824     0.4947   125.1440   -86.1507   -44.7447  -109.9090
   500.0000     0.0001    37.4032   165.8760    -0.1648    45.9128    99.6685   113.6200
   500.0000     0.0001    34.0668   166.0530     3.3588   131.4770    37.3807   116.1710
   500.0000     0.0001   -11.8620   165.2840   -63.3810   -57.5981   226.4870   -77.5156
   500.0000     0.0001   -15.5457   158.6830   -64.2264   -11.9944   213.2370   -98.8588
   500.0000     0.0001   282.7150     3.8849   170.5550    22.0673  -142.9390    27.4356
   500.0000     0.0001     5.7204   177.7420   -37.3350    24.3914   253.1750    15.0196
   500.0000     0.0001    -5.8597   160.7340   -46.5679   -21.7848   205.9230   -15.8694
   500.0000     0.0001    -1.8939   165.8260   -49.3725    11.5034   237.0990   -42.9496
   500.0000     0.0001     7.3719   147.8710   -66.2260    56.5207   199.3230  -139.7500
   500.0000     0.0001   123.4580   116.2740   -67.1389    33.7377   -14.8309    36.1154
   500.0000     0.0001    80.9671     5.1614   123.4130   -84.2830   -69.0181  -134.8720
   500.0000     0.0001   159.0200    13.6985   203.0810   -35.8375  -102.9980   -38.6294
   500.0000     0.0001   183.8030     9.8093   225.0500   -12.8278  -110.4610   -16.8850
   500.0000     0.0001    31.7790   171.8930     5.6729    88.7769    39.2611   129.3110
   500.0000     0.0001    34.9157   161.5380    -1.3811    46.5914   101.3820   110.2270
   500.0000     0.0001    -5.4568   178.4220   -45.9651   -18.3197   253.0680   -27.3380
   500.0000     0.0001     1.1678   176.4420   -32.6360    45.2873   199.0070    17.7417
   500.0000     0.0001   180.2590     2.5388   191.0280   -30.6459  -117.4470   -20.9082
   500.0000     0.0001    19.6181   159.6460   -58.4330    47.2145   236.4990   -95.8181
   500.0000     0.0001    -4.7346   200.6510    24.7966    96.6601   -32.6163   114.2680
   500.0000     0.0001    -2.1492   180.1790   -25.9091    42.5814   202.1840    18.7327
   500.0000     0.0001    35.8684   177.4300    -3.3837    46.5717   138.0210    86.8054
   500.0000     0.0001    62.9422   160.9230    33.7548   127.7030   -32.6785   201.3210
   500.0000     0.0001    94.1988     7.7718   127.8230   -70.9830   -37.5578  -128.6590
   500.0000     0.0001     1.5743   143.8740   -44.5359    21.6176   237.2010   -73.6820
   500.0000     0.0001    19.1038   186.2440   -44.9013    69.8959   204.1500   -20.7283
   500.0000     0.0001   153.0070    42.3750   195.8960   -38.3773  -124.3070   -50.7904
   500.0000     0.0001   150.3670    97.2690    82.3376   -29.4043    66.5289    61.5483
   500.0000     0.0001     4.3541   183.0030   -39.5996    48.4321   243.3220   -15.5676
   500.0000     0.0001    42.1904   178.7520   -17.2108    64.6673    93.8511    54.6853
   500.0000     0.0001    64.6914   165.2780    14.2505    97.4908    76.1278   156.9910
   500.0000     0.0001   146.5190   -12.9869   168.7450   -47.7535   -97.6832   -58.2669
   500.0000     0.0001    -6.6144   162.5980    -7.5098   145.7730   -60.3093   171.6700
   500.0000     0.0001    20.1413    78.7712    18.4439   -53.3418   211.1870  -216.2050
   500.0000     0.0001    37.3940   164.1550    21.2249    75.3108    18.9125   185.3940
