#         t          m          x          y          z         vx         vy         vz
   510.0000     0.0001    32.7684   198.6760    35.8723   107.6940   -40.2553   132.1060
   510.0000     0.0001   217.4640    -4.9353   219.4680   -14.6198  -113.3260    -3.1261
   510.0000     0.0001    -8.0379   183.3130   -93.8053     4.8876   194.8150  -115.6090
   510.0000     0.0001     9.5568   204.7910   -22.2484    52.7560   138.8480    76.5459
   510.0000     0.0001   147.3560   -25.9844   184.9380   -39.5247   -83.1660   -65.0623
   510.0000     0.0001   264.1340    49.0137   125.2810   -21.4443  -151.2390     7.0820
   510.0000     0.0001     6.3526   212.9060   -40.2002    -3.8723   226.8330    33.1537
   510.0000     0.0001     8.9875   163.2090    17.5088   199.4520  -101.5730   179.0240
   510.0000     0.0001    35.6155   169.4350   -12.5326    95.3250    22.9934    63.6790
   510.0000     0.0001    14.5931   127.4130   -36.0014   -52.1620   207.2790   -50.6736
   510.0000     0.0001   175.0930   353.9060   117.4660   169.5470   -97.2718    59.7307
   510.0000     0.0001    52.3462   187.1810    16.9053    72.4820    37.3089   136.9640
   510.0000     0.0001    47.0062   205.3890   -28.5657    92.8662   133.4690    72.0193
   510.0000     0.0001    75.7607   166.4230    40.7672    55.4822   -63.6290   204.6110
   510.0000     0.0001   103.5940    23.0432   165.7780   -34.9296   -67.0899  -133.6720
   510.0000     0.0001    29.3535   194.2260    29.3562   114.1250   -23.5857   141.8970
   510.0000     0.0001    34.7899   175.0540     9.0531    54.1044    65.4900   142.2210
   510.0000     0.0001    10.4350   192.2910   -37.7124    68.1821   152.6270    55.3849
   510.0000     0.0001   115.0590    81.7384   127.1850    -4.2132   114.8890   -31.8127
   510.0000     0.0001    49.7364   170.2540    13.3054    66.6020   -24.1540   175.9500
   510.0000     0.0001    83.2743    -9.9547    81.3032  -152.3050   -25.9712   -93.8868
   510.0000     0.0001   153.1950   -25.5664   185.1840   -43.4903   -89.2440   -54.6802
   510.0000     0.0001    54.7351   163.7760    41.2501   103.6440   -98.3149   201.7490
   510.0000     0.0001    12.9722   208.0530   -25.7215    62.7240   194.5000    86.9182
   510.0000     0.0001    14.6413   200.4030   -49.5821    42.8195   227.2500     6.4470
   510.0000     0.0001    33.0418   175.4390     0.0095    97.6730   -10.1902    82.1889
   510.0000     0.0001    49.0491   193.9790    -0.5103    59.2022    35.5042    85.5197
   510.0000     0.0001    72.0866   129.7190     0.0239    52.4505     1.1496    34.4134
   510.0000     0.0001    10.1609   209.3150   -28.6260    80.2743   170.1890    49.2244
   510.0000     0.0001     2.4051   188.5000    -8.7835    47.8441   117.2060    50.2548
   510.0000     0.0001    52.6456   202.2300     7.3441    64.0597   -14.9078   161.0720
   510.0000     0.0001    53.9842   178.3290    29.6770    78.2039   -65.1930   174.0600
   510.0000     0.0001   123.9060   109.1130    52.1120    67.1259   -15.7341   -16.0666
   510.0000     0.0001    20.2938   179.6160   -40.1492    57.3173   223.5790    -7.9235
   510.0000     0.0001    43.6911    94.8931    67.0600   -89.9148    27.8382    59.7671
   510.0000     0.0001     0.3538   184.7250   -83.6760     7.3716   209.6130   -87.6851
   510.0000     0.0001    13.0096   196.9600    26.7635   110.3390   -73.0325   138.3790
   510.0000     0.0001     9.8429   152.9840   -30.0073    15.5359   229.4280   -46.3284
   510.0000     0.0001    30.6055   167.2980     0.0204   115.0470    82.5397   124.6930
   510.0000     0.0001    50.1917   175.4160    20.7714   116.9670   -57.0598   130.1980
   510.0000     0.0001    47.1670   178.3310    16.4073    75.4820    36.5263   148.3400
   510.0000     0.0001   149.6000    26.6575   179.9930   -50.9801  -103.0910   -84.2158
   510.0000     0.0001    43.5633   173.4620     2.4153   128.1140    84.7459   115.1280
   510.0000     0.0001    57.8589   186.1910    22.2520    85.3193   -11.8474   136.6200
   510.0000     0.0001    39.4106   402.8400    33.4638   181.4520   -22.4797    76.1827
   510.0000     0.0001   127.7310   -31.0965   159.1860   -54.8377   -72.9895   -79.0838
   510.0000     0.0001    51.9859    43.9292    51.9106   -99.4250    91.1602  -240.5330
   510.0000     0.0001   -26.1027   174.2200   -28.6910     3.3824   177.8910   -28.3814
   510.0000     0.0001    -2.7662   126.8250   -56.1563   -49.2231   175.0010   -60.9296
   510.0000     0.0001    54.8852   164.0930    62.8119   141.5100  -153.4750   130.4460
   510.0000     0.0001    74.6254   163.8370    52.9470   118.6810   -91.7189   204.5330
   510.0000     0.0001   175.5690   -15.8127   211.8110   -28.6266   -99.2481   -36.1144
   510.0000     0.0001   160.2250   -12.2527   198.6780   -39.6663   -87.2220   -51.3025
   510.0000     0.0001   140.3200   -22.9716   173.9250   -56.4538   -75.6796   -66.3845
   510.0000     0.0001    16.2841   211.7270   -29.4710     4.6954   197.0110    40.7254
   510.0000     0.0001    33.9468    45.3184    33.7551   -95.7347   147.8450  -197.1740
   510.0000     0.0001    34.5336   212.0110   -34.7163    93.4244   202.1880    67.6555
   510.0000     0.0001    57.9823   161.9590    25.5551    92.3861   -52.9112   210.1720
   510.0000     0.0001   240.3800   -18.6779   224.7390    -2.3196  -120.3230    10.0783
   510.0000     0.0001    -9.5926   188.7320   -57.6694     4.5330   172.1650     0.9205
   510.0000     0.0001    -4.8548   186.6560   -50.7857    17.9785   214.0090    -3.1848
   510.0000     0.0001    26.6999    47.8101    17.9233   -96.2345   155.8470  -177.5570
   510.0000     0.0001    21.5170   190.3940   -51.0705    42.3200   155.7330    33.9498
   510.0000     0.0001   104.1890    97.0842   118.3470   -38.9688    93.8368   -68.0453
   510.0000     0.0001     5.2649   195.9970   -23.4289    50.7709   187.5860    89.9271
   510.0000     0.0001    24.5067   209.3540   -34.0170    28.0067   236.5010    59.8397
   510.0000     0.0001    37.0644   161.0240     0.4814   113.3830   -16.3953   120.4510
   510.0000     0.0001    18.5439   128.2030   -43.3116    26.3554   209.2060   -97.8388
   510.0000     0.0001     8.3527   196.1820   -20.6721    83.5797   168.1830    74.4571
   510.0000     0.0001   111.5670    90.5500   123.0140   -22.9188   123.9980   -35.3999
   510.0000     0.0001   -14.3431   171.8630   -85.8410    -3.7108   186.4100  -110.1250
   510.0000     0.0001    -2.0350   193.6680   -44.1203    34.7757   187.0020    28.7790
   510.0000     0.0001    49.0613   167.7340    28.0517    76.3067   -41.1961   195.3220
   510.0000     0.0001    45.2832    15.3402    70.4760   -76.3999    68.3165  -182.4850
   510.0000     0.0001     1.0903    91.8840   -17.6609    15.7498   207.1170  -135.6330
   510.0000     0.0001    -9.8418   178.4580   -22.5216    86.2286   -31.3614   133.6950
   510.0000     0.0001    51.5155   188.8020     0.9121    97.0462    61.1900    85.8243
   510.0000     0.0001     3.8069   215.2990   -34.3870    36.6910   163.0430    25.8981
   510.0000     0.0001    59.4577   178.9070    14.0341    76.2716     4.5495   151.5630
   510.0000     0.0001    10.5372   186.5650   -47.9664    32.6556   229.6810    -0.4052
   510.0000     0.0001    24.7702   102.5670    -7.6551  -113.3680   246.2670   -81.9683
   510.0000     0.0001     2.7090   205.1310   -30.4807    52.2229   188.7490    55.0167
   510.0000     0.0001    60.3341   171.7610    36.0463    84.3001   -92.0579   178.9960
   510.0000     0.0001   154.1070    88.0470   -15.7193   -26.3636     1.0970    82.9188
   510.0000     0.0001    36.9747    75.4004     0.8477  -151.3590   201.5480  -130.5840
   510.0000     0.0001    16.6828   175.2960   -82.6040    72.1778   183.7710   -91.9126
   510.0000     0.0001    51.2448   188.4010    15.8082   100.8310    43.4685   122.0680
   510.0000     0.0001    43.7583   164.0430    35.5750   139.7430   -87.3843   173.5590
   510.0000     0.0001     8.7356   189.5170    16.1969   104.0970     7.4943   140.0560
   510.0000     0.0001    22.9699   218.3200   -29.4183   100.2150   185.6180    36.0307
   510.0000     0.0001   -11.0370   188.5190   -56.5955    20.8636   182.1730    -5.7977
   510.0000     0.0001   -10.2702   186.3900   -56.5989    12.8221   189.2730    -1.9598
   510.0000     0.0001    46.8571   174.3650    53.4352   101.8960  -125.2490   162.1610
   510.0000     0.0001    16.5271   189.9330   -35.0553    99.9861   154.2980    66.9611
   510.0000     0.0001    50.1794   188.7110    39.9874   119.1080   -70.1439   155.4330
   510.0000     0.0001    14.5963   217.1810   -14.8231    66.3013   177.4450    81.3965
   510.0000     0.0001    95.9163    -4.5023   151.1760   -56.2725   -43.3909  -122.4430
   510.0000     0.0001   -19.3366   167.6600   -66.4778   -15.2407   202.5540   -66.1798
   510.0000     0.0001    -6.5530   188.5040   -45.4426    10.5582   181.7010    29.0055
   510.0000     0.0001    17.0994   161.9210   -42.8374    76.3638   216.8150   -35.8751
   510.0000     0.0001   148.2100    48.7341   114.0230    -2.8218    42.5584    25.7242
   510.0000     0.0001    26.9966   220.6370   -21.3668    49.9997   200.2870    76.7177
   510.0000     0.0001     7.4704   102.3300   -17.3334     0.1529   227.4260  -120.8600
   510.0000     0.0001    26.5564    89.8584    -6.3213  -132.8040   216.2290  -102.7570
   510.0000     0.0001    21.0448   195.6370   -35.5313    76.2881   151.9020    65.9392
   510.0000     0.0001   -32.8012   143.5200   -70.6044   -45.4366   164.2430   -59.8841
   510.0000     0.0001    39.1242   161.5460    11.2809    86.8109    -2.2328   175.4340
   510.0000     0.0001     8.8076   114.5420   -21.8727   -93.8599   212.2250   -37.0897
   510.0000     0.0001   -33.0189   132.4400   -78.2177   -53.1829   157.4890   -82.3036
   510.0000     0.0001    24.6846   197.9510   -46.5423    92.2549   144.2790    40.7998
   510.0000     0.0001    41.2767   164.8140     9.3000    78.4239    29.0789   172.5530
   510.0000     0.0001    48.4863   160.0630     5.0236   110.2890    36.2209   172.3840
   510.0000     0.0001    12.3193   194.8780    20.7501   123.5100   -64.7847   145.2000
   510.0000     0.0001    11.5502   134.7360    22.2206   255.2530   -85.8660   215.1930
   510.0000     0.0001    41.3443   169.9300    -4.5312    82.4011    99.3382   139.9320
   510.0000     0.0001     9.9554   218.0580   -41.6945    27.1603   229.4630    23.4269
   510.0000     0.0001     5.9723   191.2800   -32.5017    28.0184   192.4390    71.1577
   510.0000     0.0001   -24.3830   128.8720   -67.8020   -65.0071   167.4960   -57.1028
   510.0000     0.0001    40.6768   175.6350    24.6891    90.0630    46.0697   197.6090
   510.0000     0.0001    17.0139    58.6268    24.4478   -52.4572   183.4670  -189.6780
   510.0000     0.0001   142.7780    68.6903    51.7065   -66.8938    63.9586    62.8276
   510.0000     0.0001    65.2529   155.4250    27.4723   133.1670   -92.0315   221.0990
   510.0000     0.0001   -34.0174   173.5580   -69.4279   -39.7817   189.4760   -55.7579
   510.0000     0.0001    20.9341   184.8760     9.5784    66.3981    78.6085   101.8520
   510.0000     0.0001   143.9860    -9.9647    81.7840    20.4101    -0.8647    38.0202
   510.0000     0.0001    -2.1687   159.7950    10.5575   179.8670   -68.7987   182.2280
   510.0000     0.0001    50.4359   173.5450    36.8899    94.3164   -87.8218   164.9650
   510.0000     0.0001    47.1064   115.3830    10.9024    32.9683    33.3838  -227.4870
   510.0000     0.0001    51.8373   170.0850     6.2215    76.8277    37.1855   159.3630
   510.0000     0.0001     8.6283   203.6510   -20.8455    61.8226   183.4840    93.8037
   510.0000     0.0001     0.2100   190.1390    16.5621   100.6900    21.1761   135.7760
   510.0000     0.0001   130.3730    24.4408    59.5943   -27.4994    48.7634    35.4868
   510.0000     0.0001    -1.8486   182.4250   -69.8388    18.4084   203.9280   -80.4637
   510.0000     0.0001   208.2180     4.3809   207.8020   -21.9604  -125.2520   -13.6392
   510.0000     0.0001    22.2215   111.9850   -21.3057   -65.0347   227.8060   -83.1702
   510.0000     0.0001     0.7105   203.6400   -37.9450    51.1169   176.9670    33.5950
   510.0000     0.0001   274.2430    56.7990   151.4580    -3.9388  -150.4110    17.4609
   510.0000     0.0001    57.2468   171.2300    34.3467    87.2389   -72.6869   188.6650
   510.0000     0.0001   108.6240   -34.5980   179.2600   -59.7167   -87.4605   -66.4097
   510.0000     0.0001    21.0815    59.6574    16.2746   -28.7769   190.0700  -195.5850
   510.0000     0.0001    35.9098   171.6140    43.8646   132.8420   -65.8540   172.9340
   510.0000     0.0001    14.8437   211.2180   -48.6816     1.4778   218.1310    16.6931
   510.0000     0.0001    -8.1608   201.3040   -51.9474    26.8333   207.8530    -9.0572
   510.0000     0.0001     4.4504   208.4310   -26.9772    57.3468   190.4810    63.9386
   510.0000     0.0001   128.1700   -27.7196   156.9370   -62.7401   -59.9119   -77.3333
   510.0000     0.0001    51.4539   154.8450    28.0477   121.1440   -49.6205   225.6220
   510.0000     0.0001    13.0528    98.3614   -21.0691   -89.3130   205.4600   -79.9363
   510.0000     0.0001   101.9470   122.5820   -45.2725   -27.0497   -20.4220   140.7580
   510.0000     0.0001   210.4500    77.8819    60.8055    17.4826    36.3507    72.7108
   510.0000     0.0001    37.1351   181.6290     4.8990    81.3942    57.9049    95.5272
   510.0000     0.0001   173.8760   122.5970    41.6093   -22.6596    37.9426    93.2289
   510.0000     0.0001    60.0522   147.0650    46.5073   167.7700  -169.9090   224.5240
   510.0000     0.0001   194.1640   -38.1359   168.3060   -51.4346  -110.9290   -12.8819
   510.0000     0.0001    16.6546   167.9760   -12.8796   105.8190   118.7490   137.2060
   510.0000     0.0001    14.9369   184.9030     5.0559   106.6150   104.8040    88.6683
   510.0000     0.0001   190.1080    -8.8349   204.2640   -37.1824  -117.6300   -16.5894
   510.0000     0.0001    26.2562   145.6010   -38.8600    76.8539   218.4870   -83.4737
   510.0000     0.0001    41.2352   199.3120    45.0535    97.4148   -73.0112   128.5410
   510.0000     0.0001    -6.4091   196.9800   -47.9731    31.8680   186.5740    16.2303
   510.0000     0.0001    -0.5924   167.2000   -53.1511    -8.2542   207.7730   -48.9444
   510.0000     0.0001     0.8580   197.8720   -32.9955    52.3608   185.9030    54.3503
   510.0000     0.0001    -6.8139   189.6310   -58.3202    -2.0823   166.7740     1.1442
   510.0000     0.0001    94.5756    17.6086    80.8219  -124.9580    -5.1866  -161.6460
   510.0000     0.0001    23.7183   179.9060    14.3760   129.4730    -0.6122   120.8650
   510.0000     0.0001    48.3293   189.2520    26.7107   118.7630   -40.6930   131.3570
   510.0000     0.0001    42.4549   133.5940    34.7365   285.7220  -179.2450   303.8780
   510.0000     0.0001   -15.6588   174.4890   -68.3125    -9.7535   199.2020   -50.2870
   510.0000     0.0001    39.8798   176.6240     1.5380    44.1334    78.5531   129.5560
   510.0000     0.0001     3.8073   205.3600   -81.4974    12.4056   200.0160   -51.6232
   510.0000     0.0001   102.2510     6.1399   135.3520   -86.6166   -46.5371  -126.3250
   510.0000     0.0001    56.8374    79.5090    27.3493  -120.8120   145.8060  -307.1220
   510.0000     0.0001   -49.5348    85.4522   -25.9835   130.0890    -5.3463   130.9880
   510.0000     0.0001    58.9943   202.8690    37.7911    89.9413   -73.8341   137.4720
   510.0000     0.0001    50.5952    22.9491    79.0646   -95.2211    29.9580  -201.9200
   510.0000     0.0001   112.4680   106.9030   102.9280   -99.7404    88.8966   -56.2329
   510.0000     0.0001   -10.4570   205.2680   -47.1198    12.1562   188.7370    14.9983
   510.0000     0.0001   165.0890   -29.4595   248.6750    -2.8338  -102.2000   -23.4969
   510.0000     0.0001   167.8810     0.5917   209.5510   -33.9261   -98.9691   -44.9293
   510.0000     0.0001   110.5170   103.9190    93.5011  -113.4010   122.1310   -44.8108
   510.0000     0.0001    -0.0471   109.9610   -36.9841    35.4552   192.8810  -125.8440
   510.0000     0.0001    16.6369   104.7840    -4.4928    26.5240   256.9630  -133.8110
   510.0000     0.0001    41.3034   172.4250     6.1469    59.1823    57.6381   183.3500
   510.0000     0.0001     4.6158   182.6530   -32.6017    42.4318   226.1800    29.1233
   510.0000     0.0001    29.3727   177.7400    18.8165   119.7720   -32.0996   134.6660
   510.0000     0.0001    56.6863   171.4710    38.4334    85.3142  -100.5600   185.1350
   510.0000     0.0001    28.2333   172.8420     5.2493    76.7939   -23.6168   111.9380
   510.0000     0.0001   -13.4454   126.7850   -42.0766   -66.7996   186.5980   -35.8085
   510.0000     0.0001    85.2252   117.4990    95.5026   -50.6570   173.6580  -153.8000
   510.0000     0.0001    42.6935   184.9610    25.7813    76.8432   -48.6711   140.1230
   510.0000     0.0001     4.3694   166.3200   -40.4875    18.0754   217.1200   -44.4016
   510.0000     0.0001     5.0201   220.6480   -19.3936    22.9543   194.8600    70.7805
   510.0000     0.0001   182.7950   -23.5372   224.0740   -18.3163  -102.7420   -27.0647
   510.0000     0.0001     2.2774   199.6860    31.3650   116.4400   -13.9071   132.1610
   510.0000     0.0001    17.7260   171.9790   -44.2957    64.5119   186.1020    53.9481
   510.0000     0.0001    35.7958   177.5200   -46.8479   103.6470   210.6890    -3.1781
   510.0000     0.0001   278.9670   132.4810   142.1670    45.9142  -167.5350    28.7983
   510.0000     0.0001   -61.8589    95.3094   -46.5869   108.4360    -8.4753   110.5170
   510.0000     0.0001    50.6461   157.4300     0.6225    34.1116   -36.5966    49.5749
   510.0000     0.0001     6.1989   121.0840   -35.1772    32.3590   222.5720   -91.1069
   510.0000     0.0001     1.0196   117.2840   -69.0223    46.2495   167.1450  -125.1330
   510.0000     0.0001    28.1393   166.9570   -29.1530    67.0963   238.2140   -37.3162
   510.0000     0.0001    85.1532    11.9171   113.8610  -101.7560   -16.0254  -147.7890
   510.0000     0.0001    37.1280   188.7100    32.5173   114.3650   -42.4812   151.8640
   510.0000     0.0001   145.7660   -37.5179   197.1530   -37.0531   -81.3978   -48.6059
   510.0000     0.0001    26.1259   221.0880   -34.6009    87.1239   206.5260    44.0297
   510.0000     0.0001    12.5147   201.6910   -27.9842    56.4045   199.5050    83.7109
   510.0000     0.0001    31.8206    40.4959    46.5035   -67.5092   116.2170  -221.1640
   510.0000     0.0001    66.3278   146.1960    72.5126   115.8320  -223.3010    92.4185
   510.0000     0.0001     6.4744   193.2960   -46.5005    65.8146   174.9640    29.4067
   510.0000     0.0001    36.0135   173.4850   -35.2292    32.1858   226.1330   -16.1229
   510.0000     0.0001    57.9825   167.1420    48.5989   139.3250   -48.2585   203.2010
   510.0000     0.0001    22.2584   193.4270   -61.6892    60.1636   214.2600   -36.2773
   510.0000     0.0001    41.2024   197.9150    43.0562    99.9948   -75.5166   132.5510
   510.0000     0.0001    99.8399   -45.4510   180.7210   -55.0934   -90.1963   -64.6479
   510.0000     0.0001    57.2559   196.8980    13.4664    78.8866    66.6484   124.6500
   510.0000     0.0001    36.6909   185.4250    21.8055   126.5260   -25.6548   144.7870
   510.0000     0.0001     3.0836   188.5320   -53.6700    38.6888   214.4370   -17.8538
   510.0000     0.0001   123.6130   114.7120   131.5490   -38.1630    96.9343   -34.6720
   510.0000     0.0001     8.3331   175.9880   -44.9608    34.7083    -7.6357   109.0750
   510.0000     0.0001   245.0320   -19.9611   181.1430   -18.8906  -128.7250    11.9300
   510.0000     0.0001   -11.8162   198.3160   -52.4012    -8.9538   178.9900     4.4008
   510.0000     0.0001   -15.4179   176.9570   -59.8045    10.4010   201.4770   -52.7997
   510.0000     0.0001    44.7852   175.8840     3.6856   118.5650   -26.7867   117.7220
   510.0000     0.0001    19.4955   175.3930   -40.5653    45.3539   223.4320    -9.7414
   510.0000     0.0001     2.2178   200.2800   -45.4034    -1.2649   160.1450    35.9608
   510.0000     0.0001    78.3280   132.5400    70.8347    87.6750  -250.9950   126.0020
   510.0000     0.0001    64.6604   179.1270    32.5132    93.3625   -66.2912   163.6390
   510.0000     0.0001   241.1860   -10.8215   243.3000     4.3715  -124.9790    16.9319
   510.0000     0.0001    63.3335   169.4710    36.3344    82.3619   -99.4255   196.8650
   510.0000     0.0001   -12.1342     3.1838    70.9394    53.0490    -2.0782    14.9727
   510.0000     0.0001    -6.7361   198.6440   -49.1569    32.1587   187.4100    11.8711
   510.0000     0.0001   119.2480    86.8057   117.3270   -23.4373   133.7700   -23.5049
   510.0000     0.0001   132.1740    95.5667   116.2500   -44.9553   115.9310   -12.5802
   510.0000     0.0001    39.9742   203.7240    28.2449   104.8600   -52.7494   131.1020
   510.0000     0.0001    -5.6373   203.3520   -38.8433    16.3924   203.6570    37.2858
   510.0000     0.0001     8.9094   218.0140   -42.1730    50.7274   194.3690    22.4157
   510.0000     0.0001   175.5690   -15.8127   211.8110   -28.6266   -99.2481   -36.1144
   510.0000     0.0001     6.1536   203.1750   -24.2222    78.1545   195.0160    57.0916
   510.0000     0.0001    18.7363   208.7880   -36.2265     0.6562   214.3570    49.5901
   510.0000     0.0001    12.3349   216.1920   -36.4109    25.4803   173.6670    24.3528
   510.0000     0.0001    47.9265   190.1900    37.0803   115.0760   -76.7313   144.8480
   510.0000     0.0001    40.8721   160.9680    28.3057   115.3860   -76.5466   186.3990
   510.0000     0.0001    10.5605   202.2360   -19.9939    60.5326   185.3120   105.0870
   510.0000     0.0001   104.1040   -17.3727   169.9240   -67.8883   -85.9881   -84.5957
   510.0000     0.0001     5.2196   108.0950   -45.5690    80.9218   170.9810  -137.9760
   510.0000     0.0001    10.6300   203.1990   -21.8640    54.9872   130.2860    79.1730
   510.0000     0.0001    51.1036   171.2070    12.7951    86.4131    -2.7702   151.5950
   510.0000     0.0001    -1.5649   178.2630   -53.6729    20.3265   181.0420    16.6918
   510.0000     0.0001    80.9334   139.4350    69.4745    33.7341  -241.3130   102.6290
   510.0000     0.0001    40.1285   139.2910   -79.2279    10.4531     9.6387    15.1508
   510.0000     0.0001    13.1654   178.0880   -40.4660    31.6003   190.4660    62.5965
   510.0000     0.0001    11.1275   125.6600   -18.0724   -51.8789   244.0310   -44.3416
   510.0000     0.0001    19.3079   182.4370    11.1437    43.2917    76.4706   113.3300
   510.0000     0.0001    25.4096   167.7910    10.8560   140.0890  -135.7780   178.7580
   510.0000     0.0001    10.8023   195.2530   -43.1554    76.6166   196.2680    32.3651
   510.0000     0.0001    -8.0776    90.3867   -30.2636   -46.9757   185.4330   -98.2982
   510.0000     0.0001    18.1719   206.3160   -64.8557    66.7466   202.2760   -19.5072
   510.0000     0.0001   183.1940    -7.5706   270.1760     4.1202  -107.2290    -6.6848
   510.0000     0.0001    49.8623   189.5640    47.7490    81.4444   -86.5703   158.4360
   510.0000     0.0001   272.3700    59.8064   141.4290   -11.3795  -149.1700     9.0185
   510.0000     0.0001   173.8140   -14.2833   271.5610     6.9609  -110.2080    -9.2932
   510.0000     0.0001    63.8068   161.6940    31.4411   110.8120   -84.9326   206.2860
   510.0000     0.0001    53.7474    26.3488    69.8688  -106.0700    68.7156  -190.9610
   510.0000     0.0001   214.2570   354.9140   119.2040   159.0270   -95.1300    51.1548
   510.0000     0.0001    32.5757   217.8040   -55.6116    38.5807   201.6120    10.8470
   510.0000     0.0001   117.8240     8.1300   195.0090   -38.4993   -78.7518   -84.6864
   510.0000     0.0001    12.7081   121.5640   -18.9215   -34.4546   245.5170   -61.0508
   510.0000     0.0001    17.6815   215.6790   -53.3795    21.4716   180.3890     4.1242
   510.0000     0.0001    68.9156   137.6410    59.3497   196.1510  -219.9840   200.0440
   510.0000     0.0001    20.6350   215.4970   -37.7166    13.8213   204.4300    39.1209
   510.0000     0.0001    12.6965   189.9880   -31.8382    78.3601   167.6680    83.0880
   510.0000     0.0001   291.3410    36.9876   193.4570    15.9663  -137.9130    26.2451
   510.0000     0.0001   209.7260   -29.5600   210.7060   -26.4851  -123.5730     7.1597
   510.0000     0.0001   249.9500    52.1081   130.0370   -27.8358  -157.6740     6.9512
   510.0000     0.0001    22.2466   187.3630    21.8132   154.7180  -103.1240   157.0700
   510.0000     0.0001    -2.3632   209.1720   -40.6098    36.3321   194.0910    23.7533
   510.0000     0.0001    33.9120    17.0885    68.4539   -59.8550    84.9972  -178.4540
   510.0000     0.0001   177.0930    -9.0412   219.1770   -33.0903  -119.7970   -17.2700
   510.0000     0.0001    49.8840   173.7170    16.7260    51.5303    -5.1355   177.4740
   510.0000     0.0001   -30.0872   161.2000   -86.3706   -28.5626   178.8670  -104.1170
   510.0000     0.0001    46.4252    53.4229    45.4493   -87.4276   141.4220  -244.2090
   510.0000     0.0001    80.6077   143.6020    61.5630    59.6049  -216.9980   174.4740
   510.0000     0.0001    48.6740   176.2040     5.3928    67.9567   -17.5448   142.5390
   510.0000     0.0001   -20.2680   125.2160   -15.0320   143.2620   -15.7310   178.5140
   510.0000     0.0001   188.9990   -22.4572   215.4000   -23.1012  -113.1790   -24.4095
   510.0000     0.0001    81.1097   168.8300    35.0214    67.9766   -13.0021   191.8480
   510.0000     0.0001    47.9265   190.1900    37.0803   115.0760   -76.7313   144.8480
   510.0000     0.0001   274.7740    84.9047   143.7420    10.2361  -162.2820    22.3206
   510.0000     0.0001    96.5519     7.1454   140.8980   -70.2215   -46.8405  -136.6540
   510.0000     0.0001    10.5241   111.1270   -21.2171   -97.5516   213.3190   -42.6549
   510.0000     0.0001    29.0988    38.7687    41.5369   -90.6333   131.8070  -189.8380
   510.0000     0.0001   -23.6375   188.6720   -64.6232    -7.2915   199.5710   -44.0281
   510.0000     0.0001     7.1629   169.1410   -27.5366    68.3915   205.2510    41.0384
   510.0000     0.0001   101.9470   122.5820   -45.2725   -27.0497   -20.4220   140.7580
   510.0000     0.0001    18.3583   192.3750    12.4712    93.4404    -2.4473   115.4260
   510.0000     0.0001   237.3960   288.5710   120.0920   147.6840  -130.5970    31.8355
   510.0000     0.0001   258.5200    60.9015   110.4570     1.0307  -167.5130    -2.5991
   510.0000     0.0001    12.3552   205.7800   -34.4068    76.8522   216.5410    46.7821
   510.0000     0.0001    41.0343   167.1930    -1.7951   145.4280    20.7032   126.7780
   510.0000     0.0001    10.4585   200.2960   -21.4888    58.4806   163.7670   106.6120
   510.0000     0.0001    19.2936   129.0240   -35.8324    84.4653   210.1860  -110.6830
   510.0000     0.0001    39.3840     7.9831    68.5464   -72.0719    16.9821  -198.6760
   510.0000     0.0001    26.7738   126.3830   -15.6865   -82.4118   252.0520   -30.9078
   510.0000     0.0001    33.8590   156.0310    12.7186   139.8800    -0.1603   164.2550
   510.0000     0.0001    -2.8534   185.3470   -48.8015    21.1111   173.9660    30.3394
   510.0000     0.0001   -14.4815   148.4690   -50.1913    16.9730   190.2310   -80.1640
   510.0000     0.0001    36.6271   222.4680   -46.7730    74.4983   229.7720     7.6337
   510.0000     0.0001     8.6729   191.3400   -27.3594    70.8282   156.5120    87.6667
   510.0000     0.0001     5.4415   137.5980   -41.6226   -69.1310   202.1720   -19.9072
   510.0000     0.0001    97.7520    14.8493   139.0840   -87.3187   -44.5168  -132.2880
   510.0000     0.0001     0.0040   196.5020   -36.0411    43.4005   187.1590    41.1378
   510.0000     0.0001    83.2152    -7.7532   113.5870   -91.3870    -8.2784  -128.2730
   510.0000     0.0001   101.0170    22.2623   131.1930    38.6313     3.8001    29.7804
   510.0000     0.0001    16.4305   205.8390   -25.4529    91.0553   212.4720    60.3927
   510.0000     0.0001    36.4499    87.1101     1.9116   -42.1920   222.5590  -209.3000
   510.0000     0.0001    -7.0471   202.2370   -55.1176    38.6305   204.0810   -19.3503
   510.0000     0.0001    33.1507   196.3230   -36.1228    62.4058   132.0200    61.1177
   510.0000     0.0001    36.9283   220.5630   -26.6525    63.3042   173.9240    51.7177
   510.0000     0.0001    10.5472    87.9821    -4.9167    -0.1677   219.2360  -161.2210
   510.0000     0.0001    56.6912   191.9710    42.0145    96.2328  -110.0490   123.8370
   510.0000     0.0001    -2.6535   119.7860   -37.8216   -37.3274   205.5430   -71.3797
   510.0000     0.0001    13.0528    98.3614   -21.0691   -89.3130   205.4600   -79.9363
   510.0000     0.0001   230.7010   298.6800   125.0130   147.2720  -129.9330    49.2279
   510.0000     0.0001     7.9367   193.5570   -32.3785    58.0430   146.9440    78.5982
   510.0000     0.0001   108.2830    94.0037   117.3190   -43.7257   112.0750   -48.9639
   510.0000     0.0001    61.9618   178.2440    18.7078    74.7288   -44.1868   165.0360
   510.0000     0.0001   138.3270   -12.0045   218.1690   -21.4387   -87.7986   -58.7656
   510.0000     0.0001   -11.7792   189.9640   -52.4950     6.7216   187.4690     8.6174
   510.0000     0.0001    47.8099   167.7770     5.3903    92.3030    31.6693   145.8910
   510.0000     0.0001   -10.0387   129.0680   -37.2783   -49.6760   185.2940   -42.1574
   510.0000     0.0001    67.7269   180.9980    16.6729    81.6555   -23.3075   147.5620
   510.0000     0.0001    15.6610    69.7633   -19.0530   -11.5621   176.0330  -172.8470
   510.0000     0.0001    33.6271   102.1530   -13.7706   -88.9547   238.2370  -103.0820
   510.0000     0.0001   148.8270   -22.9771   145.3120   -89.1992  -105.8240   -43.9302
   510.0000     0.0001    10.9107   193.4350   -41.4566    41.4548   147.2340    53.7040
   510.0000     0.0001    17.1398   190.6620   -61.2567    46.5235   158.9140    16.8238
   510.0000     0.0001    46.5740   127.9440     3.5868    10.7064    75.6169  -119.1300
   510.0000     0.0001    28.1673   209.8280   -27.5229    40.8525   121.7150    77.7992
   510.0000     0.0001    25.6352   105.7520   -18.2435   -82.8375   229.4670   -87.3551
   510.0000     0.0001     0.8378   124.5470   -37.6452    41.8749   207.1110  -103.0930
   510.0000     0.0001   141.3940    -7.7031   173.4560   -56.7790   -82.4130   -77.1493
   510.0000     0.0001    21.6475   164.6350   -35.2788    53.2738   232.1630   -16.8410
   510.0000     0.0001    10.7789   207.1930   -28.5683    82.7243   163.6090    55.7378
   510.0000     0.0001    36.2975   171.9100    -4.2683    96.5181    22.8178    75.6033
   510.0000     0.0001    -6.8367   202.3650   -43.8571    23.4624   205.5380    10.8856
   510.0000     0.0001    28.4158   195.3700    14.8443   100.5830    -8.7783   136.4230
   510.0000     0.0001   -13.1872   202.7390   -60.1445   -25.4161   193.4990   -11.2349
   510.0000     0.0001   225.2140   -11.2438   144.1970   -48.8032  -129.5140    -3.8545
   510.0000     0.0001     7.8033   200.8370   -34.8833    68.0305   191.7020    55.8863
   510.0000     0.0001    49.3034   180.8370    29.3033   105.7720   -49.4332   181.3620
   510.0000     0.0001    40.8353    65.3914    15.4192  -126.2710   201.8530  -181.0160
   510.0000     0.0001    54.4800   180.2180    25.6125    79.2418   -53.4193   152.5750
   510.0000     0.0001    54.0133   105.0960    60.6668    33.0119  -456.2540   109.8640
   510.0000     0.0001    21.1106   173.4810    -2.3448    29.3726    60.4387   104.5650
   510.0000     0.0001   -17.2105   142.7110   -55.2194   -26.7596   195.3850   -63.2840
   510.0000     0.0001    -2.2342   198.0400   -35.6358    41.1873   179.8430    47.0816
   510.0000     0.0001    37.6991   169.6530    17.1719    69.9498    20.1103   166.7590
   510.0000     0.0001    -6.7951   195.0850   -50.6889    26.2777   188.9950     8.3293
   510.0000     0.0001    10.0916   178.2190    15.3207   143.0450    74.1539   121.0880
   510.0000     0.0001    29.2598   183.2560     9.3921   115.7450   -20.2997   111.8910
   510.0000     0.0001     1.7510   197.8650   -52.1051    37.7855   210.2530     2.3637
   510.0000     0.0001   252.2350    -1.5805   144.2570   -10.6123  -141.3560     5.8094
   510.0000     0.0001    47.5677   159.7400    42.1936   120.3750  -103.3220   200.9960
   510.0000     0.0001    10.8179   166.4830     2.0908   173.1850   -92.9452   192.1850
   510.0000     0.0001     8.1735   196.7900    35.0571   104.2280   -58.3993    93.7290
   510.0000     0.0001     7.2128   202.8530   -24.3418    77.6203   180.3000    69.3088
   510.0000     0.0001    91.5086    31.0650   -30.4660    -2.2614    19.1694    80.8756
   510.0000     0.0001    16.9439   202.0300   -33.2697   104.3250   168.6070    55.6206
   510.0000     0.0001   -19.2002   205.1940   -85.7545    -7.9819   209.8210   -93.9652
   510.0000     0.0001    37.1883   117.0450   -18.7452    95.6840   255.7540  -106.3660
   510.0000     0.0001    83.3098   -13.3954   128.5210   -63.2491   -25.1338  -133.3830
   510.0000     0.0001    31.6188   210.5910   -47.1146    96.1500   199.7600    29.0045
   510.0000     0.0001    32.4112   188.5980   -37.7109   108.3180    98.4479    62.0943
   510.0000     0.0001   175.1530   -34.3411   238.9560    -5.0631  -104.0970   -23.4083
   510.0000     0.0001    21.3190   153.9970   -43.6514    58.9538   215.8290     2.7214
   510.0000     0.0001    57.1129   176.0290    47.5799   101.9540   -31.6933   190.2720
   510.0000     0.0001    69.9247   183.1620    48.4345    72.5112  -120.9130   141.3220
   510.0000     0.0001    31.3646   200.7810    28.7374   101.3110   -38.4475   138.5610
   510.0000     0.0001    -7.9277   189.6580   -64.4149    32.9388   207.3800   -44.0044
   510.0000     0.0001     8.9556   179.6430   -17.5688    85.6799   -63.5248   156.3330
   510.0000     0.0001    31.4486   178.7350     5.4290   145.3130    16.2700   109.3280
   510.0000     0.0001    78.2823   200.2730   -11.3328    46.3420   -32.7091   168.2000
   510.0000     0.0001   -35.2373   104.5060   -36.4126   134.4080   -14.6937   147.0330
   510.0000     0.0001    53.7910   180.9250    31.5650    66.5152   -65.6869   159.2770
   510.0000     0.0001     0.9981   172.1520   -23.2557    54.0221   188.7020    58.8739
   510.0000     0.0001    48.3808   107.3570    55.6547  -308.6040   166.6290   109.2560
   510.0000     0.0001     6.4744   193.2960   -46.5005    65.8146   174.9640    29.4067
   510.0000     0.0001    10.8716   206.5830   -30.7601    66.9254   213.9120    46.8470
   510.0000     0.0001    17.9833    28.8450     6.9121   -64.0082   117.8600  -176.5580
   510.0000     0.0001   150.4730   -17.8981   207.3580   -46.8273  -114.6670   -31.3679
   510.0000     0.0001   210.9400    -4.8758   243.0790   -10.6055  -126.0360     7.9575
   510.0000     0.0001   143.7190    28.2330   149.9850   -55.9091   -83.6715  -117.7430
   510.0000     0.0001    99.2703     8.8987   111.4120  -100.9450   -44.3132  -146.4210
   510.0000     0.0001    52.4857   181.8990    18.7390    67.6590   -40.6509   149.4730
   510.0000     0.0001     0.7644   207.9060   -23.6841     9.0163   152.8370    66.5423
   510.0000     0.0001   151.7210    96.6671    -7.5621   -36.6186     3.9935    89.8652
   510.0000     0.0001    32.7907   170.1560     5.5291    92.0504    73.8531   132.3590
   510.0000     0.0001    31.5378   171.9490   -40.1557    68.3065   221.8190    12.5452
   510.0000     0.0001    65.9952   164.8900    48.6401    77.8956  -125.2760   188.9010
   510.0000     0.0001    24.5974   104.2370    25.4107    47.5083   314.4840    -9.9610
   510.0000     0.0001    94.0308    -3.0430   206.1610   -26.6088   -73.3903   -84.5034
   510.0000     0.0001    63.0667   160.5120    24.5153    99.2080   -39.9903   214.3720
   510.0000     0.0001     4.3358   195.7330   -33.0459    59.3810   193.0210    45.9691
   510.0000     0.0001    52.7531   196.4430    31.5086    71.3945  -104.7580   128.2980
   510.0000     0.0001     6.8754   198.0830   -28.7097    59.1635   209.3950    66.5017
   510.0000     0.0001   289.5140   184.9640   191.9630    57.7108  -140.7920    59.1575
   510.0000     0.0001   189.2390    -3.4517   198.8920   -38.3404  -111.2090   -23.8501
   510.0000     0.0001     7.8109   213.5020   -23.8505    64.1222   176.7220    56.7973
   510.0000     0.0001    57.4007   149.6790    57.1782   135.3540  -193.6720   190.0350
   510.0000     0.0001    65.2917   142.8300     5.0675    42.0063    14.9378    62.4331
   510.0000     0.0001    30.5299   194.7470    28.9386    91.3820   -59.1076   142.2430
   510.0000     0.0001    73.3497   133.7700    46.1944   133.3480   131.5730  -152.9430
   510.0000     0.0001     8.7546   206.4580   -45.6565    35.3724   226.1950    31.5543
   510.0000     0.0001    10.3732   171.9910    -5.9657    66.3891   116.1850   155.7030
   510.0000     0.0001    12.7099    88.9156   -38.0023    20.6747   182.3780  -150.6420
   510.0000     0.0001    43.5467   201.4110    40.6781    95.2111   -75.6432   126.5970
   510.0000     0.0001    14.5589   108.4530   -15.6263   -63.4703   245.1500   -71.5230
   510.0000     0.0001    38.9324   179.4600    43.3190   108.9270   -89.8674   158.0190
   510.0000     0.0001    21.0035   120.0310   -12.0981   -31.9094   271.1580   -59.1903
   510.0000     0.0001    40.5587   178.9530     0.7619    17.6761    61.9559   135.2700
   510.0000     0.0001    41.6884    25.3234    57.2862   -77.6801    88.8357  -199.1150
   510.0000     0.0001    65.3160   150.1670    46.9303   104.8900  -146.5180   246.4480
   510.0000     0.0001    82.6256    20.2984   106.1470   -82.6908   -16.6974  -180.0060
   510.0000     0.0001    50.7774   177.0040    18.3476    64.1750     1.7011   161.5560
   510.0000     0.0001    55.8773   185.0140     7.3407   138.9590    77.2697   147.7210
   510.0000     0.0001    50.4808   186.0770    -0.2401    62.9330    49.3916    99.7475
   510.0000     0.0001   139.1990    81.5848    99.1709   -62.0433    91.5239    17.0083
   510.0000     0.0001   -30.3013   -10.0234    35.8078    35.2811   -22.1812    20.2526
   510.0000     0.0001    30.0691   213.7990   -38.1674   107.5730   181.5890    19.2249
   510.0000     0.0001    56.0648   163.9030    13.9506   159.1940    -1.8018   180.0170
   510.0000     0.0001    66.0871   117.0490    29.3290    71.0791   142.8330   -90.1137
   510.0000     0.0001   260.1980   226.1870   126.1350   109.6480  -155.3790    51.5979
   510.0000     0.0001    12.1165   194.4380   -30.2261    52.6042   169.9640    92.5677
   510.0000     0.0001    10.8710   195.8330   -37.6090    68.2863   134.5650    58.4773
   510.0000     0.0001    16.2550   169.3780   -28.2450    45.0557   228.3020    19.5174
   510.0000     0.0001    43.5467   201.4110    40.6781    95.2111   -75.6432   126.5970
   510.0000     0.0001    49.5032   180.2480    -0.2725    63.9822    36.9108   105.9810
   510.0000     0.0001    41.2024   197.9150    43.0562    99.9948   -75.5166   132.5510
   510.0000     0.0001    45.8910   200.4020     3.7323    63.9114   -10.0425   114.8350
   510.0000     0.0001     8.7628   102.4040   -24.9373   -71.7574   219.6730   -68.6725
   510.0000     0.0001     7.9665   207.3420   -69.5524    17.1357   228.3610   -42.0632
   510.0000     0.0001     7.0911   142.5180   -87.6585    46.9379   169.2850  -112.9840
   510.0000     0.0001   127.6710    -8.4622   196.9430   -39.7959   -76.8684   -74.2677
   510.0000     0.0001    12.7372   107.5650   -23.6311   -75.0552   225.7050   -61.4316
   510.0000     0.0001    51.9859    43.9292    51.9106   -99.4250    91.1602  -240.5330
   510.0000     0.0001    30.1568    25.8759    54.9942   -69.7327    61.2632  -216.2550
   510.0000     0.0001    11.5106   190.3710   -51.0382    13.7446   152.4190    30.1020
   510.0000     0.0001    61.9620   174.3090    35.7644    80.7744   -81.3317   182.8380
   510.0000     0.0001    41.2249   -30.5599   103.3450   -59.7004   -42.4495  -146.6250
   510.0000     0.0001    17.0988   144.3720     2.9881   194.0110   -71.8237   241.3420
   510.0000     0.0001    29.2946   189.1240    14.9462   124.2240   131.9870   153.0960
   510.0000     0.0001    26.7019   197.2420    22.1055    93.1033   -34.6862   130.5440
   510.0000     0.0001    47.4073   195.1040    48.5290    98.9866   -96.3388   122.9130
   510.0000     0.0001    51.1804   186.6380    17.9365    69.3711    45.7855   149.8680
   510.0000     0.0001    47.5935   177.3810    -2.1568    71.3160    48.9277   102.8530
   510.0000     0.0001    51.7007   153.9080    27.1503   168.4830   -64.7394   213.6880
   510.0000     0.0001     5.7518   178.8880   -73.3410    14.5870   205.9260   -68.4578
   510.0000     0.0001    -8.1614   193.9430   -49.4975    27.0641   180.0620    12.8622
   510.0000     0.0001    26.1526   146.8110   -21.9285    31.1759   262.3950   -26.1402
   510.0000     0.0001     6.8202   210.5660   -33.8537    60.7701   151.6910    28.7677
   510.0000     0.0001    57.9337   156.3530    68.6307   118.0770  -175.5040   156.8890
   510.0000     0.0001    65.7396   149.7190    66.2359    90.3324  -223.5020   150.1640
   510.0000     0.0001    39.1465   205.6020     7.0181    98.5179   -30.1718   140.1660
   510.0000     0.0001     0.5311   205.8710   -42.5779    45.0935   189.6680    27.4336
   510.0000     0.0001   -10.7326   178.8070   -75.0761    18.5348   202.7310   -79.6100
   510.0000     0.0001    60.9514   124.3160    57.8859   -88.5712   262.1170   -83.4871
   510.0000     0.0001    24.7245   185.3730    17.4278   110.8240   112.9540   178.7550
   510.0000     0.0001    11.7894   212.7310   -31.4598    80.1409   174.5100    37.9967
   510.0000     0.0001   129.4690    78.3589   112.4620   -40.6756   101.5620    -3.4186
   510.0000     0.0001    31.2447   132.6550   -25.2404    35.1290   208.6610  -125.7060
   510.0000     0.0001    47.4492   175.9070    19.5291    56.6049   -19.8733   162.8400
   510.0000     0.0001     3.5977   182.7150   -48.8371    46.6660   212.4910     4.0924
   510.0000     0.0001   119.1060   103.9310    90.3655  -119.6750    93.5196   -16.4536
   510.0000     0.0001    78.3280   132.5400    70.8347    87.6750  -250.9950   126.0020
   510.0000     0.0001     3.4396   198.6850    29.0428    95.1657   -48.3483   131.3080
   510.0000     0.0001    78.8214   -24.4126   128.2140   -99.5770   -38.6561   -94.5041
   510.0000     0.0001    54.8453   166.2400    32.4466    86.5099   -97.6789   197.2420
   510.0000     0.0001    23.8699     0.3905    74.7347   -91.5984    34.1219  -155.8250
   510.0000     0.0001   199.3460    -7.2290   196.8100   -33.2470  -103.7640   -22.5811
   510.0000     0.0001    38.1170    -4.6234   110.8840   -58.4433    -6.1512  -159.0330
   510.0000     0.0001    21.7811    67.8984    17.5887   -61.2464   198.2030  -198.7380
   510.0000     0.0001     3.7724   184.5230   -66.0415    28.7874   216.4950   -44.4465
   510.0000     0.0001    28.3275   199.5720    10.6519    89.3293   -77.9433   157.5480
   510.0000     0.0001    53.4727    -3.6103   100.1440   -98.9155    -9.5345  -148.1010
   510.0000     0.0001   119.8160    23.7032   171.2930   -50.6601   -76.0413  -112.1550
   510.0000     0.0001   134.2960    12.1282   140.2380   -69.1923   -75.6530  -118.3590
   510.0000     0.0001    -5.3884   198.2540   -45.4179    34.9399   194.5940    13.5123
   510.0000     0.0001    19.8786   176.2990    -0.2230    40.6209    70.6362    89.1159
   510.0000     0.0001    18.2708   198.4690   -48.3311    16.1733   221.1210    -3.5743
   510.0000     0.0001    60.5901    41.0071    33.1979  -129.5590   119.0550  -196.8100
   510.0000     0.0001    34.8274   194.8280   -46.8440    56.4625   225.5520   -23.5037
   510.0000     0.0001    53.8238   189.8310    17.3050    84.7062    23.9689   127.3230
   510.0000     0.0001   152.2440   -11.6326   168.1490   -66.7526   -91.3268   -57.4940
   510.0000     0.0001     9.2014   202.9340   -18.9994    60.6180   179.0370   101.0620
   510.0000     0.0001    60.8689   155.6930    36.2599   186.0000  -100.5730   209.5610
   510.0000     0.0001    10.8907    84.0386   -30.0583   -79.7110   181.2160   -97.9299
   510.0000     0.0001     1.6997   166.2260   -52.1075    33.7866   177.1990     3.7057
   510.0000     0.0001   100.0490    88.3678    25.5046   -91.0408   -57.1458   131.2720
   510.0000     0.0001    46.8791   179.5130     5.6502    56.0650    62.5657   133.9500
   510.0000     0.0001    28.3555   168.2750   -41.6718   107.4580   212.6540   -56.1168
   510.0000     0.0001    -7.1593   196.2690   -48.4893    30.9276   193.0060     6.9526
   510.0000     0.0001    27.3022    94.4336     7.6823    16.7567   257.7100  -197.6670
   510.0000     0.0001   254.8550   308.7850   119.2380   142.9600  -119.1140    42.3269
   510.0000     0.0001   158.6360    61.4615     3.4866   -23.2170     7.9840    68.6080
   510.0000     0.0001    26.4027   177.1570   -45.1278    91.1997   200.6140    21.5304
   510.0000     0.0001     4.7367   135.1130   -45.1185    34.0031   209.2370   -25.7105
   510.0000     0.0001   -19.9337    40.0563   123.3200   -18.4960   -68.0457    88.7223
   510.0000     0.0001    15.6206   200.0850   -42.2646    55.2705   146.9350    25.0410
   510.0000     0.0001    44.5397   126.9840   -15.9055   -50.4516  -138.9340  -130.5830
   510.0000     0.0001   -14.2990   199.8660   -70.7736   -25.3514   189.7300   -32.3112
   510.0000     0.0001   124.9990    -9.3953   158.5410   -71.3155   -65.2018   -88.0040
   510.0000     0.0001   110.1270    -2.5596   125.6400   -83.5897   -44.5519  -125.1340
   510.0000     0.0001    26.4341   131.0350    21.8587   289.6240   -94.2314   267.9780
   510.0000     0.0001    17.0066   149.4600   -31.1552    50.4164   231.4060   -32.8701
   510.0000     0.0001    49.1425    28.6698    63.2361  -117.5630    76.5011  -188.9030
   510.0000     0.0001    45.6943   187.9350     4.8509    56.1303    43.4376   102.2520
   510.0000     0.0001     7.2854   196.8070   -24.4782    88.6575   163.8610    68.4099
   510.0000     0.0001    13.1491   186.9490   -29.1245    28.9402   176.8680    92.9183
   510.0000     0.0001    26.9196   214.6230   -12.9073    83.7233   132.8820    70.6827
   510.0000     0.0001   291.8330    90.8693   165.7490    33.1010  -155.2910    26.6893
   510.0000     0.0001    30.4661   174.3470     4.2585    25.7297    35.5304   124.7400
   510.0000     0.0001    33.7416   190.6940   -39.1903    61.3027   231.1110    33.6472
   510.0000     0.0001    58.4696   182.6850    37.8450   126.7500   -77.0263   141.6700
   510.0000     0.0001    25.2434   127.7530   -18.0420   -55.5802   248.0630   -48.3099
   510.0000     0.0001    55.3746   176.9950     5.2010   111.5840    74.2755   149.9890
   510.0000     0.0001   124.9440    80.5972   105.2700   -44.3527   127.6410    -3.8018
   510.0000     0.0001   142.3540   106.6150    75.0878  -122.3620    57.0269    41.3785
   510.0000     0.0001    55.8730   169.8990    28.1067    84.2622   -56.9342   190.5360
   510.0000     0.0001     8.4620   173.5610    34.4991   175.2110  -105.5650   148.4830
   510.0000     0.0001   125.0340    36.5781    91.0251   -95.2859   -91.7734   -54.9422
   510.0000     0.0001    55.0543   180.7380    21.1712    74.0338   -41.3003   164.8710
   510.0000     0.0001    26.8549   187.6310   -45.5987    89.9002   220.5060   -20.3622
   510.0000     0.0001    19.3308   129.1780    29.1527   282.6690   -78.1526   242.5980
   510.0000     0.0001     9.9439   196.9140    -7.9455    79.0338   -42.2927   125.0330
   510.0000     0.0001   314.1850   132.7070   171.1520    47.9446  -142.9940    34.1470
   510.0000     0.0001    60.3066    42.0451    67.1141  -142.1720    51.9819  -213.3850
   510.0000     0.0001    24.6047    44.2341    43.1133   -70.3630   131.2440  -210.1500
   510.0000     0.0001    42.4491   173.2020    15.5726    53.7302    -1.6434   163.1130
   510.0000     0.0001    42.3535   167.9850    18.2484    97.2131   -26.8991   156.7070
   510.0000     0.0001   284.7250    20.6946   188.0160     8.2824  -136.8460    24.5764
   510.0000     0.0001    54.2931    79.2147    22.4105   -68.4879     6.9023   240.2280
   510.0000     0.0001   -19.2767    82.7505   -50.7576   -18.4071   148.7970  -136.9880
   510.0000     0.0001    15.2376   195.0280   -36.4874    25.9431   175.6750    82.0556
   510.0000     0.0001   207.2320     0.7047   206.1720   -22.8970  -117.6090   -18.7590
   510.0000     0.0001     5.7545   201.8620   -30.4116    53.0109   187.7470    71.9968
   510.0000     0.0001    26.8170   183.6930    13.6341    97.5620   -19.4649   128.5540
   510.0000     0.0001   113.6220    -3.8188   160.5810   -70.8729   -84.8104   -97.1540
   510.0000     0.0001    10.0844   206.5020   -30.3708    76.0727   182.4030    59.7808
   510.0000     0.0001   146.3930    44.9721    85.4979   -18.4932    42.4572    32.8420
   510.0000     0.0001    64.4574   199.0010    11.3288    53.2442   -96.2833   146.9780
   510.0000     0.0001    55.6592   158.7300    19.8227   108.4600   -40.1904   204.7890
   510.0000     0.0001    20.1738    53.2577    14.2085   -66.0320   164.7400  -187.5580
   510.0000     0.0001    37.0054   169.1950    -9.2774    54.3815    39.4968    93.6919
   510.0000     0.0001    51.2660   191.3780    23.6453    68.7992    18.7426   134.4580
   510.0000     0.0001    85.8198   110.9510    94.5827   -92.7905   122.9370  -155.6780
   510.0000     0.0001    55.8855   158.3690    34.6605   161.8170   -36.2113   219.2750
   510.0000     0.0001     0.5311   205.8710   -42.5779    45.0935   189.6680    27.4336
   510.0000     0.0001   161.2770    95.5018   120.9400   -42.2855    70.9278    12.3932
   510.0000     0.0001   209.0520   -26.4152   126.1620   -59.9017  -126.7870   -11.0335
   510.0000     0.0001    50.4359   173.5450    36.8899    94.3164   -87.8218   164.9650
   510.0000     0.0001    63.0667   160.5120    24.5153    99.2080   -39.9903   214.3720
   510.0000     0.0001    53.9786    63.4008     9.4148  -141.3650   168.8130  -181.8180
   510.0000     0.0001   110.5630     7.2427   165.4630   -61.0963   -63.9537  -110.5700
   510.0000     0.0001    58.8058    21.2107    89.0343  -100.9210    27.3805  -184.6610
   510.0000     0.0001    57.0794   148.5470    21.8330  -118.6890   -63.5732  -263.8750
   510.0000     0.0001    17.2248   210.8310   -44.1493     6.8472   222.2430    27.8424
   510.0000     0.0001   172.7880   -20.3568   247.8800    -4.9261  -107.2380   -21.3897
   510.0000     0.0001    46.6398   169.9760    27.2817   118.3700   -70.8295   170.9990
   510.0000     0.0001     3.4489   214.4060   -34.5617    -6.8947   200.3320    49.4703
   510.0000     0.0001    31.0945   175.1380     2.5106    71.4355   -11.0056   105.0760
   510.0000     0.0001     4.5742   209.7790   -26.5916    58.8950   161.6510    47.7711
   510.0000     0.0001    44.1039   166.9770    30.5878   142.2980  -219.6590   184.7590
   510.0000     0.0001   214.1500     4.4373   209.7450   -18.8698  -124.6540    -9.2191
   510.0000     0.0001    44.5799   153.9560    22.7183   133.7830   -12.8302   216.8290
   510.0000     0.0001    22.0097   211.7240   -61.3882    45.7810   226.6610   -32.7832
   510.0000     0.0001   122.7440    -1.0857   172.8810   -58.5062   -65.6544   -91.3149
   510.0000     0.0001     1.3673   180.4450   -74.4580    35.5883   203.5560   -89.5599
   510.0000     0.0001    24.2068   182.2150   -49.6302    92.8576   216.6510   -19.7578
   510.0000     0.0001    22.5112   106.3910    -9.4692   -84.0305   258.5870   -74.5912
   510.0000     0.0001    57.9564   165.9530    23.2718   136.4270   -65.4982   183.8580
   510.0000     0.0001    29.7499   171.9760   -35.9174    40.1585   238.5560    -8.5851
   510.0000     0.0001    99.8399   -45.4510   180.7210   -55.0934   -90.1963   -64.6479
   510.0000     0.0001    29.0975   179.2320   -32.9968    43.1605    83.9848    81.6111
   510.0000     0.0001    63.0667   160.5120    24.5153    99.2080   -39.9903   214.3720
   510.0000     0.0001    37.0672   187.5960    10.7996    56.9658    34.1233   109.0580
   510.0000     0.0001   128.4700   105.4380   137.9290   -26.3234    84.1412   -13.1032
   510.0000     0.0001    50.6529   178.3180    42.4215   136.1700   -94.7312   130.4490
   510.0000     0.0001   268.9850    20.1158   141.5810    -5.8968  -144.0380    11.6722
   510.0000     0.0001   133.6400    99.5521    81.7132  -126.2000    55.8708     7.1094
   510.0000     0.0001   171.2620    94.6644    56.6157   -51.1618    31.4188    66.7248
   510.0000     0.0001    43.4116   194.1500    38.6706   114.5350   -62.2880   137.3680
   510.0000     0.0001    74.0318   170.5190    58.1362    68.1968  -159.3450   143.5120
   510.0000     0.0001    68.2496   158.5890    50.2728    94.2854  -153.3920   197.7250
   510.0000     0.0001    11.6372   204.5530   -69.1304    32.7979   183.1510   -16.7069
   510.0000     0.0001    45.3791   183.1350     6.3309    57.6691   -28.9273   132.1810
   510.0000     0.0001   118.4870    85.8625    94.9079   -62.8270   157.6410    -8.0037
   510.0000     0.0001    17.7260   171.9790   -44.2957    64.5119   186.1020    53.9481
   510.0000     0.0001    17.3036   115.2910   -10.4793    41.9231   254.0960  -119.4550
   510.0000     0.0001    23.0608   182.4570   -63.8286    40.8825   208.5010   -61.9130
   510.0000     0.0001    74.7980    23.3682    65.1468  -102.4790    16.0698   -91.9492
   510.0000     0.0001    68.3423   150.5660    63.2229   142.6880  -213.4280   144.2600
   510.0000     0.0001    52.9372   188.1540    16.6143    76.5242    55.6652   151.9410
   510.0000     0.0001   159.8090    73.7031   126.8480    -8.8897    72.1614    30.1424
   510.0000     0.0001    23.2249   194.5360   -57.8961    57.6892   224.6020   -14.3708
   510.0000     0.0001   165.6780    -9.3442   202.6340   -30.9098   -95.4801   -52.2559
   510.0000     0.0001   121.2400    88.1582   119.3920  -126.4550  -107.0140  -151.5130
   510.0000     0.0001    61.6810    30.7917    58.5990   -87.9830    40.9668  -120.8060
   510.0000     0.0001    14.4086   193.5550   -29.8791    19.2993   119.7860    99.5990
   510.0000     0.0001   235.4040   -26.3613   201.0640   -12.3412  -115.5670    -0.6211
   510.0000     0.0001    29.4130   180.6250    12.2793   131.8110    -9.6201   114.3770
   510.0000     0.0001    37.8183   165.4630    12.0013    67.2183    -4.8315   161.0420
   510.0000     0.0001    57.3940   173.4550    19.3874    76.6566    -1.3396   175.0910
   510.0000     0.0001    -3.1759   195.7310   -44.4724    36.8010   184.4020    23.8551
   510.0000     0.0001    28.2545   176.2560    13.3561    76.8886     5.0658   116.1510
   510.0000     0.0001    16.2431   199.7010   -32.9357    36.7295   127.7320    80.8346
   510.0000     0.0001    33.7539    53.7077    28.3058   -51.6128   177.4300  -216.1100
   510.0000     0.0001    54.2314   171.1710    38.5256    79.3464   -83.2099   183.8240
   510.0000     0.0001    63.9003   161.7110    34.9515    96.0376  -115.3930   210.6010
   510.0000     0.0001   161.8770     1.0634   177.4040   -44.0564   -87.7767   -72.7176
   510.0000     0.0001   191.4980   -10.3011   221.5130   -16.9413  -109.0720   -27.8832
   510.0000     0.0001     3.0242   215.6230   -65.1110    -8.5579   211.2460   -19.2613
   510.0000     0.0001    49.1175   180.6860     2.3172    72.3243    86.5114   132.7090
   510.0000     0.0001    -3.3159   188.2010   -25.1142    62.5728    18.4349   108.1900
   510.0000     0.0001    -1.7973   128.9270   -85.2587   -19.9073   174.7480   -98.0434
   510.0000     0.0001    41.2617   170.9120    25.6498    87.9299   -58.2925   168.9080
   510.0000     0.0001    25.1241   211.3410    -3.0814    79.1491   130.2770    60.1827
   510.0000     0.0001    -4.6473   121.8750   -52.1709    17.1270   179.4650   -44.6668
   510.0000     0.0001    64.6604   179.1270    32.5132    93.3625   -66.2912   163.6390
   510.0000     0.0001    30.7415   188.8210   -36.9662    65.7471   231.4550    36.2934
   510.0000     0.0001    47.1386    29.3364    62.1866  -111.5110    74.5380  -196.7120
   510.0000     0.0001    13.3831   193.8460   -40.9087    13.1673   138.0410    55.7521
   510.0000     0.0001    58.4237   151.6520    54.9691   120.8060  -190.9130   195.7560
   510.0000     0.0001    41.1121   220.9040   -24.2773    95.6949   215.5600    70.9319
   510.0000     0.0001   -70.6204   107.4140    49.0954   -64.5255    -0.8298    19.6916
   510.0000     0.0001   -11.1330   150.9870   -73.3530   -25.2358   187.9710   -81.2014
   510.0000     0.0001    82.2682   121.9210    83.4265  -113.2940   180.6650  -171.3100
   510.0000     0.0001    77.6249   148.0120    65.3309    73.1660  -239.3740   109.8130
   510.0000     0.0001     4.1632   191.8310   -38.5980    26.2792   202.8780    52.5385
   510.0000     0.0001     5.4596   210.8220   -86.1339    21.0636   203.5100   -72.2077
   510.0000     0.0001   110.3640    97.6154   115.0680   -54.2596   115.8950   -44.0206
   510.0000     0.0001     0.2941   207.8030   -38.3095    45.9167   206.3350    19.7841
   510.0000     0.0001    13.0100   208.8030   -42.7322    67.2040   225.3320    21.5772
   510.0000     0.0001    23.4864    58.0633    27.1357   -72.9239   171.2460  -205.0890
   510.0000     0.0001    60.9514   124.3160    57.8859   -88.5712   262.1170   -83.4871
   510.0000     0.0001   137.9940   366.9540   102.5220   180.4870   -81.8154    60.2747
   510.0000     0.0001    50.8369   163.3620    15.6681    89.5425    21.0579   197.6880
   510.0000     0.0001    11.0290   208.4950   -50.8298    -7.8415   214.7170    11.5394
   510.0000     0.0001    -7.1103   217.5910   -37.5695    -6.8963   208.2000    32.4087
   510.0000     0.0001    93.8016   -23.3919   115.5970   -86.1558   -27.5554  -113.1520
   510.0000     0.0001    -0.5047   116.8730   -82.0258   -28.5565   164.3370  -105.8610
   510.0000     0.0001   -64.0427    56.9477    59.8130     6.1939   -26.8522    23.6669
   510.0000     0.0001     9.1298   188.6860   -40.7543    52.2609   198.9780    41.0507
   510.0000     0.0001    47.2939   198.6020     9.4106    60.4412    28.8132    98.6641
   510.0000     0.0001   -24.3302   177.2800   -80.0603   -15.6177   193.0180   -69.0198
   510.0000     0.0001    61.1157   167.0330    36.0206    81.3621   -83.0128   202.0370
   510.0000     0.0001    68.6832   144.8840    53.7337   156.0050  -193.4210   224.8300
   510.0000     0.0001    76.6706   175.7540    10.5455   137.3780     6.9989   140.8760
   510.0000     0.0001   139.7750   -20.8725   171.2740   -58.8736   -78.9791   -69.0585
   510.0000     0.0001    31.4275   166.5020   -28.7025    78.9954   233.8170   -41.4246
   510.0000     0.0001    70.7099   155.7360    51.8377    70.8822  -139.5680   224.0790
   510.0000     0.0001    12.6268   194.7910   -29.9909    77.4636   160.5030    82.2447
   510.0000     0.0001    28.7391   165.2200   -37.8260    70.6858   222.8720   -53.3277
   510.0000     0.0001   268.9850    20.1158   141.5810    -5.8968  -144.0380    11.6722
   510.0000     0.0001   111.2050    -8.5567   165.8820   -57.3942   -54.9098   -97.9685
   510.0000     0.0001     0.4913   168.3240   -48.3491    15.4765   212.0970   -51.5362
   510.0000     0.0001     9.2812   197.0010   -36.1971    75.3851   202.9600    31.7099
   510.0000     0.0001    55.8988    63.1169    10.5038  -145.1750   170.4160  -181.0760
   510.0000     0.0001    57.3352   156.5530    44.2508   207.8140   -99.2069   203.8590
   510.0000     0.0001    -0.5404   203.2240   -41.8327    46.2432   187.5480    27.8810
   510.0000     0.0001    -2.1965   113.3900   -44.5228    31.3756   187.6530  -121.7780
   510.0000     0.0001     8.3316   205.1420   -45.0804    69.8086   189.6660    18.4810
   510.0000     0.0001   127.7310   -31.0965   159.1860   -54.8377   -72.9895   -79.0838
   510.0000     0.0001    22.4632    16.5208    63.8131   -68.7629    51.4100  -193.5230
   510.0000     0.0001    77.6069   144.6080    55.8308    89.7139  -192.5750   220.1250
   510.0000     0.0001    45.0883   188.7860    43.9723    85.3450   -89.2673   150.8670
   510.0000     0.0001    56.5893    35.1664    73.2676   -91.3594    64.7505  -219.4910
   510.0000     0.0001    23.5747   194.2580   -40.0973    60.6440   122.1850    53.1341
   510.0000     0.0001   -12.8961   195.7200   -53.1372   -12.7540   208.3500    -5.5666
   510.0000     0.0001    49.3317   170.9330    24.5641    64.1931   -57.6693   182.2340
   510.0000     0.0001    -7.2248   200.3890   -58.2142    -8.2184   174.7540     3.2998
   510.0000     0.0001     1.8184   224.5140   -36.8238    32.7570   223.2550    21.1557
   510.0000     0.0001   101.2320    -4.9524   143.4630   -81.8101   -54.4377  -111.6170
   510.0000     0.0001     1.9531   181.6140   -59.2099    27.1820   205.3310   -18.8557
   510.0000     0.0001   130.4270    82.7885   -63.6679     2.6142   -15.8777    69.9047
   510.0000     0.0001    28.4397   186.2850     9.7362   114.8500   -16.5921   114.9300
   510.0000     0.0001   -10.0740   203.0970   -48.6961     8.6909   208.4730     9.6205
   510.0000     0.0001   128.1560    -6.9452   138.9150   -71.7558   -52.6724  -104.3570
   510.0000     0.0001    55.9019   161.3950    31.3224   163.5400    -8.7846   216.3420
   510.0000     0.0001     6.8976   188.4050   -87.4576    45.1192   191.3470  -100.0230
   510.0000     0.0001     9.2426   202.9710   -22.6555    78.4291   181.8230    69.4068
   510.0000     0.0001    28.3444   135.9860   -16.4308    23.5549   261.5950   -79.8800
   510.0000     0.0001    99.5883   -12.6755   122.8740   -76.5624   -27.6730  -124.1490
   510.0000     0.0001   -27.1889   111.4240   -12.6911   171.3500   -15.4571   168.9320
   510.0000     0.0001    37.2392   166.0250    27.2936    95.5577   -43.7526   172.1970
   510.0000     0.0001    35.7757   101.4880    56.9349  -155.4270  -162.3990    42.9969
   510.0000     0.0001     3.7945   192.1950   -45.1810    55.9270   190.4480    25.3700
   510.0000     0.0001   160.2250   -12.2527   198.6780   -39.6663   -87.2220   -51.3025
   510.0000     0.0001     6.8754   198.0830   -28.7097    59.1635   209.3950    66.5017
   510.0000     0.0001    29.0086    91.2190    -1.6964   -20.6142   245.0220  -179.0260
   510.0000     0.0001    92.3797    -2.6204   112.0070   -91.7770   -15.7005  -135.0020
   510.0000     0.0001    18.6129   180.5220    13.5061   110.8660   117.7390   167.3340
   510.0000     0.0001    11.4604   194.9340   -41.4258    32.1463   148.9410    65.1019
   510.0000     0.0001   135.9650    80.4053   116.9440   -29.1533    94.0231     8.0775
   510.0000     0.0001    26.9794   209.0200   -51.7341    51.6541   222.8150    18.3312
   510.0000     0.0001    52.4942   190.5130     6.8994    76.8003    46.8428   113.2550
   510.0000     0.0001    -3.4552   152.5470   -38.8520    27.4700   190.2120    19.1471
   510.0000     0.0001   181.3030    -4.0874   234.0910   -16.1777  -100.9800   -26.4665
   510.0000     0.0001   119.8960     7.5186   123.0940   -88.1334   -51.2970  -125.5000
   510.0000     0.0001    -0.4919   201.5870   -34.6852     0.7366   152.4210    52.7632
   510.0000     0.0001   270.8610    98.8095   155.2370    17.2436  -165.6420    25.9875
   510.0000     0.0001     7.2443   198.5360   -22.9393    81.0997   193.1840    70.1634
   510.0000     0.0001    57.5360   175.5080    35.5802    77.8886   -76.4341   175.0590
   510.0000     0.0001    41.1027    71.2114    18.4904   -61.0260   224.0280  -219.1450
   510.0000     0.0001    10.8023   195.2530   -43.1554    76.6166   196.2680    32.3651
   510.0000     0.0001    55.3746   176.9950     5.2010   111.5840    74.2755   149.9890
   510.0000     0.0001    21.6608   210.4420   -51.1651    49.9534   230.9680    -2.3385
   510.0000     0.0001    32.3010   171.3490     3.5349    72.7719    75.5663   134.2150
   510.0000     0.0001    17.2248   210.8310   -44.1493     6.8472   222.2430    27.8424
   510.0000     0.0001    22.4541   191.0530   -63.2095    61.3120   214.1480   -38.9189
   510.0000     0.0001   115.7500    16.1702   155.4110   -76.7229   -82.1935  -113.4630
   510.0000     0.0001   -35.6073   134.8310    -4.0727   171.9850   -28.8527   141.5080
   510.0000     0.0001    12.5846   185.3700   -40.5036    69.6525   202.1770    30.4318
   510.0000     0.0001    22.0343    75.9701    16.0814   -44.4745   223.2230  -194.3010
   510.0000     0.0001    26.1367   187.1900   -37.4406   113.4170   215.5960    22.4085
   510.0000     0.0001    43.5467   201.4110    40.6781    95.2111   -75.6432   126.5970
   510.0000     0.0001    -4.2069   206.1500   -42.3691    28.0887   211.0820    24.3864
   510.0000     0.0001    23.1836    61.0643    20.3824   -61.6435   182.7900  -201.6430
   510.0000     0.0001    56.9799   172.1520    36.2268    78.0518   -91.4166   189.6470
   510.0000     0.0001    50.2026     7.6713    71.5230   -73.8394    51.5821  -180.9710
   510.0000     0.0001    12.8233    41.4135    17.2461    20.0386   132.1140  -205.5890
   510.0000     0.0001   275.8550   197.9580   132.1380    83.2623  -165.3250    40.6389
   510.0000     0.0001    26.1842   198.0620    13.6748    99.3117   -48.5286   106.7840
   510.0000     0.0001    10.8230   100.2410   -10.1671    40.0540   229.1830  -148.3120
   510.0000     0.0001    51.4467   168.6660     2.7445   154.2630    21.3288   142.5260
   510.0000     0.0001   231.8820    44.7423   321.4500    31.2707  -111.6460    39.2951
   510.0000     0.0001     0.8346   220.7650   -28.5047     6.3772   212.0790    55.1274
   510.0000     0.0001    53.9842   178.3290    29.6770    78.2039   -65.1930   174.0600
   510.0000     0.0001    18.7877   177.3860    10.0892   149.7070   -89.8727   177.3470
   510.0000     0.0001    67.3213   188.3320    38.2556   116.6120   -95.8597   133.7270
   510.0000     0.0001    28.8656   126.8110   -30.8025   -43.4451   230.5040   -50.2914
   510.0000     0.0001    49.2975   180.9260    -5.5141    77.8313    40.8340    81.8218
   510.0000     0.0001    50.3030   177.5400    30.0034    78.9396   -61.9788   172.7800
   510.0000     0.0001    29.8200    90.2214    11.7760    -1.8820   246.2870  -224.2870
   510.0000     0.0001    29.1865   169.9800     1.5256   112.7280     3.7592    99.1600
   510.0000     0.0001    47.5720   178.4080     3.8115    80.6310    15.5598   108.5230
   510.0000     0.0001    11.6101    98.3271    -5.8251   -24.2408   234.8810  -132.7840
   510.0000     0.0001    42.8943   179.2170    24.9684   147.5170   -43.6952   147.8110
   510.0000     0.0001    13.2083   201.1700   -31.6745    90.9414   170.1030    65.1738
   510.0000     0.0001    11.3031   151.2000   -48.7080    68.9451   206.5070   -79.9332
   510.0000     0.0001   230.7010   298.6800   125.0130   147.2720  -129.9330    49.2279
   510.0000     0.0001    57.1499    17.4851    74.5588   -64.2110    50.3737  -202.2770
   510.0000     0.0001    12.5997   206.0070   -13.2928    84.4418   154.3280    91.9104
   510.0000     0.0001   254.3140    48.5568   249.1530    11.5114  -100.9580    13.2125
   510.0000     0.0001    -1.5638   192.3860   -91.9774    24.1575   193.4220   -90.4750
   510.0000     0.0001    60.5578   113.8020    46.7515   432.7930   252.5260   375.8510
   510.0000     0.0001    52.1323    19.7956    58.8824  -103.5710    82.4576  -175.1860
   510.0000     0.0001    27.8540   125.6700   -10.0478    67.5087   268.6300  -109.7100
   510.0000     0.0001    -6.9990   186.7510   -56.9957    24.0646   183.0270     0.4940
   510.0000     0.0001     9.4604   192.9770    42.0454   135.9760   -78.0023   123.4720
   510.0000     0.0001    11.7776   194.7190   -28.1150    31.4449   186.6190   100.2210
   510.0000     0.0001    26.6199   193.9940   -36.7585    70.2985   120.5600    74.0453
   510.0000     0.0001    47.4512   129.8780    39.6464   233.3820  -270.1890   316.2660
   510.0000     0.0001    23.9473   211.6240    -4.1185    81.5847   161.0680    60.1584
   510.0000     0.0001    43.0792   171.3100    17.9370    71.3003    22.5128   172.7910
   510.0000     0.0001    54.8050   166.8600    24.2058    75.5986   -38.5082   198.0010
   510.0000     0.0001   -35.7561    59.0690   -86.0972    64.0260   -10.0996   106.5990
   510.0000     0.0001    37.0202   222.8540   -44.8127    67.9851   198.2030    18.9731
   510.0000     0.0001    32.5787   208.0860   -82.0717    59.6078   217.3450   -70.6281
   510.0000     0.0001    53.8076   169.2900    26.1875    68.9998   -56.2019   198.4340
   510.0000     0.0001    55.0912   149.1750    36.3315   160.9500   -88.1355   242.6110
   510.0000     0.0001     2.9658   193.9350   -31.6540    28.9962   130.4270    66.8442
   510.0000     0.0001   210.4500    77.8819    60.8055    17.4826    36.3507    72.7108
   510.0000     0.0001    17.9898   194.5390   -32.7169    20.7438   144.9820    89.5459
   510.0000     0.0001    97.9960    19.0317   148.1050   -66.2015   -39.6347  -138.0190
   510.0000     0.0001    -5.2872   187.4950   -43.9734    24.4267   174.4920    36.4981
   510.0000     0.0001     1.6864   204.9840   -92.7940     9.7119   197.2410   -87.0415
   510.0000     0.0001    35.4692   220.2930   -35.6796    69.7149   188.7930    25.5595
   510.0000     0.0001    49.1425    28.6698    63.2361  -117.5630    76.5011  -188.9030
   510.0000     0.0001     7.6505   185.1490   -51.3187    48.6956   214.2280    -0.2029
   510.0000     0.0001    30.7726   164.6960   -37.9356    84.4641   219.9790   -57.5250
   510.0000     0.0001    13.5017   198.0230   -31.9020    53.5119   177.9750    87.2058
   510.0000     0.0001    14.4433   197.8520   -47.2385    71.1097   220.5910    17.0342
   510.0000     0.0001     3.0836   188.5320   -53.6700    38.6888   214.4370   -17.8538
   510.0000     0.0001    10.5240   220.6470   -22.9296    17.1278   198.8520    73.7663
   510.0000     0.0001     9.2917   166.4130    -3.9825   154.2690   -61.2344   188.5740
   510.0000     0.0001    30.3125   186.2370    11.4676    71.3248   -20.0856   133.8400
   510.0000     0.0001    37.1857    11.6203    60.5540   -85.9929    68.9245  -174.2820
   510.0000     0.0001    -8.7411   185.7350   -58.2509    43.0720   191.9550   -27.1238
   510.0000     0.0001    57.0794   148.5470    21.8330  -118.6890   -63.5732  -263.8750
   510.0000     0.0001   175.8760   -23.7655   206.0930   -29.9797   -99.3569   -35.8587
   510.0000     0.0001    25.2086   169.7030     1.6788    58.0373    29.0154   102.4320
   510.0000     0.0001    13.9721   194.0150   -51.4266    24.8050   214.2250    17.0722
   510.0000     0.0001    67.3226   179.6570    26.0724    80.3423   -53.9212   161.4870
   510.0000     0.0001     5.4596   210.8220   -86.1339    21.0636   203.5100   -72.2077
   510.0000     0.0001   149.9620    55.3074    72.7908   -28.0277    49.0017    48.4166
   510.0000     0.0001    61.8651   171.6980    37.8099   103.8580  -131.8860   161.5130
   510.0000     0.0001   173.4490    75.3860   101.9030   -13.5464    69.3246    56.5038
   510.0000     0.0001    56.0625   175.0000    24.9511   115.9890     7.9341   161.0120
   510.0000     0.0001   107.3740    98.4321   115.7640   -22.1965   134.0890   -87.0051
   510.0000     0.0001     0.7600   129.7410   -16.0461    -5.4585   233.9130   -49.3176
   510.0000     0.0001     2.0520    47.6384    16.0061   -16.4735   136.7600  -194.3230
   510.0000     0.0001    35.9734   209.0500   -42.6326    63.4345   231.8190    18.2435
   510.0000     0.0001    33.3388   218.4380   -24.5671    85.2368   177.1270    78.0302
   510.0000     0.0001   -14.3431   171.8630   -85.8410    -3.7108   186.4100  -110.1250
   510.0000     0.0001    31.7523   166.3490   -49.2850    63.1550    55.3730    73.3238
   510.0000     0.0001   227.7740    10.1404   225.6560    -8.4217  -122.4370     3.3491
   510.0000     0.0001    26.6717    96.6447    13.8189   -16.9682   251.8660   -42.7280
   510.0000     0.0001    -3.7790   191.6570   -36.0282    23.6696   170.7860    48.0316
   510.0000     0.0001    87.5090   166.3770    46.3342    96.4091  -106.4440   178.4340
   510.0000     0.0001     3.5562   164.7540   -56.8952    34.0088   208.7130   -46.5031
   510.0000     0.0001   -15.0605   194.0250   -66.3124    -5.5845   176.9690   -28.6647
   510.0000     0.0001    18.8048   206.7680   -36.3262    78.3189   139.6730    49.0162
   510.0000     0.0001    -6.1300   161.1850   -61.5734    13.9268   198.1190   -62.8178
   510.0000     0.0001    61.4552   165.1270    45.9392    80.7818  -128.5420   203.4200
   510.0000     0.0001     7.3683    75.9384    -7.8371   -13.9219   193.2920  -164.8820
   510.0000     0.0001   113.2890    92.7800   115.0110   -44.4361   129.6840   -35.4837
   510.0000     0.0001    15.4374   138.9000   -43.3331    85.8308   201.2260  -100.7070
   510.0000     0.0001   -70.6204   107.4140    49.0954   -64.5255    -0.8298    19.6916
   510.0000     0.0001    38.2293   166.5220     6.0984    98.4125   -39.1168   139.5960
   510.0000     0.0001    43.5633   173.4620     2.4153   128.1140    84.7459   115.1280
   510.0000     0.0001   194.3210    -5.0982   243.7960    -8.3742  -104.6540   -15.6625
   510.0000     0.0001    53.3997   121.8120    53.1486   449.3440  -300.4810   138.9050
   510.0000     0.0001    73.3637   164.3980    27.0940   120.8710   122.9020   164.7840
   510.0000     0.0001   -19.1970   125.1350   -45.9270   -65.5228   179.5930   -39.0425
   510.0000     0.0001     2.2734   134.4070    28.5623   262.7460   -73.9587   177.2840
   510.0000     0.0001    49.3861   163.3700    24.2445   165.3160   -62.4524   176.7170
   510.0000     0.0001    55.8730   169.8990    28.1067    84.2622   -56.9342   190.5360
   510.0000     0.0001    -6.7951   195.0850   -50.6889    26.2777   188.9950     8.3293
   510.0000     0.0001   173.8500   -40.5296   231.2600   -13.6673  -104.5220   -21.1429
   510.0000     0.0001    48.8988   163.7800    34.3533    95.2051   -71.6606   205.3500
   510.0000     0.0001   -20.7873   185.8580   -48.9962    -6.9037   193.8860     1.3546
   510.0000     0.0001    39.9084   183.5960     6.4665    73.5820   -12.3566   116.6600
   510.0000     0.0001   -14.0497   139.6200   -70.1501   -49.5183   170.1900   -70.5197
   510.0000     0.0001    64.5626   153.1250    72.1167   111.2260  -194.2050   143.5220
   510.0000     0.0001     0.4568   205.4230   -24.9811    38.6926   149.5050    62.6065
   510.0000     0.0001    22.2845   182.9470    34.2028   152.4280  -123.2720   156.0040
   510.0000     0.0001    45.8446   186.8740    50.2756   106.7980  -113.9770   114.5630
   510.0000     0.0001    52.7020   148.5420    43.7301   219.2180  -105.8040   212.6710
   510.0000     0.0001    63.8169    27.0629    60.8288   -86.8157    34.2291  -104.7940
   510.0000     0.0001    29.5116   160.8910   -36.7168    83.2408   227.2560   -51.5633
   510.0000     0.0001     9.1430   141.8700   -35.7123   -67.3259   211.4570   -12.3990
   510.0000     0.0001    29.3594    85.0747     5.8212    -7.9167   257.5500  -178.0100
   510.0000     0.0001    -1.5649   178.2630   -53.6729    20.3265   181.0420    16.6918
   510.0000     0.0001     0.9064   194.9730   -41.0574    33.7690   154.9450    48.3602
   510.0000     0.0001    32.9859   185.4650     6.6631    77.2832    87.0714   108.1400
   510.0000     0.0001    68.1435   192.9510    33.6538    49.5000   -44.0083   154.3460
   510.0000     0.0001   101.3070    43.1708    68.7485  -139.7860   -69.0206   -88.9022
   510.0000     0.0001   -19.0536   194.4800   -79.5813   -37.5411   204.9270   -60.8761
   510.0000     0.0001     4.3783    48.5306     6.2404   -20.2284   136.5580  -193.4840
   510.0000     0.0001    31.2447   132.6550   -25.2404    35.1290   208.6610  -125.7060
   510.0000     0.0001    23.9026    71.7476    17.6871   -48.4775   220.6720  -192.4000
   510.0000     0.0001    43.7868   -32.5288   126.5440   -55.5937   -45.0193  -131.0470
   510.0000     0.0001     0.9064   194.9730   -41.0574    33.7690   154.9450    48.3602
   510.0000     0.0001    16.7297   163.5750    23.0375   198.8230  -124.6120   187.4470
   510.0000     0.0001    -1.1568   194.4200   -48.7433    46.5653   197.8200     7.1766
   510.0000     0.0001   -17.2393   185.1050   -72.1290   -38.7551   203.5390   -50.8494
   510.0000     0.0001     8.6421   198.3450   -40.9654    63.5963   193.9500    40.9639
   510.0000     0.0001    32.9947    89.6250    -6.6390    -3.8848   221.4330  -188.0040
   510.0000     0.0001    -2.3632   209.1720   -40.6098    36.3321   194.0910    23.7533
   510.0000     0.0001   283.8070   224.4090   132.1010    89.5202  -151.5810    42.2077
   510.0000     0.0001     6.5783   189.4400   -39.8138    42.8526   161.1360    65.4173
   510.0000     0.0001   186.3010    19.1933   220.2150   -27.6310  -126.4710   -15.8311
   510.0000     0.0001    63.2282   158.9150    67.0030   133.7530  -168.5890   117.5530
   510.0000     0.0001    44.3948   191.6980     3.3793    95.5594    95.5821   105.8210
   510.0000     0.0001    16.9028   215.4030   -38.2271    22.1058   240.6550    39.8000
   510.0000     0.0001   182.9630    21.4601    75.5724    26.1514    -3.0693    49.8038
   510.0000     0.0001    23.4620   195.4130   -39.5095    39.6840   123.8240    53.8064
   510.0000     0.0001    18.3994   124.0650   -16.9382    76.2876   244.6890  -109.5900
   510.0000     0.0001   329.2140   176.8620   155.6770    74.8915  -133.7220    34.5772
   510.0000     0.0001   254.3140    48.5568   249.1530    11.5114  -100.9580    13.2125
   510.0000     0.0001   -16.3710   208.8580   -51.2820     2.2925   201.7990    -5.8856
   510.0000     0.0001    10.5368   190.1750   -34.8830    67.1449   233.2660    -9.6216
   510.0000     0.0001     8.6156   194.4400   -33.3251    76.6196   172.2050    65.9080
   510.0000     0.0001    26.4341   131.0350    21.8587   289.6240   -94.2314   267.9780
   510.0000     0.0001   165.5540   -12.5435   240.0490    -4.3639  -102.4510   -35.6699
   510.0000     0.0001    17.8179   201.4800   -37.8946   104.2900   206.8310    35.0691
   510.0000     0.0001    28.1988   207.6120   -31.4319    75.4464   223.3230    75.2987
   510.0000     0.0001     9.9439   196.9140    -7.9455    79.0338   -42.2927   125.0330
   510.0000     0.0001     4.8814   164.0680    -3.5016   157.8580   -57.1701   185.5920
   510.0000     0.0001     2.7898   191.5560   -33.9745    54.2250   184.2470    43.9652
   510.0000     0.0001    50.0310   187.4700    32.2986    98.1751   -73.1587   132.8290
   510.0000     0.0001    -5.6048   178.2230   -60.2914    14.6368   199.3420   -23.0471
   510.0000     0.0001   130.6910   -14.3727   184.1600   -57.4244   -78.7948   -69.8031
   510.0000     0.0001    68.5023     6.6040    99.1114   -97.7649    11.0887  -156.1600
   510.0000     0.0001   -26.5101   133.6720   -75.9816    -9.8977   160.5680   -74.5156
   510.0000     0.0001   108.0920    -4.6795   130.5890   -88.3451   -42.1182  -113.6490
   510.0000     0.0001   -25.9718   106.4730   -45.7055   112.3290   -14.4985   163.9060
   510.0000     0.0001    26.6295   130.4020   -24.7021   -64.6800   218.1920   -68.4489
   510.0000     0.0001   -17.7486   174.6020   -32.7237    44.0857     5.2752    97.2201
   510.0000     0.0001    29.2125   178.2910    24.3659   122.1590   -27.7727   154.0900
   510.0000     0.0001    37.1351   181.6290     4.8990    81.3942    57.9049    95.5272
   510.0000     0.0001    13.1365   193.7680   -31.5186    32.9508   138.5510    88.7339
   510.0000     0.0001   193.3030   -13.9180   199.2830   -26.6589  -117.3960   -22.2711
   510.0000     0.0001    -7.3761   187.0870   -37.4087    11.8861   187.8050    47.4077
   510.0000     0.0001     4.0658   158.9650   -52.9644   -25.5120   190.0020   -35.9568
   510.0000     0.0001    12.7528   210.1400   -56.6358     1.1308   217.8020    -4.3174
   510.0000     0.0001    91.7015    46.7033    65.9454  -163.8690   -71.9520   -82.7344
   510.0000     0.0001    41.3172    44.1576    33.1145  -134.6240   128.7890  -187.3080
   510.0000     0.0001   165.7980   -14.2325   192.6140   -40.6084   -94.3050   -52.2315
   510.0000     0.0001    -0.1522   186.3600   -48.2490    42.7053   190.5920    20.5762
   510.0000     0.0001    43.6438   199.1200    43.7729    92.3084   -86.8948   117.2220
   510.0000     0.0001     4.4154   202.4270   -19.8637    55.8113   174.6730    86.0116
   510.0000     0.0001    32.3586   149.6490    48.2794   274.5240  -199.7990   142.0840
   510.0000     0.0001   147.8820    76.7037   108.6780   -27.2035    89.1471    27.6192
   510.0000     0.0001   161.2770    95.5018   120.9400   -42.2855    70.9278    12.3932
   510.0000     0.0001   138.5190    74.8510   115.8290   -32.6397    83.8119     5.7916
   510.0000     0.0001     1.3560   160.4980   -69.0149    53.9674   185.2870  -100.4210
   510.0000     0.0001    -3.4793   124.1870    16.6733   238.0370   -41.7965   193.7420
   510.0000     0.0001    49.4968   187.7560   -27.2030    53.3519   115.6250    68.4563
   510.0000     0.0001   210.2510    -2.6948   201.5810   -25.9817  -120.0500   -14.2529
   510.0000     0.0001    12.7170   214.8860   -45.6848     1.0323   210.6870    22.2247
   510.0000     0.0001    20.8830   193.9260   -46.1090    52.7482   230.6540    21.2896
   510.0000     0.0001    13.1750   121.4630   -16.6599   -48.1597   246.9530   -58.8743
   510.0000     0.0001    15.8510   133.6360   -19.9990    59.7645   244.0420   -86.4038
   510.0000     0.0001    50.9114    27.8734    68.0595   -68.2630    64.1590  -220.4510
   510.0000     0.0001     3.8703   157.2670     6.5359   107.6540    82.6723   130.6680
   510.0000     0.0001    53.3997   121.8120    53.1486   449.3440  -300.4810   138.9050
   510.0000     0.0001    35.8418   171.5690     2.9835    38.4901    16.6016   129.1330
   510.0000     0.0001    11.6098   202.8820   -19.5025    86.8237   181.3550    79.1180
   510.0000     0.0001   144.1210    57.9532    50.0679   -47.0513    48.2811    52.0751
   510.0000     0.0001   -62.6226   112.6750   -26.9459   124.6060    -8.2338   114.6470
   510.0000     0.0001    63.8180   107.6340   -90.3343    23.0413   -15.5829    27.7504
   510.0000     0.0001    63.0206   148.7150    45.2407   121.4370  -153.4080   252.6010
   510.0000     0.0001     2.7898   191.5560   -33.9745    54.2250   184.2470    43.9652
   510.0000     0.0001    11.5954   198.4330   -26.3680    67.5109   169.4640    94.1888
   510.0000     0.0001    -4.2202   211.1940   -56.2647   -17.7804   192.3910     1.9442
   510.0000     0.0001    56.3879   161.2780    44.5145    99.2069  -109.2660   210.7150
   510.0000     0.0001    83.0305     7.7228    96.4986  -105.0880    -7.6611  -156.7210
   510.0000     0.0001     7.0545   194.7730   -49.6517    23.6786   224.5840    12.9305
   510.0000     0.0001   -16.3253   186.4660   -59.8354     7.2286   200.3970   -27.8959
   510.0000     0.0001    16.7297   163.5750    23.0375   198.8230  -124.6120   187.4470
   510.0000     0.0001    29.7499   171.9760   -35.9174    40.1585   238.5560    -8.5851
   510.0000     0.0001    59.8536   165.8470    34.4704   103.5620  -113.1940   179.5440
   510.0000     0.0001     9.4861   217.0160   -41.5066    49.2620   235.7180    16.4548
   510.0000     0.0001   126.9860    81.0105   116.5650   -36.3299   107.7940    -5.2896
   510.0000     0.0001     7.9308    -9.3630    89.9093    52.1570     1.8832    10.8843
   510.0000     0.0001   -31.8445    93.0648   -14.6613   166.2670    -5.2972   155.5070
   510.0000     0.0001    36.3145   176.1440     9.6610    57.8489    61.8507   138.3270
   510.0000     0.0001    29.6890   190.4820   -39.4434    42.2147   233.9850    26.5541
   510.0000     0.0001    69.3877   167.8890    28.1478    81.4127   -65.5506   201.4540
   510.0000     0.0001     9.4604   192.9770    42.0454   135.9760   -78.0023   123.4720
   510.0000     0.0001     4.9097   200.3560   -51.4843     3.6342   164.8240    21.7290
   510.0000     0.0001     4.7357   187.8440   -48.0042    16.3364   170.6230    44.0058
   510.0000     0.0001    -2.5518   210.3440   -43.8550    33.0998   202.3090    17.1156
   510.0000     0.0001    66.4521   183.2500    30.3366    67.9308   -46.4702   155.6540
   510.0000     0.0001   118.8980    -5.5694   178.8720   -49.6999   -72.5215   -91.3521
