#         t          m          x          y          z         vx         vy         vz
   320.0000     0.0001  -161.9010   141.5030   -55.1051  -122.2940   199.8360    34.0178
   320.0000     0.0001   -79.2032   165.4020   -58.5811    92.2181   120.5220    23.5105
   320.0000     0.0001   -72.7075   163.6580   -60.3687   118.1720   103.4020     7.2694
   320.0000     0.0001   -87.0827   158.5680   -59.9895    63.3942   103.6900     7.9177
   320.0000     0.0001   -75.1004   168.1010   -61.7793   101.8930    98.5296    14.7208
   320.0000     0.0001  -150.5540   152.2800   -57.6887   -39.6801   165.2700    60.4912
   320.0000     0.0001   -84.6448   162.0520   -60.3594    69.6535   123.6430    25.7894
   320.0000     0.0001   -61.1031   173.3750   -51.9153   149.1920    50.0604    57.3531
   320.0000     0.0001   -83.8916   157.5580   -64.5165    74.2555   107.1260    37.5055
   320.0000     0.0001   -77.1477   159.7040   -58.6357   118.0150   112.2730   -11.0578
   320.0000     0.0001  -146.3760   160.9190   -56.0844   -22.0127   197.7080    41.2275
   320.0000     0.0001   -89.4614   155.6260   -61.1976    59.2332   122.4600     8.5701
   320.0000     0.0001  -137.7010   152.7980   -56.1841   -39.0731   240.2000    43.8026
   320.0000     0.0001   -76.5193   160.3430   -55.8930   117.5980   100.9630     0.2471
   320.0000     0.0001   -65.0379   163.3660   -56.9161   144.8200   103.8620     3.1571
   320.0000     0.0001   -79.2078   154.4330   -56.0225   101.8060   120.8860    25.8069
   320.0000     0.0001   -82.4608   159.3460   -55.7017    93.3722   135.5060    24.8676
   320.0000     0.0001   -85.7656   167.1690   -53.0653    59.3219   127.2160    14.2217
   320.0000     0.0001  -146.4330   168.2690   -55.8247   -53.2250   240.3360    47.1013
   320.0000     0.0001  -137.0020   155.7450   -47.1642    23.9299   181.1060    51.2950
   320.0000     0.0001  -133.8980   156.7400   -44.2359    24.5469   179.8370    76.1453
   320.0000     0.0001   -88.6058   155.1810   -58.7668    57.7401   106.7300    31.8490
   320.0000     0.0001   -82.8236   160.8070   -59.2532    89.9149   109.6530     1.2050
   320.0000     0.0001  -148.4520   164.0060   -47.5196   -44.7645   225.9100    52.9362
   320.0000     0.0001  -136.7360   157.7050   -54.4206    27.3320   167.2160    41.3059
   320.0000     0.0001   -80.7813   156.8380   -56.1284   101.3300    61.7425    22.1882
   320.0000     0.0001  -161.5630   147.4850   -64.0207  -110.9190   197.5590    24.2918
   320.0000     0.0001   -78.8341   157.7560   -58.1746   114.1340   107.7240    -0.9664
   320.0000     0.0001  -138.2620   156.6870   -45.6923     7.2400   198.2300    54.2756
   320.0000     0.0001  -165.2980   146.5610   -65.7709  -108.7140   184.9030    20.9478
   320.0000     0.0001   -89.5067   154.0390   -59.5030    57.6897    75.9301    40.4929
   320.0000     0.0001   -48.7618   155.6350   -51.5819   201.3890    21.5044    51.0578
   320.0000     0.0001   -88.1792   162.2350   -58.5821    54.7716    95.4911    22.6614
   320.0000     0.0001  -157.0250   153.4550   -55.4515   -66.7266   181.5700    38.9235
   320.0000     0.0001  -148.0250   164.1330   -53.2150   -37.6127   197.8410    46.6850
   320.0000     0.0001   -82.8236   160.8070   -59.2532    89.9149   109.6530     1.2050
   320.0000     0.0001  -133.8220   162.6490   -43.5812    29.9833   198.0740    47.9310
   320.0000     0.0001  -138.6800   164.9490   -51.6604    14.3853   181.6720    42.4969
   320.0000     0.0001  -154.3410   157.9490   -58.4978   -52.4868   197.1480    39.7656
   320.0000     0.0001   -83.7446   161.3180   -61.0548    72.4167   111.3390    28.7936
   320.0000     0.0001  -132.5150   155.4080   -44.8386    22.3388   187.3610    39.7949
   320.0000     0.0001   -53.4098   165.0510   -53.2314   168.4930    72.6302    31.1032
   320.0000     0.0001   -55.0744   161.9050   -53.9125   175.3420    56.0947    27.3390
   320.0000     0.0001  -136.5300   155.8600   -47.1629    -0.6618   190.7390    74.0514
   320.0000     0.0001  -138.3460   152.8780   -47.3569     4.6710   179.4050    49.1637
   320.0000     0.0001  -139.9240   172.9250   -45.9275   -10.2781   219.3110    49.0565
   320.0000     0.0001   -46.8294   183.8710   -42.4876   164.9120    55.4308    68.0698
   320.0000     0.0001  -169.9290   152.9250   -54.2664  -122.3930   208.7470    -1.8860
   320.0000     0.0001   -77.6010   165.8270   -56.1407    90.9136   111.4510    30.8714
   320.0000     0.0001  -160.3070   149.3790   -60.9882   -95.1994   201.1520    34.0920
   320.0000     0.0001  -137.2420   157.5610   -45.0852    15.9987   182.6000    42.4291
   320.0000     0.0001   -69.4597   170.1490   -54.3790   120.6980   129.2770     3.8455
   320.0000     0.0001   -80.5177   164.4040   -52.4051    97.4730   109.6300    44.9567
   320.0000     0.0001   -87.1476   159.3360   -60.5055    60.8272   110.6860    13.7525
   320.0000     0.0001  -163.9660   152.2650   -63.3091   -96.3165   196.0670    20.6642
   320.0000     0.0001   -76.5193   160.3430   -55.8930   117.5980   100.9630     0.2471
   320.0000     0.0001  -131.1890   165.7320   -41.4316    44.5913   193.7470    36.1595
   320.0000     0.0001   -83.6953   167.0590   -53.2788    68.6289   123.4150    13.4159
   320.0000     0.0001  -158.7020   155.3620   -63.4750   -81.2085   197.7660    29.7479
   320.0000     0.0001   -51.5103   162.2840   -52.3026   202.2240    33.5295     0.3366
   320.0000     0.0001  -140.3640   149.7810   -48.9231   -12.5727   198.5780    63.9798
   320.0000     0.0001  -135.5050   164.4310   -47.2812     6.0324   238.0360    64.1775
   320.0000     0.0001   -75.1004   168.1010   -61.7793   101.8930    98.5296    14.7208
   320.0000     0.0001   -82.8236   160.8070   -59.2532    89.9149   109.6530     1.2050
   320.0000     0.0001  -155.2450   158.5760   -64.3299   -95.6337   202.1470    46.9126
   320.0000     0.0001  -149.1420   169.0280   -46.5680   -44.8644   226.2290    45.3896
   320.0000     0.0001   -81.9245   161.4760   -57.1834    75.5853   118.8510    33.4518
   320.0000     0.0001   -79.9638   165.1420   -54.6367    85.3784   124.7350    36.2543
   320.0000     0.0001  -136.2970   158.3840   -45.5030    25.1935   191.8170    44.6157
   320.0000     0.0001   -89.5067   154.0390   -59.5030    57.6897    75.9301    40.4929
   320.0000     0.0001  -140.3540   152.4760   -50.2266   -16.5678   199.8560    54.2785
   320.0000     0.0001  -148.0250   164.1330   -53.2150   -37.6127   197.8410    46.6850
   320.0000     0.0001   -46.9393   160.5470   -52.6933   216.4060    23.0843     3.4565
   320.0000     0.0001  -135.6000   152.5780   -51.3021   -31.8015   240.1440    -1.4150
   320.0000     0.0001   -83.5519   173.6110   -60.9969    60.4755   134.7000    -2.1289
   320.0000     0.0001  -134.1160   153.5430   -51.1374    26.5699   208.7470    47.1924
   320.0000     0.0001   -88.3486   159.6410   -62.3824    61.8702   106.9460   -15.9139
   320.0000     0.0001   -89.1915   166.8090   -60.6613    48.6131   110.7500     7.5662
   320.0000     0.0001  -135.6980   165.8040   -45.5100    32.2592   188.7340    47.8328
   320.0000     0.0001  -141.5710   155.2250   -59.7368     0.4729   176.3830    56.1371
   320.0000     0.0001  -138.9390   164.8140   -48.8342     0.6531   188.6780    54.1337
   320.0000     0.0001   -79.3322   167.4680   -59.2474    81.0291   127.2050     8.1706
   320.0000     0.0001   -71.2015   167.6050   -59.9736   118.0290   102.8310    -2.0367
   320.0000     0.0001   -71.1364   166.0150   -50.3401   125.6740   108.9230    27.2445
   320.0000     0.0001  -144.4550   169.5810   -48.5284   -15.9135   227.8480    41.1299
   320.0000     0.0001   -80.5182   166.9840   -55.0343    91.2742   127.8090    13.9733
   320.0000     0.0001  -131.1890   165.7320   -41.4316    44.5913   193.7470    36.1595
   320.0000     0.0001   -85.9031   164.2290   -64.5775    58.7731   118.5860     5.4066
   320.0000     0.0001   -90.1243   170.0450   -60.3268    53.3592    96.5290   -14.5330
   320.0000     0.0001   -75.3085   169.8610   -60.3307    96.8555   104.8120    17.7238
   320.0000     0.0001  -143.3170   169.7540   -44.6414   -23.7628   220.1260    52.3133
   320.0000     0.0001  -133.2750   168.4120   -57.4566    24.5864   208.0120     5.5223
   320.0000     0.0001   -83.7795   166.4600   -54.2115    75.9223    72.7544    28.2402
   320.0000     0.0001  -163.4710   145.4680   -62.5741   -97.2282   179.3120    30.4890
   320.0000     0.0001   -86.5930   164.5200   -64.6052    57.1908   104.7230    16.1493
   320.0000     0.0001  -141.4470   164.8550   -51.0845    -5.4579   217.7610    59.6239
   320.0000     0.0001  -137.0020   155.7450   -47.1642    23.9299   181.1060    51.2950
   320.0000     0.0001  -150.2810   162.3070   -54.5501   -40.4164   200.9260    38.2105
   320.0000     0.0001   -90.5215   158.6280   -66.8661    52.1667   106.4390    -4.9136
   320.0000     0.0001  -131.5000   167.4680   -41.7233    35.5263   181.8690    44.4272
   320.0000     0.0001  -139.8420   148.5570   -51.7184   -14.8581   201.2840    50.1645
   320.0000     0.0001   -76.9688   163.9990   -57.2322   112.0060   104.1970    -2.8199
   320.0000     0.0001   -80.7284   163.2790   -56.0886   110.4130    87.5509   -17.2385
   320.0000     0.0001  -136.5440   154.1680   -49.8063     1.0610   211.0430    75.9477
   320.0000     0.0001  -140.9380   154.8000   -53.8288   -36.8946   220.7940    69.6057
   320.0000     0.0001   -80.2677   154.2150   -55.8679   116.1350    70.9217     5.2384
   320.0000     0.0001   -83.1785   160.8430   -58.4569    78.4798   109.0480    17.7322
   320.0000     0.0001   -35.8088   171.9470   -47.3363   183.0840    43.1754    21.7778
   320.0000     0.0001   -85.2543   163.7620   -54.9154    60.9521   116.0010    20.7020
   320.0000     0.0001   -81.7197   164.0520   -58.7197    75.9437   120.9730    31.3299
   320.0000     0.0001   -85.0026   156.5890   -56.9627    78.2236    64.6677    48.2323
   320.0000     0.0001   -89.5740   152.9130   -57.4646    50.0003   108.4730    69.6398
   320.0000     0.0001   -90.0790   156.2440   -64.6845    50.1536   102.9050    45.1276
   320.0000     0.0001   -83.8995   165.4490   -55.2406    89.0025   113.1620    -0.8656
   320.0000     0.0001  -157.0250   153.4550   -55.4515   -66.7266   181.5700    38.9235
   320.0000     0.0001  -136.4950   154.8540   -47.8611    18.8954   188.8400    40.5171
   320.0000     0.0001   -52.6410   198.4850   -45.0127   144.7720   104.3810    33.0082
   320.0000     0.0001   -82.9994   161.9480   -59.1609    81.9698    95.8656     6.3589
   320.0000     0.0001  -162.0620   148.1330   -65.4523  -119.3700   198.2460    20.7526
