#         t          m          x          y          z         vx         vy         vz
   460.0000     0.0001    46.7582    65.2064    52.8668  -130.3790   -69.2263  -163.4030
   460.0000     0.0001   202.3210   102.8240   202.4850    52.6040  -155.2080    74.2674
   460.0000     0.0001    56.9591    66.6249    74.5693  -150.2840   -86.6561  -205.6840
   460.0000     0.0001    93.2691    67.0478   125.0760   -80.4566  -119.9320   -81.5377
   460.0000     0.0001    29.3708    92.0420    54.5125   -63.4796    11.8997  -233.4560
   460.0000     0.0001    47.7271    72.8610    92.2338  -148.7600   -92.2819  -173.5780
   460.0000     0.0001    24.4447   122.4560    -0.2130  -174.2360   -34.7566  -330.0470
   460.0000     0.0001   169.4840    66.2754   225.5640    29.4384  -141.1730    58.6090
   460.0000     0.0001    76.8544    81.5436    87.2755   -63.5887   -79.2165  -201.5520
   460.0000     0.0001    27.2619    99.4338    18.9422  -109.5540    86.1748  -298.5010
   460.0000     0.0001   -24.2800   154.8520   -60.2682   -38.1711    75.9591   -41.2306
   460.0000     0.0001   130.7000    63.3174   151.7370   -21.5671  -141.2640   -37.1166
   460.0000     0.0001    36.5159    91.4984    61.4304   -59.4729    25.2753  -206.3230
   460.0000     0.0001   -65.2034   158.9610   -30.5983   -66.4618    58.7068     5.8491
   460.0000     0.0001    40.8410    81.2489    74.2837   -58.6217   -51.7996  -231.2940
   460.0000     0.0001    29.9050    74.1606    61.3848   -49.1777   -15.1419  -190.2470
   460.0000     0.0001   105.6230    71.8843   164.4170   -34.4887  -114.8420   -41.8560
   460.0000     0.0001    77.6536    74.1965    84.2300  -118.4070   -93.6074  -170.1080
   460.0000     0.0001    31.5488    85.8002    45.6553  -122.9950    21.7691  -173.0650
   460.0000     0.0001    22.1127   110.3480    -0.5299  -107.0720   181.7560  -225.0890
   460.0000     0.0001    12.9912   148.1810    -2.3752   -92.0025   254.3230  -138.7460
   460.0000     0.0001    31.8137   148.6460    71.9909    36.5389   -52.5267    31.4685
   460.0000     0.0001   102.0320    74.9646    29.9146   212.7730   -54.9787   107.0280
   460.0000     0.0001    43.1428    99.5576    50.1368   -90.3686   -18.7434  -269.6290
   460.0000     0.0001    84.4780    77.5870    52.3803   186.9070   -95.3818   159.4810
   460.0000     0.0001    23.6317   115.9360     7.0231   -43.1669   215.2420  -271.7790
   460.0000     0.0001    48.3687   103.7540   -84.6785    59.3303   -78.0491  -193.5700
   460.0000     0.0001    32.0489    78.1761    40.6101   -93.1567    -0.0348  -237.5060
   460.0000     0.0001   -44.4640   133.8410  -105.5040     3.2555   -25.1283    -0.5711
   460.0000     0.0001    32.2249    86.2689    30.0027  -118.0590    29.8160  -213.8730
   460.0000     0.0001    38.6613    76.1623    43.0350  -124.5870    -7.7460  -213.9540
   460.0000     0.0001   -40.3569   142.6490   -81.7371   -30.8577    26.9633   -22.3551
   460.0000     0.0001    65.0986   120.6760   -62.9668   104.1040   -28.4542  -159.9270
   460.0000     0.0001    68.3079   380.1850    72.9654   197.9870   -24.8379    75.0966
   460.0000     0.0001    35.8451    66.5347    61.1307   -98.3117   -42.4073  -213.5210
   460.0000     0.0001    33.4659    92.3633    45.7644  -107.3710   -14.3703  -261.2100
   460.0000     0.0001    32.7218   106.9480   -34.9519     9.2362   -27.9867    23.4708
   460.0000     0.0001    95.3916    73.8679   111.9220   -56.1154  -113.7820  -131.5830
   460.0000     0.0001    52.9463    92.0145    59.1626   -74.6819   -46.6401  -259.0170
   460.0000     0.0001    33.8961    96.3976     7.8204  -101.8560    52.7424  -278.6890
   460.0000     0.0001    49.8030    64.9160    97.9019  -124.4230   -57.6363  -151.7940
   460.0000     0.0001   -55.6653    99.9298  -111.2280   -24.6893   -44.0734   -27.8459
   460.0000     0.0001    33.9593    96.5313    44.5600   -97.9113    34.9711  -271.6270
   460.0000     0.0001    38.9000    86.1677    70.0200   -42.7628   -47.9039  -241.7120
   460.0000     0.0001    84.1326    74.9258   145.6950   -71.3222  -117.1630   -70.8276
   460.0000     0.0001    30.8134    75.4179    61.4536   -38.5351    -8.8076  -208.8520
   460.0000     0.0001    39.5171    95.6799    57.9907  -127.5480     0.5337  -238.6410
   460.0000     0.0001    45.4820    52.1713   143.3920   -56.7113  -120.3600   -92.2553
   460.0000     0.0001    34.9520    92.9646    43.8295  -124.8160    -6.3313  -250.0540
   460.0000     0.0001    40.2861    91.0827    45.9166   -53.7749     2.3628  -210.1650
   460.0000     0.0001   228.3960    95.3325   175.0620    59.9863  -160.1240    74.3818
   460.0000     0.0001    35.2180    78.5808    43.4291  -131.2700   -22.8168  -227.5500
   460.0000     0.0001    45.2450   150.1290    25.8317   286.0410   183.5320   191.6460
   460.0000     0.0001   215.0800   294.1800   102.0440   158.5420  -104.2520    76.4590
   460.0000     0.0001    15.6412   100.4750    -0.4019   -21.4500   152.8940  -242.8200
   460.0000     0.0001     7.7562   132.6350   -41.6878    42.0693   162.8200  -142.0110
   460.0000     0.0001    38.7365    92.8236    57.0313  -120.2840   -75.9242  -276.1090
   460.0000     0.0001    36.0307    64.8514    84.2430   -96.9290   -97.3772  -226.4690
   460.0000     0.0001    34.6186    65.9778    59.2358   -62.1864   -43.7855  -207.9640
   460.0000     0.0001   -64.3488   158.1990   -49.8723   -45.1706    50.6742     7.9768
   460.0000     0.0001    49.3491   105.7980    88.2319  -111.7020  -139.9240  -192.2470
   460.0000     0.0001    40.0557   103.0780    41.3883   -57.4587    16.1068  -294.2400
   460.0000     0.0001   263.6530   161.9350   137.3200   117.4300  -144.6830    65.4180
   460.0000     0.0001   164.8880    82.9043   196.7440    17.6271  -142.9790    27.5040
   460.0000     0.0001    56.3736    81.2514    69.8694  -140.7390   -74.7738  -240.9300
   460.0000     0.0001    44.3184    66.5027    56.4689  -107.1900   -12.2353  -229.3930
   460.0000     0.0001    35.5243    88.5561    40.3853  -132.4810   -15.0315  -217.5010
   460.0000     0.0001    99.2922    57.3200    41.3431   169.3600   -77.0502   105.7110
   460.0000     0.0001    85.9101    78.1516    59.2930   182.1220   -96.2151   165.7990
   460.0000     0.0001    44.1556   101.2330    37.4648   -79.9725   -82.5237  -328.6590
   460.0000     0.0001   253.4900   140.0710   135.5400    95.6980  -155.8070    63.6729
   460.0000     0.0001    43.2774    80.9444    78.2404  -112.7250   -22.1366  -248.1810
   460.0000     0.0001    92.2128    65.2551   148.6450   -68.2421  -125.7570   -52.7401
   460.0000     0.0001    90.1509    66.6758    38.3617   162.9960   -66.4368   113.3110
   460.0000     0.0001    14.1720   125.7190   -24.9893    17.2625   200.7840  -174.2640
   460.0000     0.0001    26.9729    84.9966    38.8887  -131.5730    13.7009  -206.4030
   460.0000     0.0001     2.3634   127.8710   -27.5717  -109.9070   180.8970   -99.6542
   460.0000     0.0001   257.4600   132.7390   164.0910   106.2740  -149.1440    81.2932
   460.0000     0.0001    39.7882    59.5621    77.4979   -47.7713   -42.6535  -222.1940
   460.0000     0.0001   126.6880    52.0299   153.8790   -32.4335  -134.0270   -25.4683
   460.0000     0.0001    20.4839    89.1103    -2.0174  -104.3310   115.1120  -199.2010
   460.0000     0.0001   157.2190    70.0541   212.5460    25.0587  -145.2810    45.2252
   460.0000     0.0001    96.5220    66.0226   144.2540   -70.7061  -115.3900   -50.7460
   460.0000     0.0001    36.5077    94.9143    49.2856   -62.5270   -19.6127  -255.3020
   460.0000     0.0001   184.5220   121.5330   217.4960    44.5545  -118.9440    60.9311
   460.0000     0.0001    43.4557    84.3427    69.4144   -40.2508   -54.5449  -254.9750
   460.0000     0.0001   149.8470    53.1110   173.1940    -6.8670  -143.5680     7.8670
   460.0000     0.0001   213.8450   245.6390   101.0070   167.1690  -128.5810    58.5787
   460.0000     0.0001    28.9992    83.0734    47.5755   -96.4202   -23.7639  -210.5490
   460.0000     0.0001   138.9380   347.7230    81.3192   198.4540   -59.4510    60.4312
   460.0000     0.0001   129.8890    77.7933   199.9410    -0.0913  -129.1230     4.9909
   460.0000     0.0001    39.6305    68.1585    63.6140  -147.5050   -21.9859  -244.9140
   460.0000     0.0001    44.3042    51.0777    69.9685  -121.5780   -62.3565  -164.8470
   460.0000     0.0001    68.2875    61.7945   119.9170  -103.6710   -95.9236   -99.1395
   460.0000     0.0001    39.9128    94.4069    56.2765   -73.3475   -21.8620  -239.8640
   460.0000     0.0001   234.8080   154.9190   128.6370   117.9230  -157.6330    68.0297
   460.0000     0.0001   181.9980    84.2439   203.6850    26.0756  -152.4520    57.4380
   460.0000     0.0001    39.8302    96.0042    20.8825  -118.6300    79.4115  -247.0720
   460.0000     0.0001    65.3324    75.9037    65.4580   150.1810   -93.0834   209.6780
   460.0000     0.0001    72.7641    76.8848    92.0052   -75.1485  -123.3570  -188.1070
   460.0000     0.0001    27.6436    90.1944    45.4341   -94.4710    41.6591  -233.5890
   460.0000     0.0001    40.4304    81.3160    41.0347   -79.3816    -4.8807  -287.1520
   460.0000     0.0001    45.1604    70.4032    68.5169   -45.9020    -9.7073  -224.4670
   460.0000     0.0001   178.3320    86.5171   187.9420    17.5609  -152.2390    44.2098
   460.0000     0.0001   195.9310    99.9241   208.7530    47.7877  -156.7330    78.6061
   460.0000     0.0001    41.4357   103.8450    52.7756   -98.5398   -37.6459  -295.7450
   460.0000     0.0001   212.7900    91.2689   195.6650    60.1846  -152.7100    61.2372
   460.0000     0.0001    90.2769    86.6541    55.3492   155.2420   -44.3593   136.6350
   460.0000     0.0001    45.4704    66.5846    49.9863   -76.9217   -18.6201  -204.2240
   460.0000     0.0001    83.4112    62.5166   130.9190   -85.8725  -104.1300   -73.3924
   460.0000     0.0001    30.2019    87.4237    55.4490   -57.1387     6.6666  -249.1600
   460.0000     0.0001    23.0499    99.7640    28.3971   -84.2782   105.1340  -256.8190
   460.0000     0.0001   102.8100    85.1445    47.1984   174.2480   -45.1735   122.5260
   460.0000     0.0001    37.6547    67.5664    62.5485  -142.4110   -29.1780  -248.4880
   460.0000     0.0001    37.7691    81.5712    77.5304  -105.7860   -24.5446  -253.2420
   460.0000     0.0001    26.6704    83.8362    41.8542  -127.1710     0.6552  -267.8180
   460.0000     0.0001    37.6371    68.1109    53.1116  -130.2280    -1.3332  -228.8440
   460.0000     0.0001   163.3300    53.7241   209.0580    22.0582  -158.0200    50.2240
   460.0000     0.0001   202.5590    85.5829   143.7020    34.3488  -182.3860    49.4207
   460.0000     0.0001    46.4031    47.8924    65.0391    97.4393    -3.2910   144.0690
   460.0000     0.0001    45.1576    72.9728    72.3281   -55.0494   -42.5945  -252.1490
   460.0000     0.0001    41.1433    80.9208    88.0387  -117.4490   -43.6330  -215.6290
   460.0000     0.0001    45.8820    77.3809    83.2785   -53.0154   -77.8096  -232.0750
   460.0000     0.0001    21.9213    96.0038    29.3003  -100.8990    83.7103  -244.9290
   460.0000     0.0001   128.4070    95.7392   150.0220   -37.5702  -135.4130   -28.2360
   460.0000     0.0001    38.6699    98.2517    35.4136  -104.7230    97.8303  -232.2890
   460.0000     0.0001    37.8702    81.0243    78.6143  -110.7310   -80.7942  -256.6290
   460.0000     0.0001   -58.0538    97.8207  -104.9790   -36.0585   -40.0830   -34.6159
   460.0000     0.0001    58.7282    73.3062    60.9942  -143.7870   -88.3960  -254.9870
   460.0000     0.0001    52.5909    62.3987    73.8962   -81.5648  -113.7280  -243.7820
   460.0000     0.0001   151.0960    88.0897   169.8240    11.6955  -142.4040   -14.6780
   460.0000     0.0001    33.4376    83.0638    68.0139  -156.3080   -22.8715  -276.5060
   460.0000     0.0001    40.3107    68.6468    44.6845  -169.6180   -44.7672  -248.7750
   460.0000     0.0001    41.5730    62.4047    60.0459  -132.7660   -35.4554  -213.9500
   460.0000     0.0001    43.1004    77.6087    73.8806   -56.3492   -40.7431  -227.9950
   460.0000     0.0001    53.6879    72.8600    58.1682   -92.4413   -83.4870  -241.1410
   460.0000     0.0001    34.3419    99.0044    17.5592  -103.6590    95.7452  -279.3970
   460.0000     0.0001    30.0695    68.2196    58.1556  -107.0690    18.9840  -202.2230
   460.0000     0.0001    27.4738    90.5354    41.3797   -95.5380    45.5609  -243.5940
   460.0000     0.0001    51.6082    77.3419    66.9864   -59.8803   -54.9742  -226.4040
   460.0000     0.0001    37.0092    82.7323    69.8041   -45.5980   -30.6132  -214.4660
   460.0000     0.0001    -2.7368   144.6100   -22.6247   -16.2400   227.9350   -90.4684
   460.0000     0.0001    31.1777    76.8224    62.7681   -47.6726   -59.5777  -249.8760
   460.0000     0.0001    49.2631    67.7129    52.4498  -160.1270   -73.7274  -229.2560
   460.0000     0.0001   -57.6436   109.0780   -94.5879   -39.2776   -21.6904   -30.2887
   460.0000     0.0001    59.6611    40.1822    49.5356   118.3180   -37.7353   125.8780
   460.0000     0.0001    37.0965    65.3532    63.7331   -50.9224   -47.7543  -229.8990
   460.0000     0.0001    34.9176    73.4163    69.9859   -82.7246    -4.9043  -228.8560
   460.0000     0.0001   181.5140    71.8103   191.4700    23.9638  -163.6700    52.6831
   460.0000     0.0001    91.0331    54.7240    62.1945   156.8910   -30.7072   146.8230
   460.0000     0.0001    34.8494    89.2907    48.5522   -55.5153    -5.7894  -208.2020
   460.0000     0.0001    83.9642    69.5703    97.8783   -90.9093  -112.7470  -147.6960
   460.0000     0.0001    22.1838   124.6170    -0.7253  -119.7130   235.3180  -204.2580
   460.0000     0.0001    43.1875    60.7600    63.6341  -128.8200   -51.4137  -207.6670
   460.0000     0.0001    89.0305    75.7682    98.7617   -59.6263  -157.0850  -144.2080
   460.0000     0.0001   -53.6136   134.7740   -25.6641   -37.9013    -8.4170    24.2067
   460.0000     0.0001    78.0159    53.7898    70.0310   120.6870   -28.6409   138.6120
   460.0000     0.0001    16.8881   128.5740   -17.8511  -149.1110   107.8400  -221.9590
   460.0000     0.0001    28.9992    83.0734    47.5755   -96.4202   -23.7639  -210.5490
   460.0000     0.0001    36.4998    92.1691    61.4484   -61.9725     2.4425  -214.5130
   460.0000     0.0001    64.3328    82.4789    78.0961  -117.3330   -83.9186  -221.3310
   460.0000     0.0001   -42.2754   151.9840   -60.0685   -43.0349    48.8666   -13.2204
   460.0000     0.0001   -42.6352   141.5630   -84.1139   -20.2731    25.3929   -30.5135
   460.0000     0.0001   -11.1752   167.8430   -40.5800   -34.5115    70.4469    -2.0835
   460.0000     0.0001    28.8226    80.7498    61.8194   -42.6764   -11.6051  -209.5870
   460.0000     0.0001    49.0596    79.5930    40.4410  -131.4590   -39.4993  -187.1910
   460.0000     0.0001    39.5693    84.4210    74.2996  -111.9120   -14.9476  -265.6800
   460.0000     0.0001   226.0410   155.0050   138.0250    79.5317  -167.8940    65.2558
   460.0000     0.0001    43.3162    74.1225    34.7428   -70.7186   -25.5397  -225.1750
   460.0000     0.0001    56.4971    79.6076    74.1025  -149.0640   -69.5786  -230.1700
   460.0000     0.0001   257.0890   195.3290   132.4590   123.8900  -137.4850    65.4214
   460.0000     0.0001    37.0460   103.7200    39.4462  -114.5100    18.7472  -305.6760
   460.0000     0.0001   158.9890    58.2673   189.6200     7.0926  -143.6420    24.2853
   460.0000     0.0001    46.6837    67.7561    57.3202  -152.1270   -74.0607  -242.8070
   460.0000     0.0001    13.1441    76.8509    82.2224    40.5232    51.7938   123.3880
   460.0000     0.0001    24.1643    82.9301    24.5328  -130.0710    60.9188  -226.0890
   460.0000     0.0001   107.2340    82.1824   120.9980   -59.6929  -155.8470   -81.8494
   460.0000     0.0001    87.7584    61.9706   138.1110   -77.6081  -116.4950   -63.7033
   460.0000     0.0001    53.2968    69.8244    66.2744  -104.1870   -29.9754  -215.2430
   460.0000     0.0001    61.0297    75.8203    68.0121  -159.8940   -75.8709  -216.7390
   460.0000     0.0001    93.7220    69.4712   111.7970   -28.8582  -136.5460  -140.5830
   460.0000     0.0001    68.9410    77.1619    68.9062   142.1640   -72.0779   194.4240
   460.0000     0.0001    59.8193    83.3212    60.6461  -118.5850   -52.4426  -262.4250
   460.0000     0.0001    40.5282    93.4851    61.0432   -51.7670   -48.1007  -261.0940
   460.0000     0.0001    79.5072    58.9566    96.2050  -108.3270  -106.3870  -114.5450
   460.0000     0.0001   -42.5212   145.6170   -58.8386   -35.7718    11.3534    12.2250
   460.0000     0.0001    36.6287    76.0212    43.7052   -93.7069   -37.0623  -308.7390
   460.0000     0.0001   139.9400    70.0435   174.1430   -14.9973  -130.8020    -1.4945
   460.0000     0.0001   224.7780   119.1120   129.0850    55.7925  -173.2040    51.2036
   460.0000     0.0001    38.9983    88.0443    66.2563  -115.3890   -46.5455  -231.9500
   460.0000     0.0001     2.1353   151.8610   -41.1644   -67.6600   151.1740   -83.5097
   460.0000     0.0001    40.1235    93.3634    57.1544   -53.0677    19.9019  -216.1850
   460.0000     0.0001    81.8125    66.6227   120.6480   -91.8406   -92.9160   -93.3304
   460.0000     0.0001    16.0100   117.6490    -0.2974  -113.1700   220.9780  -194.2690
   460.0000     0.0001    43.6420    76.5217    73.0095   -83.5057   -37.9621  -212.2510
   460.0000     0.0001   114.5690    65.0761   129.2790   -38.2609  -121.4520   -79.9800
   460.0000     0.0001   125.8150    65.4091   184.5800   -14.3830  -128.2370    -5.5093
   460.0000     0.0001    33.0372    82.0526    68.6978   -72.4322   -35.9049  -224.2100
   460.0000     0.0001    84.6922    67.5116   139.3990   -55.4105   -96.0236   -86.1130
   460.0000     0.0001    36.4461    93.4386    47.9428  -141.7050     6.8106  -255.8320
   460.0000     0.0001   -12.1357   156.6260   -33.8237   -15.7785   190.7990   -54.1619
   460.0000     0.0001    55.2096    79.3776    58.5256  -129.1300   -56.4864  -262.8900
   460.0000     0.0001    28.3107    73.6111    50.1718   -56.3367   -30.9479  -226.5810
   460.0000     0.0001    29.5702    91.4652    46.2287   -52.7633    30.4920  -242.8330
   460.0000     0.0001    28.1032    78.3505    48.7707   -82.7198    40.6053  -194.5200
   460.0000     0.0001    51.8313    75.1159    44.1411   -75.1308   -12.6720  -202.0200
   460.0000     0.0001    30.7524    95.2875    16.1070  -119.3610    85.0924  -256.1180
   460.0000     0.0001    63.8024    70.7652   111.0990   -86.0267   -64.1478  -141.4690
   460.0000     0.0001    96.4711    62.8153   114.2700   -85.6760  -131.8790   -88.9306
   460.0000     0.0001    79.7217    71.2220    90.9734  -100.2570  -123.7940  -161.8390
   460.0000     0.0001    -2.2151   134.9580   -44.6159   -90.6756    89.9813  -155.4720
   460.0000     0.0001    52.0688    82.2016    79.8423  -114.1800   -58.5047  -206.4280
   460.0000     0.0001    97.9942    69.0575   155.8700   -59.5340  -142.6090   -42.1307
   460.0000     0.0001    61.7091    73.7403    51.3744   160.9220  -175.0480   189.3900
   460.0000     0.0001    70.1712    75.9634    76.6714   -89.0888  -134.2020  -205.0310
   460.0000     0.0001    42.4178    71.7792    45.2180  -141.2480   -20.3597  -212.4350
   460.0000     0.0001    -7.0109   131.5690   -30.8147   -76.1057   178.2180   -94.2609
   460.0000     0.0001    97.3903    43.1970   206.9870   -16.2494  -144.0080    20.3587
   460.0000     0.0001    16.8881   128.5740   -17.8511  -149.1110   107.8400  -221.9590
   460.0000     0.0001   -40.2523   170.0990   -61.2794   -16.0622    96.6566   -35.3444
   460.0000     0.0001    58.2244    74.7059    50.9129  -100.6340   -31.1275  -154.8700
   460.0000     0.0001   162.9490    88.1570   187.1770    12.1364  -149.2310    22.2660
   460.0000     0.0001    39.1792    80.4400    85.7746  -129.6000   -37.4202  -216.0580
   460.0000     0.0001   151.6260    65.3962   176.6170     6.8722  -137.0150    -1.4778
   460.0000     0.0001    21.3436    87.0403    42.5795   -91.1028    41.9032  -223.9340
   460.0000     0.0001    74.3604    50.2743    64.6291   128.1970   -51.0406   142.1740
   460.0000     0.0001    35.4328   103.8610    19.9745  -101.2590   119.1760  -263.9700
   460.0000     0.0001    29.3112    81.6466    52.0802  -113.8570   -41.6997  -264.0280
   460.0000     0.0001   135.5550    80.5431   187.3730   -13.4530  -152.3830    14.5542
   460.0000     0.0001   104.0660    67.0114   105.4820   -64.3611  -143.9520  -111.1810
   460.0000     0.0001    32.9748    70.4254    84.0170  -118.5920     0.3593  -171.7730
   460.0000     0.0001    29.4583    84.2847    52.3540   -97.2660    34.1799  -239.6590
   460.0000     0.0001    74.1448    76.6511    78.5147   -92.2957  -108.4500  -208.5750
   460.0000     0.0001    64.2342    78.6918    85.5288   -98.0300   -92.5352  -212.1760
   460.0000     0.0001    56.6347    89.8127    57.7740  -111.6840   -87.5531  -252.3200
   460.0000     0.0001    21.7272    81.4517    72.6655    76.8160   103.5040    92.7497
   460.0000     0.0001    27.0274   130.2730   -27.1390   -16.4326    34.9866  -270.2820
   460.0000     0.0001   175.5740    60.0420   230.7000    45.3331  -141.9160    61.7029
   460.0000     0.0001    60.6075    74.5074    71.2737  -124.2970  -110.5390  -236.8440
   460.0000     0.0001    40.7004    93.8867    50.9952  -110.3530   -49.1827  -266.7700
   460.0000     0.0001   206.6610    77.7017   210.4090    55.2725  -138.0470    62.7192
   460.0000     0.0001    30.8330    91.7569    56.5327  -143.0840    53.6459  -251.4050
   460.0000     0.0001    32.3852    88.8573    47.0415   -87.5156    12.6969  -240.4070
   460.0000     0.0001   110.2180   149.4880    71.9400   141.4120  -198.8340    78.2234
   460.0000     0.0001    88.9490    49.0235   178.5660   -50.4423  -146.4050    -4.9418
   460.0000     0.0001    35.2982    68.1895    56.5346  -115.5740    22.7316  -187.7140
   460.0000     0.0001    65.5207   143.9190    54.6297    40.9213   -23.3609   127.7560
   460.0000     0.0001    47.6610    67.4719    57.3526  -149.3870   -85.4738  -250.8720
   460.0000     0.0001     6.6788   157.7930   -44.3244   -45.0192   140.8740   -93.4040
   460.0000     0.0001    67.2145    51.6233   142.3130   -89.8507  -122.2640   -57.1845
   460.0000     0.0001   156.5400    74.7237   163.8730   -14.6751  -145.0090    12.4711
   460.0000     0.0001    25.2516   112.1930    -8.0286  -110.4140    98.0522  -278.5150
   460.0000     0.0001    42.8622    93.2789    58.9146  -115.3840   -34.4560  -241.5430
   460.0000     0.0001    82.4279    73.7325    73.8227   -98.6353  -121.8710  -188.9370
   460.0000     0.0001    47.7694    69.0644    68.0185  -170.3350   -60.2193  -240.4040
   460.0000     0.0001   134.2010    83.1167   162.4950   -20.3894  -165.4830    -8.0498
   460.0000     0.0001    39.3222    62.8576    56.1661   -78.4341   -56.7108  -209.4930
   460.0000     0.0001   213.3130    92.2279   214.0680    67.4846  -151.5690    79.9336
   460.0000     0.0001    35.3520    92.3420    52.7333   -34.7724   -11.9918  -226.6740
   460.0000     0.0001    28.6692    75.7769    58.1610  -119.4760     8.9936  -185.4130
   460.0000     0.0001    61.3480    73.0684    73.9650  -104.5420   -64.4759  -197.3260
   460.0000     0.0001    34.8834    94.4700    50.5154   -57.7045   -21.3417  -254.3650
   460.0000     0.0001    29.1956    84.6662    43.8638  -114.7440    21.9475  -185.5980
   460.0000     0.0001     6.3864   116.4510     0.0050   -21.4036   199.2710  -232.3630
   460.0000     0.0001   111.8200   104.8780   204.2950     8.2506  -127.2010     4.3980
   460.0000     0.0001    41.6880    89.5888    42.6649   -45.0089    20.0986  -252.8260
   460.0000     0.0001    53.1418   387.8950    67.4925   194.1330   -13.1144    73.1133
   460.0000     0.0001    51.2876    89.9103    55.1099  -140.2150   -46.4932  -233.5230
   460.0000     0.0001   131.0610    65.8105   159.3720   -22.0654  -134.1310   -26.2150
   460.0000     0.0001    38.5232    79.1314    72.6100   -89.4218   -26.5720  -227.0890
   460.0000     0.0001   133.5760    53.7407   198.8920    -8.8774  -169.3500    40.4878
   460.0000     0.0001    33.4376    83.0638    68.0139  -156.3080   -22.8715  -276.5060
   460.0000     0.0001    39.9155    63.7679    59.3213  -145.9650   -43.4262  -226.1710
   460.0000     0.0001     3.7985   119.9230   -22.3418  -108.5850   187.7620  -114.8140
   460.0000     0.0001   -58.2186   154.3900   -70.9596    12.7774     3.5587    27.3268
   460.0000     0.0001   -72.9075   113.9950   -92.1159   -44.2323   -21.3001   -19.0007
   460.0000     0.0001    31.1658    92.0690    48.6125   -78.2401    14.2050  -243.4330
   460.0000     0.0001    63.3659   111.5730    45.9626  -152.0870  -141.5250  -255.8250
   460.0000     0.0001    47.5337    66.7444    59.2264  -182.5230  -111.3910  -238.3520
   460.0000     0.0001   189.7960   117.2460   210.1730    44.4160  -122.3140    53.9149
   460.0000     0.0001    63.0739    75.8168    76.7277   -98.8808  -105.2120  -231.0680
   460.0000     0.0001    13.1118   128.1760   -20.9194  -154.1290   163.7390  -144.3050
   460.0000     0.0001    39.9164    76.0757    75.5072   -59.2976   -53.5526  -230.2640
   460.0000     0.0001   112.3260    68.9822   136.8450   -54.6482  -142.3400   -56.2235
   460.0000     0.0001    28.5211   108.4340     9.4943  -136.7550   144.4100  -262.1220
   460.0000     0.0001    35.5536    86.5431    43.8083  -113.4950   -33.0426  -217.1500
   460.0000     0.0001   123.9160    69.3608   158.4530   -37.6918  -129.2820   -24.1354
   460.0000     0.0001   172.8690    74.8447   206.3760    28.6482  -144.2020    38.9780
   460.0000     0.0001   -58.6803   125.3510   -79.1395   -34.2296   -21.8880     2.1851
   460.0000     0.0001   140.8190    58.7068   169.4410   -17.4988  -137.2040    -1.0058
   460.0000     0.0001    75.4384    57.4396   114.3930  -100.1960   -82.9537   -94.4947
   460.0000     0.0001    46.9486    74.8446    43.8098  -125.3020   -29.9377  -224.9500
   460.0000     0.0001    28.4720    80.9000    59.0477   -67.5749   -13.3279  -212.1370
   460.0000     0.0001   190.5280    84.1780   176.2810    25.7488  -154.7330    44.7211
   460.0000     0.0001    35.6771    93.7713    46.1322   -70.2090    28.9106  -256.6290
   460.0000     0.0001    92.5333    91.4903    22.0051   265.3020   -85.2851    83.3940
   460.0000     0.0001    -4.1865   175.8680   -43.2956   -12.7704   109.6460    -4.0629
   460.0000     0.0001    38.6266    75.1192    67.9564   -35.8993   -19.5380  -248.1670
   460.0000     0.0001    28.5698   105.5040    17.5863  -130.8960   107.6640  -302.7330
   460.0000     0.0001    35.4353    94.2924    42.3243   -96.1688    16.8525  -213.9260
   460.0000     0.0001   131.2180   328.8600    89.8311   193.7990   -82.5012    74.0154
   460.0000     0.0001   101.5870    73.9473   139.6040   -44.6650  -170.3790   -61.0851
   460.0000     0.0001    26.5565    70.5272    85.1941   -82.7253   -62.6796  -220.7820
   460.0000     0.0001    42.7636    68.1866    72.8285   -64.9887   -31.2794  -220.7930
   460.0000     0.0001    46.3980    87.3803    44.3027   -82.6659   -20.6659  -221.3320
   460.0000     0.0001   214.5450   223.5730   105.7170   135.7890  -152.5910    57.7248
   460.0000     0.0001    31.2248    97.1827     5.4798  -138.7840   108.3640  -216.2720
   460.0000     0.0001    45.2450   150.1290    25.8317   286.0410   183.5320   191.6460
   460.0000     0.0001    51.7433    75.7043    66.6402   -73.1329   -58.7663  -286.0890
   460.0000     0.0001    68.4587    55.1729   116.6750   -95.6361   -99.1027  -107.2080
   460.0000     0.0001    89.5401    66.6125    44.1158   176.0050   -67.3230   137.0470
   460.0000     0.0001   243.8630   181.1840   124.4880   115.4300  -152.5410    67.9003
   460.0000     0.0001    46.2416   155.5280    73.1891    31.8206   -44.3928   116.0360
   460.0000     0.0001    37.5107    95.0392    44.0951  -132.9220     4.0165  -201.2550
   460.0000     0.0001    29.8266    94.8523    18.3000  -121.8280   112.2360  -223.7350
   460.0000     0.0001    42.5256    68.9482    47.7579  -146.2600   -97.7856  -212.4700
   460.0000     0.0001    47.3085    82.6010    68.6706   -69.5979   -24.7927  -214.3860
   460.0000     0.0001    93.0298    62.6838    58.8688   165.0100   -72.6870   145.2830
   460.0000     0.0001    25.9850    78.3389    65.0951   -81.8067   -35.9075  -230.4600
   460.0000     0.0001    52.1917    85.9885    66.1006   -44.4215   -39.9301  -260.6630
   460.0000     0.0001    50.3047    94.8530    53.0135  -155.4580   -16.5381  -237.9130
   460.0000     0.0001    49.5657    77.6978    73.2128   -72.1942   -79.6448  -255.6190
   460.0000     0.0001    56.6947   152.1460    59.8314     8.5001   -43.9679   119.6240
   460.0000     0.0001    42.1365   148.9970    63.4989    25.4504   -20.4945   184.6140
   460.0000     0.0001   106.4520   160.9350    73.4141   144.1740  -192.2910    67.0320
   460.0000     0.0001    38.1030    82.6203    41.8680  -102.4700     8.8905  -164.3300
   460.0000     0.0001   -35.9722   162.5900   -46.1686   -40.7906   118.7220   -19.7264
   460.0000     0.0001    29.7346    91.7156    17.1600  -133.7170    76.1375  -232.5200
   460.0000     0.0001    35.6114    94.9820    45.1868   -62.2838    24.0577  -220.3060
   460.0000     0.0001    42.9122    65.0459    53.8628  -130.9820   -63.2436  -233.7600
   460.0000     0.0001   -62.4266   115.1010   -94.6796   -21.9876   -31.3632    -3.0522
   460.0000     0.0001    68.2252   125.1310   108.7640   -70.4805  -154.9390  -139.2910
   460.0000     0.0001    37.2425    69.7427    64.3389   -41.1428   -26.3513  -195.1980
   460.0000     0.0001    37.7152    67.2151    53.0171  -130.0500   -29.2369  -236.2010
   460.0000     0.0001    39.4852    70.1074    74.8904   -58.7699   -44.4515  -215.1490
   460.0000     0.0001    79.2621    65.9692    50.8510   146.8690   -65.4278   141.4210
   460.0000     0.0001    45.1226    81.1530    79.6726   -57.5877   -65.6355  -221.6030
   460.0000     0.0001    54.6984    75.5727    52.9001   -93.0518   -20.6066  -222.0240
   460.0000     0.0001    36.1038   101.8540    43.1495  -125.0480    47.1711  -226.3090
   460.0000     0.0001   -31.7779    84.3426   -96.0943   -26.8608   -63.6448   -29.3344
   460.0000     0.0001    70.9536   119.2390    83.0781    16.8141  -225.0100    90.7768
   460.0000     0.0001     5.2861   144.0660   -39.5575   -77.8231   122.1420  -155.1520
   460.0000     0.0001    30.9864    85.5857    43.6497   -89.4895   -24.0140  -235.6120
   460.0000     0.0001    35.0379    85.5473    31.4545   -42.2240    62.5957  -230.4860
   460.0000     0.0001    36.8197    95.6383    22.8816  -133.9600    39.8842  -285.2950
   460.0000     0.0001    69.1055   141.6030   -60.5060   115.7390    32.5773  -139.9800
   460.0000     0.0001    37.4480    84.5066    43.9680   -87.2306   -77.9206  -262.6470
   460.0000     0.0001   182.1130    82.8513   228.5030    44.7947  -138.4120    60.4175
   460.0000     0.0001    35.6806   127.1200    -4.9075    78.7490   -33.9303  -371.2740
   460.0000     0.0001    32.3852    88.8573    47.0415   -87.5156    12.6969  -240.4070
   460.0000     0.0001    43.0310    69.0191    46.8316   -91.8725    18.2563  -186.5280
   460.0000     0.0001   104.1620    51.1907   169.0360   -56.5929  -148.7940     2.9549
   460.0000     0.0001    74.4625    65.7735    71.9257  -107.9980  -107.3870  -200.1800
   460.0000     0.0001    34.0265    65.2185    55.5272   -65.6364   -15.7587  -203.2170
   460.0000     0.0001   165.1430    66.6686   200.7470    26.7948  -145.8250    27.8535
   460.0000     0.0001   108.8830    73.1182   127.0280   -77.1543  -120.0080   -53.4792
   460.0000     0.0001    88.9064    49.2401    45.5973   170.6400   -47.1879   126.4400
   460.0000     0.0001   126.5810    75.5785    10.1013   230.5340   -45.7658    59.7868
   460.0000     0.0001    27.8997    85.4134    48.2845   -62.9333    40.1217  -204.9260
   460.0000     0.0001   186.2750    77.4816   184.4880    27.5929  -147.8960    40.0433
   460.0000     0.0001    38.4439    90.0979    64.3614   -50.1178   -41.2119  -248.3570
   460.0000     0.0001    40.0460    99.2091    24.6209  -127.4730    94.2776  -241.3890
   460.0000     0.0001    45.7352    89.0361    84.2694   -54.0482   -52.4006  -247.5700
   460.0000     0.0001   114.5280    55.8418   207.1890   -15.9022  -164.3320    33.1125
   460.0000     0.0001   -48.7389   159.1860   -45.6855   -48.5469    54.1791    17.5344
   460.0000     0.0001   215.0800   294.1800   102.0440   158.5420  -104.2520    76.4590
   460.0000     0.0001    26.7446    84.2196    44.9362  -104.3110    25.1979  -193.5230
   460.0000     0.0001   -37.4765   156.9700   -60.1181   -47.3590    75.2132   -12.9053
   460.0000     0.0001   220.8330   275.0990   134.0800   134.9990  -106.4190   101.6470
   460.0000     0.0001    48.1464    82.5578    91.1522   -98.3942   -72.9549  -218.8280
   460.0000     0.0001    50.9083    57.6021    40.1150   -91.4470   -63.2507   -22.2712
   460.0000     0.0001    94.4381    45.8945   156.7080   -34.0995  -123.9950   -51.1261
   460.0000     0.0001    64.6329    51.6211    78.4948  -113.8770   -86.1120  -150.2130
   460.0000     0.0001    40.2070    87.3653    67.0566   -36.9521   -52.3833  -247.3130
   460.0000     0.0001    33.1952    97.3795    51.1135   -83.8609    14.4103  -265.3670
   460.0000     0.0001    26.7562    77.3980    54.4071   -86.0861    30.1563  -237.7340
   460.0000     0.0001   169.4840    66.2754   225.5640    29.4384  -141.1730    58.6090
   460.0000     0.0001    78.7925    87.1672   -89.9081   105.6930   -34.8821   -39.7050
   460.0000     0.0001   121.7120    54.6510   168.2530   -47.0967  -148.7210    14.2633
   460.0000     0.0001    23.5570    79.8977    37.5132  -111.6720    39.7020  -213.1130
   460.0000     0.0001   -40.6880   156.4780   -58.1607   -47.3668    59.7289    -2.6539
   460.0000     0.0001   128.1350    98.2641   166.2650     2.7954  -160.6270   -29.3137
   460.0000     0.0001   129.8890    77.7933   199.9410    -0.0913  -129.1230     4.9909
   460.0000     0.0001    43.4692    78.1836    87.8666  -102.3630   -70.9282  -208.3170
   460.0000     0.0001    51.9273    65.6320    95.3434   -60.7658   -57.8496  -192.3430
   460.0000     0.0001    41.0808    66.3592    55.0623  -131.9650    -8.9363  -233.1410
   460.0000     0.0001    49.5153    68.6392    54.4198  -116.3530   -73.0686  -236.9770
   460.0000     0.0001    31.3918    78.6479    45.6307  -129.8800   -39.1960  -218.3380
   460.0000     0.0001    34.4547   404.3370    66.8912   188.8240     5.4284    71.0636
   460.0000     0.0001    71.8191    53.3229   137.8710   -91.4052  -123.9460   -59.9160
   460.0000     0.0001    33.8610    70.9155    62.7005  -111.0290   -22.6184  -247.1250
   460.0000     0.0001    85.6657    87.2342    23.2781   249.6590  -150.3060    64.0373
   460.0000     0.0001    28.1330    82.5186    49.7695  -125.7190    29.1220  -180.2110
   460.0000     0.0001    29.4753    89.5613    21.6381  -115.8060    51.2352  -260.6260
   460.0000     0.0001   105.3520   161.4680    66.2845   147.9140  -193.0850    69.9117
   460.0000     0.0001   118.9330   152.4570    68.1870   149.7140  -184.2270    74.3314
   460.0000     0.0001   156.8890    63.7114   182.8270     4.9103  -140.3670    14.6530
   460.0000     0.0001    82.1835    64.2044    58.1561   160.2910   -60.4043   169.3510
   460.0000     0.0001    39.8741    71.3946    68.2867  -131.4230    -5.5306  -169.1430
   460.0000     0.0001    35.3280   127.3210    18.8357   395.0730  -321.3450  -272.7140
   460.0000     0.0001    99.3880   111.0710   131.0720    -8.2033  -144.8330  -103.6440
   460.0000     0.0001    38.0287    79.7224    42.0397  -142.7540   -13.1922  -250.4720
   460.0000     0.0001    79.0461   111.9940    88.7852    48.4639  -222.4770    74.8989
   460.0000     0.0001    89.0305    75.7682    98.7617   -59.6263  -157.0850  -144.2080
   460.0000     0.0001    47.4416    75.9702    40.6226   -82.2102   -64.5196  -229.7780
   460.0000     0.0001    40.0404    63.0563    62.3399  -131.9320   -45.0724  -222.6280
   460.0000     0.0001    73.9493    63.0533    53.8521   159.6490   -72.0728   168.8760
   460.0000     0.0001   131.8200    62.0114   181.2560   -26.0142  -156.4040    21.9220
   460.0000     0.0001    36.8197    95.6383    22.8816  -133.9600    39.8842  -285.2950
   460.0000     0.0001    61.0256    77.8709    70.1088   -88.8707   -92.4519  -232.8750
   460.0000     0.0001    18.4812   114.0610   -19.6351     1.6968   180.8970  -212.1820
   460.0000     0.0001    45.4761    68.3129    49.2955  -149.1380   -56.7547  -249.3190
   460.0000     0.0001   119.9490    57.5689   170.8810   -17.1668  -124.4870   -23.4745
   460.0000     0.0001   130.2350    54.7369   158.7470   -46.3042  -156.8510    13.8480
   460.0000     0.0001    47.2261    74.0111    73.8223  -121.9750   -68.7612  -248.2110
   460.0000     0.0001    63.2543   155.3780    49.8260    74.2749    -5.5406   141.0460
   460.0000     0.0001   133.4810    76.2779   155.7020   -23.3558  -135.7340   -28.4158
   460.0000     0.0001   102.4540    90.1028    48.3012   191.6170   -49.5885   119.6310
   460.0000     0.0001    30.7391    68.8326    54.0066  -134.5140    -6.3094  -185.6920
   460.0000     0.0001    48.2371    75.7148    75.7081  -107.9400   -77.4984  -230.7480
   460.0000     0.0001    75.9189    71.3448    51.2491   -93.2840  -119.0460    -8.1682
   460.0000     0.0001    13.1569   137.3540   -38.2684   -55.2269   134.6300  -176.2970
   460.0000     0.0001    76.8839    68.7587   107.2180  -113.0610  -113.8860  -114.1200
   460.0000     0.0001    79.5319    92.3002    80.9753   -68.0873  -141.7020  -195.7180
   460.0000     0.0001   -79.9830   144.9700   -57.4915   -44.0573    19.6984    12.4432
   460.0000     0.0001    33.1570    84.2140    19.4772   -70.0449    57.7817  -234.5780
   460.0000     0.0001    41.8272    63.0746    62.0921  -138.2260   -52.1291  -217.2160
   460.0000     0.0001    54.9425    78.6046    67.8982   -69.3661   -65.2375  -293.2830
   460.0000     0.0001    88.9614    96.4456     8.4169   252.9820  -123.6370    -3.7294
   460.0000     0.0001   -50.0158   153.8910   -57.7059   -29.9736    15.6651    13.7276
   460.0000     0.0001    31.0834    86.4528    54.0894   -84.3129    -4.6825  -199.2910
   460.0000     0.0001    82.8610    65.6031   113.2850   -97.3601   -88.7126   -98.3042
   460.0000     0.0001    40.2495    94.9667    45.1199  -141.1530   -32.4445  -263.6790
   460.0000     0.0001    32.2561    76.7520    48.2119  -107.3250   -21.8474  -197.7450
   460.0000     0.0001   -43.9532   160.3170   -32.4487   -38.0870    33.3271    37.9235
   460.0000     0.0001    32.5408    65.2576    53.0404  -133.6830     2.5873  -180.7540
   460.0000     0.0001    60.3157    79.1685    79.1749   -76.2789   -84.1289  -217.3640
   460.0000     0.0001    25.3862    81.3089    38.4875   -70.7931    20.8044  -221.1050
   460.0000     0.0001   105.7990    53.0098   135.0900   -54.4557  -133.4940   -63.4833
   460.0000     0.0001    35.5359    82.6303    69.2903  -112.6320    -6.0932  -281.1370
   460.0000     0.0001    43.3233    92.7983    52.6697  -139.0670   -44.6673  -240.9420
   460.0000     0.0001    36.9095    95.9958    40.3450  -145.0530    53.1337  -206.9590
   460.0000     0.0001    42.0409    83.9145    68.2168   -41.6418   -64.3580  -266.7570
   460.0000     0.0001    94.7731    62.4133   148.0890   -66.0198  -113.9290   -49.1279
   460.0000     0.0001    48.0347    76.8831    71.6736  -132.8240   -67.2714  -266.0870
   460.0000     0.0001    32.2173    67.3305    52.0892   -55.8495   -24.7658  -214.1060
   460.0000     0.0001   182.3890    88.8825   195.3330    33.7500  -167.6150    59.7263
   460.0000     0.0001    50.7490    68.1988    64.9028   -86.4102   -19.5735  -223.2280
   460.0000     0.0001    48.1215    72.3869    64.6498  -113.3140   -86.0270  -217.2350
   460.0000     0.0001    29.4845    86.0321    43.7614   -72.7413    27.7366  -229.7420
   460.0000     0.0001    47.1965    67.7813    60.4273  -148.3490   -71.4460  -212.5730
   460.0000     0.0001    62.1908    83.9016    78.4972   -51.2783   -92.4240  -238.8960
   460.0000     0.0001   223.7700    93.1763   203.4430    68.2349  -154.1740    94.0389
   460.0000     0.0001    67.9289    78.2492    72.7816  -125.2210  -101.7800  -213.7250
   460.0000     0.0001   225.6130   113.9160   124.2600    90.4668  -176.0930    52.2990
   460.0000     0.0001    34.5550    80.2141    69.8434   -60.6785   -32.7638  -226.2910
   460.0000     0.0001    37.0263    58.2171    64.8806   -78.1120   -48.0036  -202.9500
   460.0000     0.0001   110.5960    39.2272    58.7321   127.9730   -42.5867    87.3101
   460.0000     0.0001    20.6889   129.2240   -21.0079   -75.0240   172.4960  -209.5120
   460.0000     0.0001    68.2971   103.7610   148.7460   -41.8344  -136.4390   -84.6093
   460.0000     0.0001    99.5806    75.9037   160.5640   -49.3950  -157.7160   -37.3255
   460.0000     0.0001    41.5117    83.0491    72.1084   -55.2918   -50.8431  -245.0980
   460.0000     0.0001   158.3270    59.8641   181.4090     8.3501  -152.1900    15.4990
   460.0000     0.0001    -7.9606   154.6430   -38.3020   -59.7455   152.3660   -56.2180
   460.0000     0.0001   185.1630    86.3126   184.9150    23.8654  -157.8980    53.0148
   460.0000     0.0001   206.1110    74.7020   182.8340    41.3092  -164.9130    72.7662
   460.0000     0.0001    31.5488    85.8002    45.6553  -122.9950    21.7691  -173.0650
   460.0000     0.0001    47.4920    87.3939    40.6700   -34.5481    25.2659  -226.5910
   460.0000     0.0001    39.0793    84.1098    40.2051   -19.0264    29.1425  -225.1990
   460.0000     0.0001    35.8409    81.3742    39.1654  -111.5830    -8.3786  -283.3190
   460.0000     0.0001   147.5040    63.6194   184.1680    -2.8155  -133.3290    11.1496
   460.0000     0.0001    42.7389    59.1398    72.2893    74.3191    20.8659   136.0290
   460.0000     0.0001   152.3920    71.7137   189.7850     8.6322  -140.2980    12.8170
   460.0000     0.0001    31.9355    79.6621    36.8657   -94.6815    10.3857  -239.9460
   460.0000     0.0001    31.2805    90.6697    59.6902  -112.7410     0.4595  -225.1330
   460.0000     0.0001    52.0845    73.9796    85.2006  -102.8640   -68.9031  -213.4530
   460.0000     0.0001    26.6671    82.8183    54.4385   -79.1375    20.7249  -191.2210
   460.0000     0.0001    38.7688    75.8659    76.5962  -102.4170   -68.7228  -231.8170
   460.0000     0.0001    31.4612   132.8550    20.3191    27.7643  -302.0250   261.1470
   460.0000     0.0001    38.5829    65.3637    55.4872  -147.3730   -15.9933  -219.9280
   460.0000     0.0001    93.8040    66.7061   107.2200   -54.4503  -138.7700  -134.0360
   460.0000     0.0001    19.2334   114.1970     8.1430  -173.3660   199.5980  -202.6060
   460.0000     0.0001    54.6984    75.5727    52.9001   -93.0518   -20.6066  -222.0240
   460.0000     0.0001    83.7469    78.6541   107.0550   -59.0181  -120.5510  -151.8380
   460.0000     0.0001    43.3752    65.8208    59.3970  -170.0830   -43.8574  -226.6480
   460.0000     0.0001    37.9720    76.7807    41.3207   -86.1754   -22.9411  -287.1310
   460.0000     0.0001    77.3503    93.8343   166.4250   -30.5545  -132.8740   -52.5545
   460.0000     0.0001    31.0946    80.4610    49.1479   -71.6502   -25.2454  -203.3880
   460.0000     0.0001   109.6810    85.5567    30.3463   218.0730   -85.9570    78.4665
   460.0000     0.0001    39.8526    76.1536    35.7267   -95.6002    29.4187  -194.1120
   460.0000     0.0001   116.4170    95.5679   179.2290    26.7067  -141.6150   -33.8381
   460.0000     0.0001    49.9820    52.9288    74.3735    87.8430    -9.0239   155.6640
   460.0000     0.0001    38.3963    72.3488    70.6020   -49.9391   -34.1181  -241.5340
   460.0000     0.0001   136.6610    79.4199   167.4630   -16.3609  -153.7010    -8.4776
   460.0000     0.0001    34.6444    72.4581    75.5158  -101.0680   -28.5717  -197.0760
   460.0000     0.0001    49.2960    74.7494    71.9021  -167.8730   -80.1646  -237.3730
   460.0000     0.0001    46.4887    78.9942    73.3995  -180.6400   -48.7375  -226.2970
   460.0000     0.0001    65.2954    51.1308    82.4081   120.3550   -33.7822   162.7470
   460.0000     0.0001   139.5770   104.6420   165.3280    15.2713  -143.3400   -29.8253
   460.0000     0.0001    39.9840    79.4968    74.0020   -57.6800   -50.8152  -229.3140
   460.0000     0.0001     7.0585   130.4100   -21.4519  -148.8530   182.3280   -93.9039
   460.0000     0.0001    25.5624   121.5030    -8.5144   -38.9427   204.8310  -245.3580
   460.0000     0.0001    59.8812   157.1190    41.8856   121.4150    25.4364   166.1560
   460.0000     0.0001    62.2955    99.8969    70.9797   -65.1380  -144.8010  -246.2950
   460.0000     0.0001    61.7091    73.7403    51.3744   160.9220  -175.0480   189.3900
   460.0000     0.0001    89.4692    75.7160   149.9760   -28.4258  -116.3070   -85.3872
   460.0000     0.0001    17.3764   125.8470    38.3869    45.7869   289.7300  -110.9900
   460.0000     0.0001    54.5263    84.3156    47.7556   -80.7291    -0.2709  -189.7750
   460.0000     0.0001     1.1870   141.5400   -38.8587    17.2605   179.4430  -110.5020
   460.0000     0.0001    47.4513    86.7698    69.1284  -109.3030   -33.9187  -205.2120
   460.0000     0.0001    53.1783    71.1779    63.5205  -153.1990   -94.2648  -264.8530
   460.0000     0.0001    36.1433    81.6787    74.2098   -68.4954   -38.5348  -218.6330
   460.0000     0.0001    35.8067    84.8241    38.2433  -126.3590    -7.5385  -249.7270
   460.0000     0.0001    31.0018    87.6648    65.9624   -85.5716   -10.0913  -216.7270
   460.0000     0.0001    70.1464    59.9983   140.7500   -68.6921  -103.1940   -82.2617
   460.0000     0.0001    32.5529    93.7673    42.9108   -72.7411    14.6235  -248.4680
   460.0000     0.0001    30.3416    85.8014    51.4838   -94.5551    38.0781  -232.9090
   460.0000     0.0001    43.0310    69.0191    46.8316   -91.8725    18.2563  -186.5280
   460.0000     0.0001    40.1940    93.7547    49.8807   -59.4063   -40.2355  -250.4480
   460.0000     0.0001    40.3235    89.0632    24.4452  -108.4140   -10.2185  -271.2550
   460.0000     0.0001    43.4962    66.3546    49.2485  -170.6670   -73.6010  -207.4400
   460.0000     0.0001    37.6938   101.3720    46.0989   -67.3763   -42.1979  -323.7030
   460.0000     0.0001    31.2673   111.4080    45.9053  -143.9420  -103.7890  -326.3370
   460.0000     0.0001   203.8820   290.9970   102.3080   176.9320   -95.2122    75.4546
   460.0000     0.0001    -5.2337   173.5160   -42.5388   -19.3588   112.9490    -2.7724
   460.0000     0.0001    43.1004    77.6087    73.8806   -56.3492   -40.7431  -227.9950
   460.0000     0.0001    22.5635    83.3326    79.5600    61.1661    82.7021   109.4840
   460.0000     0.0001   118.4860    69.0156   134.6300   -30.1859  -121.5330   -76.6913
   460.0000     0.0001   207.5370    90.1472   166.6470    32.8573  -163.8490    57.5757
   460.0000     0.0001    36.4207    84.9439    33.9912   -53.8520    16.1090  -275.3390
   460.0000     0.0001    35.6839    82.7612    68.8743   -48.7699   -30.4941  -226.3950
   460.0000     0.0001    73.6178    81.9684    37.5239   222.4130  -183.4870   124.3960
   460.0000     0.0001    40.7304    92.2301    46.7246  -144.2210    -6.4877  -268.1250
   460.0000     0.0001   141.9810    85.0118   194.1370    -7.2440  -138.5640    18.5307
   460.0000     0.0001    84.8796    63.5909    97.1976   -58.7753  -141.5970  -157.6940
   460.0000     0.0001    63.7163    64.9466    76.5268  -133.5630   -93.1812  -193.9930
   460.0000     0.0001    33.0119    82.1603    24.4911   -87.3755    49.3902  -240.0070
   460.0000     0.0001    69.5149    87.9644    81.3565   -47.1396  -124.4010  -222.5330
   460.0000     0.0001    -9.1369   146.6720   -50.3978   -48.4288   135.8390   -69.2526
   460.0000     0.0001    38.9006    86.1591    71.7751   -66.3425   -68.5435  -251.5620
   460.0000     0.0001    68.8121    66.3861    76.6070  -134.1770  -139.7270  -161.6650
   460.0000     0.0001    46.3980    87.3803    44.3027   -82.6659   -20.6659  -221.3320
   460.0000     0.0001    65.5207   143.9190    54.6297    40.9213   -23.3609   127.7560
   460.0000     0.0001   192.7730    91.6680   195.1650    32.7320  -143.1120    50.7049
   460.0000     0.0001    32.7461    74.9204    45.7434  -160.6850     2.5430  -191.7300
   460.0000     0.0001    76.6996    84.3586   128.1600   -50.1265  -119.8250  -129.4810
   460.0000     0.0001    67.1202    78.7739    86.6582   -52.4905   -94.2909  -216.9000
   460.0000     0.0001    69.0315    75.7655   115.7350   -75.8226   -82.6213  -141.7730
   460.0000     0.0001    33.3956    88.4211    39.1491  -112.3510    -6.3303  -228.0120
   460.0000     0.0001    42.3275    66.0969    53.1150  -156.0650   -40.2767  -233.8820
   460.0000     0.0001    41.4120    94.2549    40.4125  -145.5880     4.9917  -264.6880
   460.0000     0.0001    38.7633    79.1453    42.3505  -126.9800    -9.5152  -199.4830
   460.0000     0.0001    31.0946    80.4610    49.1479   -71.6502   -25.2454  -203.3880
   460.0000     0.0001    70.2674    53.3317    49.3973   157.8910   -70.9062   166.6590
   460.0000     0.0001    93.5674    56.0137   141.1700   -59.6143   -98.1352   -59.4956
   460.0000     0.0001    28.9264    79.9265    67.7811   -64.4614   -38.9290  -234.7550
   460.0000     0.0001   117.0420    47.2500   156.5700   -41.7631  -150.4480   -20.8329
   460.0000     0.0001   126.0190    74.8628   189.6980   -10.1870  -133.8910    -4.6512
   460.0000     0.0001   120.3320    63.4537   154.2600   -43.6008  -126.1730   -27.6481
   460.0000     0.0001   119.0820    84.2824   121.0990   -34.4828  -148.1480   -86.6834
   460.0000     0.0001    50.0999    43.4982   155.2140   -53.4302  -139.5190   -66.7924
   460.0000     0.0001    34.6334    88.5211    42.3704  -103.8740   -14.1697  -207.3860
   460.0000     0.0001    63.6608    58.8685    57.6361   104.7340     4.3038   164.6360
   460.0000     0.0001    30.2019    87.4237    55.4490   -57.1387     6.6666  -249.1600
   460.0000     0.0001   169.4280    56.3227   222.5580    34.6441  -147.1470    55.7198
   460.0000     0.0001    55.8814    96.4864    92.1131   -79.1932  -155.7690  -192.8770
   460.0000     0.0001   206.5730    88.0345   195.1730    56.4620  -152.8310    62.8294
   460.0000     0.0001   158.7630   118.2630   199.6110    24.7874  -143.0270    27.5314
   460.0000     0.0001   124.0390    77.1752   163.6290   -37.5507  -136.8680   -17.3142
   460.0000     0.0001    66.0614    74.1563    74.4947  -110.1970   -98.7263  -212.0580
   460.0000     0.0001   103.8600   148.6590    75.9244   135.4290   -11.4604    98.7520
   460.0000     0.0001    54.7897    79.7794    62.4667  -143.8240   -82.8238  -233.7790
   460.0000     0.0001    29.9334    84.0221    51.5893  -138.8450    21.8794  -204.2480
   460.0000     0.0001    54.9355    71.9493    61.6137  -160.2110   -93.5937  -242.9780
   460.0000     0.0001   210.7280    96.2581   207.3310    63.5605  -149.2430    68.3595
   460.0000     0.0001   -16.7761   150.8950   -29.6004   -67.3971   160.4450   -65.8479
   460.0000     0.0001    38.1266    75.2221    69.0631   -66.1223   -38.9633  -249.4230
   460.0000     0.0001    41.9064    91.7740    44.3594   -95.6845    25.7900  -244.3120
   460.0000     0.0001    35.1229    91.9681    19.4602  -132.2210    87.0047  -219.4380
   460.0000     0.0001    63.7263    60.5915    77.5674   105.1400    -1.3144   167.3550
   460.0000     0.0001    37.5183    90.4464    41.9453  -113.0700     1.1191  -258.9480
   460.0000     0.0001    99.9700    65.8136   161.6670   -49.7264  -162.7850   -28.1053
   460.0000     0.0001    28.6617    83.1815    53.0321  -103.9810    25.3467  -241.4890
   460.0000     0.0001   101.5090    77.6116   155.0200   -41.0135  -148.7880   -56.3539
   460.0000     0.0001   225.6130   113.9160   124.2600    90.4668  -176.0930    52.2990
   460.0000     0.0001    38.2963    66.5810    62.9400  -183.6330   -12.0288  -174.8760
   460.0000     0.0001    45.0417    68.8906    66.0498   -61.2366     2.6471  -234.3200
   460.0000     0.0001   154.5490    76.5548   191.0440     5.7831  -141.1070    17.7362
   460.0000     0.0001    37.2185    72.3674    77.4548   -68.9703   -54.3925  -213.3610
   460.0000     0.0001    63.5749    54.3357    63.3620   124.6400   -62.5613   173.8800
   460.0000     0.0001   177.6380   117.8480   218.2380    40.6265  -135.7380    52.9911
   460.0000     0.0001    58.9241    76.3136    78.5052   -94.0135   -66.1179  -232.5900
   460.0000     0.0001    38.0474    64.5038    62.2647   -78.3452   -42.0740  -205.3810
   460.0000     0.0001    27.1136    62.0135    84.0551  -144.1400   -71.6025  -191.8160
   460.0000     0.0001    84.6311    38.9225   -76.8122   104.0370   -84.6345   -38.8286
   460.0000     0.0001    14.7033   127.8160   -11.2593   -61.6340   243.4260  -165.7200
   460.0000     0.0001    37.8387    78.6696    73.1481   -60.1462   -41.2445  -214.7400
   460.0000     0.0001    65.3497   130.5980   115.6390   -14.9762  -161.2100  -148.0130
   460.0000     0.0001   119.9870    51.2692   183.0220   -29.9310  -159.8930    16.1551
   460.0000     0.0001    30.1537   110.4710    16.2348  -134.0060   185.7180  -249.5420
   460.0000     0.0001   170.0950    73.0622   203.4010    27.5052  -146.8760    35.8712
   460.0000     0.0001    46.2363    75.4248    43.3574  -101.1770     7.1816  -194.0230
   460.0000     0.0001    33.4311    74.7926    41.5846  -126.7270   -50.5136  -241.4000
   460.0000     0.0001    46.5515    86.6591    43.0430  -120.1220   -18.9040  -258.6400
   460.0000     0.0001    30.6591    87.2984    47.4370  -107.2070   -17.5222  -216.1270
   460.0000     0.0001    26.9784   105.4300    51.6339    57.8735    11.0654    37.5516
   460.0000     0.0001    27.9608    59.3203    92.5781  -129.2860   -94.5659  -179.4830
   460.0000     0.0001   192.9750    87.6524   177.1380    38.7889  -161.3470    41.6939
   460.0000     0.0001    92.9685    73.0317   107.9070   -56.4496  -118.2260  -140.0830
   460.0000     0.0001    31.9938    96.2559    52.4479  -102.8830    14.2646  -259.9750
   460.0000     0.0001    44.4499    72.6245    43.6511  -141.6060   -25.8660  -221.2110
   460.0000     0.0001    36.5437    88.3920    45.2390  -139.1010   -69.5529  -230.2660
   460.0000     0.0001    45.1961    67.2814    51.2339  -132.5200   -17.8361  -228.2880
   460.0000     0.0001    66.9309    75.6850    83.8869  -129.8240   -95.4683  -188.2260
   460.0000     0.0001    78.3966    52.2125   132.7420   -73.3049  -108.0030   -80.9792
   460.0000     0.0001   219.0610   280.1500   100.1610   163.2600  -110.7320    63.3579
   460.0000     0.0001    55.6617    50.9415    68.5613   103.5270   -30.5765   164.1550
   460.0000     0.0001    52.3863    70.8250    52.8649  -153.1920   -25.6966  -170.5490
   460.0000     0.0001    42.5916    67.9514    78.7808   -96.8128   -31.3676  -211.8940
   460.0000     0.0001    36.5902    66.3093    69.5805   -96.0887   -63.6759  -193.4110
   460.0000     0.0001   -22.8933   180.0610   -55.8326     2.6359   115.5240   -27.1445
   460.0000     0.0001   142.7360    86.3657   161.4370    -9.8983  -144.9250   -18.9796
   460.0000     0.0001    78.2613    78.2570   101.0240   -25.1878  -104.3920  -182.2480
   460.0000     0.0001   244.3700   121.1290   167.9330    89.5397  -154.0610    81.4072
   460.0000     0.0001    56.6752    76.8530    67.8392  -146.2550  -101.7150  -245.8580
   460.0000     0.0001    33.5438    94.9751    18.1096  -139.4720    57.5886  -248.6570
   460.0000     0.0001    46.5257    87.3036    37.7833   -60.6251   -23.9673  -272.5690
   460.0000     0.0001    59.3399    63.0929    71.5712  -143.4580   -97.4852  -203.9770
   460.0000     0.0001    24.6385   110.7130     9.3870  -135.5690   186.8610  -229.8560
   460.0000     0.0001    41.1336    74.8938    76.2695   -52.0404   -52.8737  -237.7990
   460.0000     0.0001   144.1210   314.7950    89.9489   189.1990   -98.2362    70.1937
   460.0000     0.0001    26.0658   109.7720    18.8850  -140.8690   169.3660  -252.6270
   460.0000     0.0001    35.0640   100.2300    46.9717   -87.3617    -3.8095  -286.7960
   460.0000     0.0001     2.1478   145.0050   -46.9904   -69.1276   105.4920  -137.5760
   460.0000     0.0001    16.8707   111.1700    98.9286   -16.2876   -99.4801    16.5485
   460.0000     0.0001    91.3439    45.6406   180.1750   -12.5141  -131.1130   -29.2717
   460.0000     0.0001   119.4940    69.5130   143.3110   -48.6567  -123.4150   -40.7201
   460.0000     0.0001   163.4750    68.5212   191.5380    21.3565  -151.0060    19.2856
   460.0000     0.0001   165.2780    85.9342   204.7090    26.1584  -142.3490    31.9228
   460.0000     0.0001    34.5607    72.8536    75.7476  -159.6190   -79.6115  -234.9980
   460.0000     0.0001    98.5376    65.9967    43.2466   177.7220   -69.8661   122.2850
   460.0000     0.0001    39.3559    93.5909    56.2490   -78.3145   -26.2287  -273.8990
   460.0000     0.0001   177.3290    66.9251   216.5640    36.4347  -146.7900    49.9483
   460.0000     0.0001    38.8005    85.4264    14.9874  -117.6000    48.8882  -216.6250
   460.0000     0.0001    76.5375    74.7457    93.7127  -108.0850   -96.8604  -160.4890
   460.0000     0.0001    77.1618    66.1945   133.6410   -89.7147  -112.2180   -77.4622
   460.0000     0.0001   238.3830   119.7580   170.1910    78.7865  -159.2410    78.3020
   460.0000     0.0001    39.4147    67.8348    69.6352   -50.5270   -34.6786  -209.8950
   460.0000     0.0001    53.8379    79.3338    67.0599  -131.0520   -81.2343  -266.4680
   460.0000     0.0001    42.9122    65.0459    53.8628  -130.9820   -63.2436  -233.7600
   460.0000     0.0001    32.1510    90.6804    48.6523   -86.7128    43.2058  -234.0030
   460.0000     0.0001    42.6804    67.0775    52.1421  -186.7130   -71.4707  -258.8110
   460.0000     0.0001   225.1280   117.9330   133.6280    74.7783  -176.9760    57.7408
   460.0000     0.0001   159.2650    70.7116   151.9900   -21.8668  -171.1380    21.8853
   460.0000     0.0001   185.0230    81.4282   180.7290    39.5142  -163.6770    43.1221
   460.0000     0.0001    34.9590    68.5342    67.2371   -56.7914   -56.0841  -211.2620
   460.0000     0.0001   -54.1326   108.4800   -92.1559   -38.5156   -23.6412   -27.8513
   460.0000     0.0001    24.9179    92.7269    34.8783  -126.4830    48.8174  -229.5760
   460.0000     0.0001    60.6428    81.0485   113.2400   -90.4063  -101.2230  -154.2080
   460.0000     0.0001    47.3051    77.0757    37.4410   -61.3342    -7.3364  -220.3010
   460.0000     0.0001    79.3619   121.7700    73.8815    33.5376  -234.8820    32.3732
   460.0000     0.0001    46.6652    81.4173    99.4358  -108.6170   -82.3215  -190.1370
   460.0000     0.0001    44.4438    79.1084    68.7087   -41.1208   -41.3599  -258.8340
   460.0000     0.0001    87.2701   135.2810   164.2120    11.7252  -135.8730   -57.0020
   460.0000     0.0001   -29.6489   156.4100   -83.0411    -4.5699    58.2371   -47.9595
   460.0000     0.0001    23.4508   100.4960     6.8025  -110.2870   147.0760  -227.2550
   460.0000     0.0001    73.8251    81.2297    94.0212   -36.7733  -123.9700  -195.3800
   460.0000     0.0001    37.4141   101.8580    25.2287   -78.8609    87.4487  -276.3710
   460.0000     0.0001    35.1870   100.7850     7.0105  -150.9220    99.5079  -231.0520
   460.0000     0.0001    36.7086    92.1529    56.6284   -72.3057    -3.2557  -216.9360
   460.0000     0.0001   -81.1445   103.3760   -76.1652   -36.5336   -40.1240     5.5803
   460.0000     0.0001    38.5068    77.3393    28.8913   -91.8459     6.5190  -228.7260
   460.0000     0.0001    41.3250    84.6597    70.2172   -89.3982   -16.8771  -246.7360
   460.0000     0.0001    39.3047    84.6179    68.6703  -122.8640   -45.4804  -201.5260
   460.0000     0.0001    55.8574    74.3326   104.2770  -103.2960   -64.0240  -160.6380
   460.0000     0.0001    42.6962    91.7114    43.5574  -131.9040   -19.2930  -243.2280
   460.0000     0.0001    39.8363    82.7907    77.6607   -61.4261   -58.5773  -223.8130
   460.0000     0.0001    48.8190    65.9016    99.1273  -114.1470   -64.6492  -163.0650
   460.0000     0.0001    35.7515    66.2216    46.0445   -71.4920   -37.9675  -214.6740
   460.0000     0.0001   107.6710    76.6983   162.6880   -47.6364  -136.9750   -32.3312
   460.0000     0.0001   -23.3207   156.0580   -59.3174   -33.2274    52.2599   -15.6160
   460.0000     0.0001   -49.8089   160.3750   -51.6790   -23.0917    35.2665    14.2071
   460.0000     0.0001    43.8397    91.3091    65.2134  -123.7050   -39.8919  -273.5410
   460.0000     0.0001    30.7873    82.0381    46.1206  -133.0190    11.1126  -208.1940
   460.0000     0.0001    37.9116    66.3271    67.4115   -76.6350   -53.9641  -202.1820
   460.0000     0.0001    34.6328    86.9083    31.6352   -73.0325    -8.0655   -98.6900
   460.0000     0.0001    41.7163    88.9408    65.8695   -47.2708   -60.4923  -251.9680
   460.0000     0.0001    62.6172    76.4126    79.8495  -131.3600   -90.1504  -207.9430
   460.0000     0.0001    36.8154    75.0544    44.6309  -119.2600   -22.4223  -202.5560
   460.0000     0.0001   -46.8916    88.7205   -99.0795   -36.6745   -49.9204   -37.7680
   460.0000     0.0001    46.7037    73.9776    44.6616  -102.2390   -11.9955  -175.6310
   460.0000     0.0001    32.7461    74.9204    45.7434  -160.6850     2.5430  -191.7300
   460.0000     0.0001    46.0556    74.4801    69.1502  -129.5640   -15.2241  -224.6460
   460.0000     0.0001    33.8465    74.9439    47.2212   -40.2997    -1.4558  -254.5850
   460.0000     0.0001    21.1280    99.3969     7.5074  -103.6370   124.2590  -246.7010
   460.0000     0.0001    56.0482    75.2311    48.7348  -142.9110  -126.8160  -219.9790
   460.0000     0.0001    42.3068    74.1163    42.2227   -69.2321   -32.9379  -279.4240
   460.0000     0.0001   130.3790    47.2289   166.8720   -18.1530  -131.0110   -12.4135
   460.0000     0.0001   151.8150    96.5267   182.5390    19.5008  -145.6070    -1.5495
   460.0000     0.0001   218.6450   164.8010   148.8780    62.2554  -160.9100    57.5337
   460.0000     0.0001    18.8436   101.5150     2.9692   -86.8533    68.5692  -295.7020
   460.0000     0.0001    49.9191    67.0695    90.4143  -125.0040   -70.5819  -187.4560
   460.0000     0.0001    30.7115    80.3100    49.1699   -87.8654   -21.2644  -201.6170
   460.0000     0.0001   102.3600   146.8290    73.4882   120.1670  -208.7750    65.2041
   460.0000     0.0001    37.9691    79.1854    43.4485  -135.5710    -2.4058  -249.0650
   460.0000     0.0001    39.5357    61.8481    60.1796   -87.7713   -57.0378  -207.5100
   460.0000     0.0001    91.1989   103.7330   154.8900   -37.8339  -151.7450   -62.3232
   460.0000     0.0001    57.4798    65.5232    75.7734   -86.3286   -73.8303  -175.3570
   460.0000     0.0001    33.4921    89.8194    59.9034   -51.8812   -26.7660  -251.8460
   460.0000     0.0001     2.1197   125.6010   -29.6772   -94.4373   177.4840  -107.2990
   460.0000     0.0001    29.3183    93.2146    49.2355   -80.6190     8.4777  -256.0680
   460.0000     0.0001    58.5885    74.7673    70.9089  -143.6260   -52.2621  -201.4870
   460.0000     0.0001    12.5651   127.9900    61.3984   143.1320   170.3210   -52.1872
   460.0000     0.0001    30.2019    87.4237    55.4490   -57.1387     6.6666  -249.1600
   460.0000     0.0001   245.9360   162.0750   172.5810   112.4910  -142.8050    90.2343
   460.0000     0.0001   130.1730    60.1653   204.3980    -2.5013  -136.9380    20.5277
   460.0000     0.0001    39.0197    88.6242    65.9982  -112.3850   -45.0569  -230.7380
   460.0000     0.0001   183.2980    74.7692   168.5260    16.2949  -151.9210    28.5061
   460.0000     0.0001     4.7564   146.3890   -22.9560  -116.3970   192.7420   -74.8187
   460.0000     0.0001   121.7020   369.0630    94.9000   193.9990   -47.7113    68.5569
   460.0000     0.0001    78.9335    53.0932    54.4341   160.5740   -57.9732   161.9330
   460.0000     0.0001    40.5293    79.5752    29.7410  -108.0530     8.0412  -219.8710
   460.0000     0.0001    42.1743    92.9418    47.2284   -75.9865   -39.3106  -245.6680
   460.0000     0.0001    46.3446    64.9211    54.2535  -115.9550   -63.7763  -230.2050
   460.0000     0.0001    30.9783    93.1704    25.2112  -105.1670    19.6310  -275.4850
   460.0000     0.0001    32.5799    84.1757    39.5306   -68.2480     7.1306  -292.4070
   460.0000     0.0001    57.2707    69.6297    69.2375  -159.4410   -82.5233  -218.2550
   460.0000     0.0001    37.6197    76.3191    78.0432  -108.2570   -67.5773  -239.0020
   460.0000     0.0001    40.5206    89.2414    68.1111   -63.7615   -61.4206  -253.2810
   460.0000     0.0001   217.7070    89.3403   210.0260    64.5851  -152.9620    78.5515
   460.0000     0.0001    35.2194    67.5602    52.1011  -167.2410    -7.5607  -185.0930
   460.0000     0.0001   116.8970    58.1237   192.9460    -9.8948  -134.3210    -4.0627
   460.0000     0.0001   128.1230    64.5404   194.4780   -12.4384  -138.6200     9.1667
   460.0000     0.0001    44.0688    85.8711    42.4933  -117.0760    15.3815  -190.3110
   460.0000     0.0001    30.8856    88.3963    58.0385  -124.5190    23.8298  -212.0810
   460.0000     0.0001    24.8080    87.9563    43.1037   -86.6320    55.4120  -218.1010
   460.0000     0.0001   101.4380   126.8720    74.9763    92.7649  -231.1910    88.3409
   460.0000     0.0001    34.0811    79.0799    45.0531  -146.5700   -26.3720  -211.0840
   460.0000     0.0001    32.1344    91.0676    49.7798   -78.2482    36.9683  -233.1880
   460.0000     0.0001    51.6316    87.6146    48.8640   -91.6737   -25.1082  -245.0220
   460.0000     0.0001   140.8230    73.5342   165.9560   -14.7017  -135.2000   -12.4332
   460.0000     0.0001    81.8065    54.5687   141.5390   -50.3647  -103.9320   -80.1381
   460.0000     0.0001   111.1140    57.8446   131.4010   -55.4725  -139.6520   -63.1062
   460.0000     0.0001    51.0840    81.0676    71.6946  -129.4500   -77.7747  -269.6380
   460.0000     0.0001    33.8474    90.1258    50.4303   -37.0609    -5.0532  -215.9090
   460.0000     0.0001    33.4713    75.0294    85.5632  -123.8430   -65.8049  -220.3660
   460.0000     0.0001    87.9058    36.8588   -77.1860   107.8500   -86.1853   -36.3265
   460.0000     0.0001    31.3223    99.3553    39.0621   -79.7718    84.0458  -239.5670
   460.0000     0.0001   121.8030    74.0170   162.9320   -30.0161  -125.2320   -26.7092
   460.0000     0.0001    53.1281    84.6754    72.7354   -90.0868   -84.2659  -249.7050
   460.0000     0.0001    19.0269    88.6536    77.4645    48.5532    82.7687    82.7809
   460.0000     0.0001    25.7686    83.7235    44.4380   -44.1024    27.6791  -222.1780
   460.0000     0.0001    51.9173    70.6069    65.3962   -83.2044   -40.4884  -207.4840
   460.0000     0.0001    37.0460   103.7200    39.4462  -114.5100    18.7472  -305.6760
   460.0000     0.0001   123.4940    63.9699   182.6800   -17.0573  -133.2380   -10.4331
   460.0000     0.0001    83.7585    84.3251   118.7690   -25.4453  -116.8780  -137.8530
   460.0000     0.0001    66.2577    71.7334    57.5927   157.3740  -127.7720   194.0870
   460.0000     0.0001    31.1860    91.4704    56.7128  -117.4840    25.0269  -229.7510
   460.0000     0.0001    58.6730    76.1212    55.1033  -141.5760   -92.8728  -266.7880
   460.0000     0.0001   103.6870    99.8446    -1.7860   242.9350   -68.2550    -4.5583
   460.0000     0.0001    43.2616    62.7752    61.0541   -98.4841     0.7452  -199.3100
   460.0000     0.0001    51.4473    55.1452    88.0227  -138.1320  -123.5100  -162.2050
   460.0000     0.0001    43.5844    75.5283    41.8714  -108.3870   -46.8694  -168.8870
   460.0000     0.0001    36.9890    99.2371    29.1352  -136.4370    46.2702  -275.6330
   460.0000     0.0001    40.4331    70.6428    89.5949  -119.3080   -44.7955  -192.9920
   460.0000     0.0001    52.4095    71.3672    94.1199   -81.6860   -71.2210  -184.4950
   460.0000     0.0001   131.1620    67.0096   147.1790   -45.1119  -154.8920   -12.4398
   460.0000     0.0001    59.3267    68.8456    82.2101  -158.4530   -83.0426  -161.9030
   460.0000     0.0001    77.3615    97.3721   110.8520   -15.4164  -147.8040  -159.8360
   460.0000     0.0001    41.0919    68.2829    63.2085  -170.0410   -51.1605  -228.8950
   460.0000     0.0001   166.8330    78.0179   209.1250    29.8751  -143.3960    35.5622
   460.0000     0.0001    29.0395   101.3690    27.1640   -62.9164    69.3156  -332.0940
   460.0000     0.0001    38.9346    78.0514    69.4969   -36.7393   -36.9148  -253.7270
   460.0000     0.0001   189.7960   117.2460   210.1730    44.4160  -122.3140    53.9149
   460.0000     0.0001    28.1233    67.4636    55.8026  -152.3740   -21.5583  -230.2160
   460.0000     0.0001    35.6470    93.9596    51.7119   -38.4178    22.8987  -220.5100
   460.0000     0.0001   -36.4582   124.3410  -101.4620   -13.4113   -14.4964   -24.1285
   460.0000     0.0001   -12.3570   143.2710   -48.7831   -26.2290   148.7020   -81.7969
   460.0000     0.0001    57.8780   103.2820    17.5810   336.2400  -202.9600    45.6213
   460.0000     0.0001    31.7587    87.4676    61.4453   -34.5712   -13.6192  -219.5290
   460.0000     0.0001    29.8405    70.5544    91.2492   -87.4620   -71.1648  -208.6440
   460.0000     0.0001   -41.8067   152.0640   -54.5449   -50.6424    45.2370    -0.8832
   460.0000     0.0001   -46.8916    88.7205   -99.0795   -36.6745   -49.9204   -37.7680
   460.0000     0.0001   159.9490    67.6701   193.4660    13.9081  -140.4030    21.6272
   460.0000     0.0001    89.5401    66.6125    44.1158   176.0050   -67.3230   137.0470
   460.0000     0.0001    95.9015   133.1330    70.3675   102.6360  -242.3940    98.3234
   460.0000     0.0001    87.8893    47.5396   166.6130   -41.3664  -123.3620   -35.5513
   460.0000     0.0001    36.8094    60.8849    56.9222   -83.1555   -38.3661  -211.1740
   460.0000     0.0001    87.9367    59.5933    31.1787   195.1810   -80.9075   100.9120
