#         t          m          x          y          z         vx         vy         vz
   440.0000     0.0001    71.4915   118.0350   141.9190    24.3873  -151.1160   -64.3838
   440.0000     0.0001    70.9031   146.5050   125.0750   -26.7838  -179.8600   -47.1801
   440.0000     0.0001    90.8034   120.3670   130.7370   -15.3445  -166.7460   -61.4099
   440.0000     0.0001    47.1298   103.2630    86.8321     6.7552  -148.6360  -136.1280
   440.0000     0.0001    47.7213   197.1910    36.2674   263.7710   -95.1552   176.1470
   440.0000     0.0001   133.7060    81.2847   160.0670    19.1954  -161.3090    36.4838
   440.0000     0.0001    15.1443    74.8830    22.0665    99.0027  -159.9350   228.5200
   440.0000     0.0001    57.4671   145.4690   102.8000   -46.9862  -184.8530   -93.9334
   440.0000     0.0001   108.2560   105.1580   123.5900   -33.1206  -155.0190   -19.6612
   440.0000     0.0001   170.6410   153.8070   199.7320    79.7307  -141.5850    97.8318
   440.0000     0.0001    21.3560   105.5460     7.8267  -180.7890    38.4845  -257.7070
   440.0000     0.0001    15.7389    68.3841    21.3219   110.0330  -127.6960   169.7910
   440.0000     0.0001    82.6502   111.8110   112.4290   -80.5744  -132.9330  -102.2600
   440.0000     0.0001    17.3945   199.1440    97.0203    39.2835  -165.2640   -81.1598
   440.0000     0.0001   120.2430   156.1960   155.6150     8.3125  -119.4880    43.6712
   440.0000     0.0001   148.0080   116.0400   178.0980    34.0504  -156.8940    66.1120
   440.0000     0.0001   103.7130    97.4227   162.7260   -16.0036  -154.5330    14.1847
   440.0000     0.0001   157.5420   128.3170   190.3300    61.3478  -150.9010    74.1752
   440.0000     0.0001    28.2145   248.2310    19.0435     8.7099  -180.0760   -13.7234
   440.0000     0.0001    21.2927   117.7860     8.1231   277.3550  -323.1030   186.8760
   440.0000     0.0001   183.7870   165.2760   180.6160    91.2981  -144.1030   113.4010
   440.0000     0.0001    60.2458   102.2730    82.2104   -25.4941  -153.4210  -132.5940
   440.0000     0.0001   100.3050   114.7380   119.6730   -29.7884  -157.1070   -72.0050
   440.0000     0.0001    50.7088   113.3090    58.0574   -40.5374   -98.1268  -217.8290
   440.0000     0.0001     8.7378   150.7450    10.6977   199.2140  -478.7590   -28.8753
   440.0000     0.0001    64.4219   120.2970    83.9880   -42.9161  -144.3260  -146.6130
   440.0000     0.0001    52.9099   103.1360    73.1745   -59.9710  -109.6390  -136.8900
   440.0000     0.0001   113.6000   111.0430   140.7720   -27.5902  -158.0580     5.5004
   440.0000     0.0001   188.1590   163.1300   135.8930    85.5215  -176.1140    80.6885
   440.0000     0.0001    45.9418   107.6250    64.9132   -57.1714   -84.4285  -193.3240
   440.0000     0.0001   113.0880   103.0570   140.1090   -23.3247  -141.7090    -0.2794
   440.0000     0.0001   104.7680   117.0530   155.7460   -27.0312  -169.9930    14.9882
   440.0000     0.0001    53.4928   131.1960    81.6871    -2.8855  -188.2380  -173.7380
   440.0000     0.0001   140.6600   146.6650   178.0860    32.9884  -153.0250    63.4163
   440.0000     0.0001    49.1488   198.9020    40.6658   275.4790   -87.4558   162.3160
   440.0000     0.0001   146.0010    91.0239   192.7620    51.0312  -164.4190    75.5991
   440.0000     0.0001    32.2435   117.8260    48.1651   -29.3842  -117.2590  -298.8930
   440.0000     0.0001    63.0774   117.0520    81.7118   -55.3162  -146.0690  -140.2290
   440.0000     0.0001    81.9376   105.8530   114.5180   -69.3677  -166.2120  -109.5090
   440.0000     0.0001    14.2017    74.2263    32.0198    92.7269   -74.4462   196.4460
   440.0000     0.0001   130.6140   294.9760    79.2307   212.1440   -90.7738    83.7032
   440.0000     0.0001    37.8889   113.3770    34.4109   -95.6113   -55.2337  -292.2610
   440.0000     0.0001    -0.3356   129.6370   -38.8307   -97.3755    54.7431  -209.6890
   440.0000     0.0001   114.6600    92.1727   144.9210   -25.7188  -160.7410    18.5251
   440.0000     0.0001    85.7589   111.5700   119.0340   -57.9352  -136.8100   -93.3037
   440.0000     0.0001   213.5110   203.7360   110.2690   145.7540  -145.7280    85.0713
   440.0000     0.0001    18.6433   120.1820     2.7045  -121.7100   111.4220  -334.4850
   440.0000     0.0001    64.4219   120.2970    83.9880   -42.9161  -144.3260  -146.6130
   440.0000     0.0001   139.2070   110.1780   167.8150    21.3781  -148.7350    46.1200
   440.0000     0.0001   104.6220   106.9530   136.6700   -43.6027  -147.9580    -6.7175
   440.0000     0.0001    56.2077   102.8690    81.2560   -48.9489  -135.8060  -136.6410
   440.0000     0.0001   111.1220   102.0720   134.7230   -27.3204  -146.8140   -10.4461
   440.0000     0.0001    51.9155   119.2600    83.7386   -55.0704  -126.1780  -174.6940
   440.0000     0.0001    23.9210   125.7700    14.0827   336.6950  -308.8090   245.0190
   440.0000     0.0001   -65.8918    88.1303   -87.0441   -87.6996  -101.2740   -90.6207
   440.0000     0.0001    87.5155   349.3430    54.2918   210.9240   -25.2194    87.2410
   440.0000     0.0001   155.6680   115.5620   181.9880    55.0178  -157.6170    63.6139
   440.0000     0.0001    26.8441    92.5250     4.8779   291.6190  -205.1900   161.8640
   440.0000     0.0001   184.6580   147.4600   174.2980    89.4931  -153.4930   102.2400
   440.0000     0.0001    54.1578    93.3802    92.6801   -45.5717  -150.6580  -103.6420
   440.0000     0.0001   186.6140   118.3640   188.1070    86.4148  -145.9390    94.4573
   440.0000     0.0001   100.3060    86.3228   162.7660    -5.9731  -156.9630     9.4587
   440.0000     0.0001   113.9040    93.2573   141.1570   -23.0671  -152.7330     5.4259
   440.0000     0.0001   111.7000   120.7820   144.1730    -9.9059  -182.1720     5.4096
   440.0000     0.0001    55.5569   109.0580    74.5190   -35.9925  -129.9650  -146.9320
   440.0000     0.0001   176.5010   150.9420   167.3810    70.0581  -170.1350   106.0170
   440.0000     0.0001   142.1720   117.7800   161.6690    26.9901  -159.3460    38.4314
   440.0000     0.0001    12.6366   171.3450     9.9488    70.8810  -406.6490    -7.7896
   440.0000     0.0001   111.0490    96.3502   185.0850    10.8916  -148.1970    44.2123
   440.0000     0.0001    72.4208   102.8420   124.4610   -95.1545  -108.9570   -60.8435
   440.0000     0.0001    62.8909    96.1129   159.0140   -39.2039  -142.9380   -13.4870
   440.0000     0.0001    82.9257   139.0270   138.0830    25.4954  -163.8920   -47.3987
   440.0000     0.0001    -9.0237   125.2220   -27.2008  -152.0870   108.6840  -193.8350
   440.0000     0.0001    41.4348   114.6940   112.4690   -77.9096  -105.1900  -120.7050
   440.0000     0.0001    78.3839    96.3111   111.6440   -71.1903  -205.4100  -105.5910
   440.0000     0.0001    41.2668   204.4970    24.4411   272.3350   -65.6493   164.3680
   440.0000     0.0001    10.6691   133.4880    29.6029     1.3415   247.2340  -127.9050
   440.0000     0.0001    45.2329    98.9360    67.9510   -74.1445   -84.7516  -151.5860
   440.0000     0.0001    58.7633   108.4340    76.3239   -32.6739  -142.2760  -154.7770
   440.0000     0.0001    17.4242   118.2610     3.9574   327.9290  -316.7480   131.8070
   440.0000     0.0001   125.8010   130.1940   210.2220    45.8673  -135.9110    80.3770
   440.0000     0.0001    82.2775   107.5580   112.4000   -72.8443  -164.5270  -112.2550
   440.0000     0.0001   152.0850   114.4930   185.2000    54.3152  -155.4110    64.5631
   440.0000     0.0001    74.1462   109.7630   122.7370   -47.4634  -185.9160   -60.1218
   440.0000     0.0001   179.3730   129.9580   167.1260    73.9966  -160.1400    81.2271
   440.0000     0.0001   123.0960   109.6950   150.2460    -9.5149  -155.3700    20.9633
   440.0000     0.0001   100.6410   108.1610   130.9300   -22.8975  -139.3730   -52.4474
   440.0000     0.0001   117.8450   126.0530   190.4590    22.5362  -139.8130    50.1837
   440.0000     0.0001    10.6269   203.2170    92.4588    43.2772  -168.2650   -80.2417
   440.0000     0.0001    -3.2619   130.3520   -46.5723   -99.9480    14.4014  -182.3720
   440.0000     0.0001   126.4780    98.3866   156.6300     0.3850  -156.4390    28.9787
   440.0000     0.0001   131.2200   108.2980   158.1710    12.3320  -157.6580    27.7573
   440.0000     0.0001    64.2146   107.1540    80.7617   -25.3657   -86.0287  -119.5400
   440.0000     0.0001   116.9310    96.7719   192.2610    23.4572  -152.1400    57.1241
   440.0000     0.0001   167.7730   230.9830    86.1605   185.4190  -148.6920    54.7859
   440.0000     0.0001    55.1451   102.4820   131.2910   -84.6196  -141.3590   -74.0211
   440.0000     0.0001   134.0460   117.9380   156.4120    20.0727  -153.7930    23.6857
   440.0000     0.0001    87.7625    90.7105   108.8590   -43.5313  -178.3580   -61.6187
   440.0000     0.0001   120.7530   123.8990   164.3800     2.7563  -177.3150    39.8253
   440.0000     0.0001    -8.0220   126.8940   -47.4873  -101.1500     4.5590  -179.1980
   440.0000     0.0001   189.5490   155.9510   110.1280   104.2630  -188.3880    76.4313
   440.0000     0.0001   104.7990    93.6688   138.9800   -32.6430  -138.0670    -6.4046
   440.0000     0.0001   108.8840   114.2720   110.9110   -27.5734  -164.8240   -31.0001
   440.0000     0.0001   146.2200   113.4390   193.8470    53.0702  -157.5120    86.5996
   440.0000     0.0001    89.3544   102.1390   125.8020   -73.8430  -128.7090   -32.3555
   440.0000     0.0001    81.6083    89.2596   193.2940    -7.9153  -166.0850    57.6059
   440.0000     0.0001    78.6343    90.1148   136.1560   -23.0468  -131.8770   -59.1065
   440.0000     0.0001   102.2600    92.9995   181.5430    10.5457  -152.2420    33.1567
   440.0000     0.0001    58.6319   108.5420    75.5242   -55.1717  -146.4870  -146.6410
   440.0000     0.0001   -49.5997   131.2950   -56.3198  -136.7770     3.1868   -78.5787
   440.0000     0.0001    42.7014   114.0480    54.3610   -35.5444  -148.5050  -252.2120
   440.0000     0.0001   141.4690    93.5966   162.4980    25.6812  -164.7530    42.4373
   440.0000     0.0001   173.4200   148.0360   172.1370    89.6373  -162.5340    96.4092
   440.0000     0.0001    87.9585    98.3380   122.8860   -78.2797  -158.9280   -37.9806
   440.0000     0.0001    89.2522   109.1560    98.0618   -55.5437  -206.4280   -72.3487
   440.0000     0.0001    57.2424    98.7741   151.0340   -40.2710  -133.0030   -32.3844
   440.0000     0.0001    66.2356   107.9430   122.5500   -57.9901  -161.0090   -99.9826
   440.0000     0.0001   120.1700    99.8467   153.5360    -4.7625  -162.2130    17.6243
   440.0000     0.0001   109.8990   144.9130   172.8610    55.4011  -148.9260    23.6875
   440.0000     0.0001   143.2370   305.6420    76.6137   214.5900   -70.0551    83.8216
   440.0000     0.0001   184.7080   150.6450   192.5280   101.9850  -150.8000   112.5640
   440.0000     0.0001   111.8330   101.2580   157.2310    -4.2403  -204.4280    37.5928
   440.0000     0.0001    86.1407   102.3720   114.3380   -81.2064  -195.0960   -49.4589
   440.0000     0.0001    94.6858    92.4595   148.7570   -36.3504  -145.4840    -2.6408
   440.0000     0.0001   129.9090   119.9860   138.6420     3.3912  -148.3680     2.3418
   440.0000     0.0001    66.3121   155.8370   108.7740   -65.7482  -157.1890   -58.5072
   440.0000     0.0001   121.2400   124.1280   132.7710     9.3557  -170.3490   -16.0602
   440.0000     0.0001    83.4359    86.8206   140.0470   -41.5337  -136.1990   -27.6538
   440.0000     0.0001    56.3124   112.7610    71.0739   -52.9201   -99.0423  -159.4700
   440.0000     0.0001   -58.1019   130.2370   -70.8767   -97.3761   -16.1662   -66.3683
   440.0000     0.0001   147.2560   114.9290   175.7100    35.7481  -161.8040    61.0190
   440.0000     0.0001     7.4202   183.6300    18.1425    78.0323  -345.1760   -51.7735
   440.0000     0.0001    88.2792   104.0700   147.3320   -45.5003  -134.2510   -18.7809
   440.0000     0.0001   -38.8479   131.2000   -66.4131  -108.8490   -18.5349  -100.7720
   440.0000     0.0001    75.6335   105.1400   135.0160   -70.6671  -116.9120   -46.7735
   440.0000     0.0001   102.2440   113.0040   129.1420   -16.4097  -143.2650   -58.9113
   440.0000     0.0001    16.3937   104.1610    42.1576   -61.6991   -45.7615  -279.1530
   440.0000     0.0001    66.9319   166.4210    47.1005   221.1490  -221.3730   166.5250
   440.0000     0.0001    71.2349   139.4790   111.7230     0.8589  -187.0140   -89.9411
   440.0000     0.0001    15.6941    79.6512    27.3723   115.5450   -26.8869   188.9810
   440.0000     0.0001   152.3750   120.9420   172.1510    52.0220  -166.7760    81.1459
   440.0000     0.0001   173.4720   130.5600   162.4750    65.0862  -171.9660    85.3136
   440.0000     0.0001    17.4908   125.8400     5.9859   378.6280  -329.4190    80.3592
   440.0000     0.0001    84.6021   117.3470    83.8651   -55.5475  -163.6430   -83.2481
   440.0000     0.0001   177.6030   200.9770    87.2301   167.7180  -169.3290    67.0473
   440.0000     0.0001   154.8450   122.6930   205.6120    63.1711  -146.4190    88.4256
   440.0000     0.0001   140.7000   103.7770   192.1810    40.8611  -159.3410    69.3733
   440.0000     0.0001    58.9679   102.4800    66.1522   -26.4604  -128.1140  -164.8420
   440.0000     0.0001    64.3559   116.7600    74.4367    -8.6109  -127.3770  -150.0000
   440.0000     0.0001    83.1226   131.2580   124.6190     9.7056  -175.2700   -70.9217
   440.0000     0.0001    45.8135   199.2830    31.9408   258.6730   -74.8725   189.9580
   440.0000     0.0001    70.8896   117.3980   122.3980   -57.3211  -153.2240   -85.7337
   440.0000     0.0001    84.1965   113.9360   145.1230    33.4662  -140.3480   -53.2227
   440.0000     0.0001    45.9596   196.6060    34.5870   251.5710   -93.6775   185.0650
   440.0000     0.0001   150.9190   122.3830   209.6260    60.5250  -147.2420    93.3632
   440.0000     0.0001     5.8514   202.0660    42.4272    57.6412  -253.8880   -85.5895
   440.0000     0.0001    95.2005   109.0860   128.6070   -28.3486  -138.2850   -65.4759
   440.0000     0.0001    60.4247   104.4750    77.3238   -51.8294  -153.4940  -137.2150
   440.0000     0.0001    66.1578   104.2020    82.1598   -22.8558  -141.2710  -131.0900
   440.0000     0.0001   118.6160    95.2212   139.4720   -14.2497  -159.2430     0.5888
   440.0000     0.0001    67.2884   119.0900    85.4497   -41.3974  -164.7760  -127.9490
   440.0000     0.0001   184.6180   154.7280   174.5560    90.7159  -155.4670   105.4360
   440.0000     0.0001   155.6220   129.5840   184.7070    55.2313  -152.0970    69.5250
   440.0000     0.0001    97.1197   105.6580   135.7580   -51.7232  -168.1880   -14.1503
   440.0000     0.0001    89.0363   113.0420   114.1840   -53.5020  -136.0030   -96.3736
   440.0000     0.0001    59.4974   163.0340    42.9696   246.0030  -254.0130    91.1806
   440.0000     0.0001    83.6390   114.3200   101.0500   -81.5616  -165.2290  -111.6540
   440.0000     0.0001    45.7576   123.9220    86.8436   -38.0543  -148.9840  -160.3780
   440.0000     0.0001   154.8450   122.6930   205.6120    63.1711  -146.4190    88.4256
   440.0000     0.0001   155.7880   136.3780   208.6660    55.4820  -135.6030    99.0504
   440.0000     0.0001   176.5010   150.9420   167.3810    70.0581  -170.1350   106.0170
   440.0000     0.0001   147.8400   110.7350   174.7210    32.8508  -160.3220    62.9412
   440.0000     0.0001    85.8651   114.3630   107.4450   -69.2740  -164.7080  -102.9100
   440.0000     0.0001    58.6319   108.5420    75.5242   -55.1717  -146.4870  -146.6410
   440.0000     0.0001    29.6816   119.7250    -0.8936   133.6530  -166.4140  -107.1340
   440.0000     0.0001    87.0980   113.5310   119.2090   -55.5469  -161.1020   -85.9653
   440.0000     0.0001   197.5580   110.0360   171.7470    87.5120  -168.4670   105.1790
   440.0000     0.0001   106.8240   112.5700   136.9790   -40.1633  -161.3620    -3.6518
   440.0000     0.0001    57.9014   109.6550    82.8102    29.4978  -121.1740  -143.9630
   440.0000     0.0001    56.3793   110.7390    72.0045   -51.7976  -121.6730  -146.4300
   440.0000     0.0001    53.8660   101.1700    82.1031   -83.2807  -113.6830  -117.5540
   440.0000     0.0001   108.7250   121.0120   138.0960   -11.0684  -155.1020    -9.0666
   440.0000     0.0001    67.1208    91.6125   155.7200   -48.8841  -142.0690    -5.7020
   440.0000     0.0001   117.5590   170.4130   182.6640    26.6237  -113.1820    65.7134
   440.0000     0.0001   179.1640   125.8120   171.5570    77.1690  -158.6830    85.1825
   440.0000     0.0001   133.2130   145.9110   183.8610    68.7520  -142.3990    52.6270
   440.0000     0.0001    47.5002   128.3920    71.6027   -24.1729  -168.7590  -205.5120
   440.0000     0.0001   207.6060   131.3770   147.6460   103.3450  -168.7920    98.4665
   440.0000     0.0001    41.7370   101.9380   -63.5142   156.1030   -73.1025  -155.8120
   440.0000     0.0001   122.2580    92.2839   140.7200    -4.5835  -160.4100     2.6146
   440.0000     0.0001    86.4902   116.4710   111.4330   -44.2736  -190.1460   -98.3164
   440.0000     0.0001    21.4720   106.7810    69.8063   -57.7446   -65.8779  -200.1750
   440.0000     0.0001   139.5370   102.6060   217.0000    59.6494  -156.6610    94.4400
   440.0000     0.0001   111.4640   117.2190   146.0460    -2.3368  -157.9080     4.1691
   440.0000     0.0001   105.4250    87.9881   156.9410   -14.8091  -151.1960    14.7443
   440.0000     0.0001    33.1459   105.1800    65.6363   -44.5264   -94.0559  -202.5670
   440.0000     0.0001    -9.6221   117.1650   -21.5366  -143.8930   122.6530  -213.3170
   440.0000     0.0001   106.8460   108.7690   162.4410    -3.7975  -133.5150     7.4638
   440.0000     0.0001   -44.7010   130.6800   -28.9529  -188.4220    -1.3300   -54.4278
   440.0000     0.0001    88.1497   117.6770   130.1040   -18.3689  -169.3100   -72.0728
   440.0000     0.0001    54.3251   118.6510    86.1982    -8.7363  -123.0300  -118.5770
   440.0000     0.0001   154.8880   116.7560   181.9340    51.5824  -158.2130    67.5561
   440.0000     0.0001     5.6488   130.2150   -22.0016  -105.6880   132.0630  -241.3270
   440.0000     0.0001    91.9968   127.2070   172.8020     5.7877  -151.6900    20.5833
   440.0000     0.0001    88.4089    88.7680   144.5550   -46.4307  -152.5940   -11.7648
   440.0000     0.0001   169.3410   231.1520    82.1829   180.6630  -150.0890    73.7429
   440.0000     0.0001   141.2100    89.2753   166.9880    24.7767  -163.7460    50.5780
   440.0000     0.0001    36.8727    86.8025    13.6720   278.2460  -198.6150   156.7450
   440.0000     0.0001    87.8402   106.8410   158.8730   -14.5864  -133.8990   -18.0348
   440.0000     0.0001    10.4737   131.6790   -15.8987   -94.6565   168.6780  -254.4290
   440.0000     0.0001   103.7130    97.4227   162.7260   -16.0036  -154.5330    14.1847
   440.0000     0.0001   114.2290   150.5360   167.3760    55.9131  -145.4180    17.2646
   440.0000     0.0001    53.6138   125.9030   116.7210    -8.1700  -114.4900  -105.3650
   440.0000     0.0001    94.7779    74.0783   152.3340   -27.4339  -148.6410    20.8411
   440.0000     0.0001   152.2190   118.8740   174.5810    45.0903  -157.1370    56.0804
   440.0000     0.0001    80.4005   123.7520    97.4345   -33.5230  -220.5040   -86.3154
   440.0000     0.0001   116.0330    90.4880   188.0380     8.5506  -183.9920    83.7252
   440.0000     0.0001    42.0540    98.5209    37.7909  -105.3660   -75.3468  -228.4110
   440.0000     0.0001    25.2290   133.4740    -2.6787   167.6450   121.7860  -350.7510
   440.0000     0.0001     6.0075   198.0550    81.5740    49.8503  -183.9710   -96.1640
   440.0000     0.0001    56.1483   117.2000    84.1224   -40.5503  -145.7520  -142.5920
   440.0000     0.0001    39.2746   114.8470    84.1421    -0.6008  -135.2990  -174.6000
   440.0000     0.0001    68.8459    90.4329   112.3360   -53.2992  -152.2750   -70.3398
   440.0000     0.0001   130.3240   118.2270   141.3770    20.8826  -160.5750    -5.1241
   440.0000     0.0001    69.4288    92.7561   156.1330   -60.4354  -171.3770     4.6196
   440.0000     0.0001    -8.8156   118.5740   -28.8542  -114.3270   108.2760  -223.4240
   440.0000     0.0001    49.6753   361.5440    71.6720   214.2930    -3.3646    64.8743
   440.0000     0.0001   110.1290    98.7966   133.9500   -35.8136  -155.6650    -3.2907
   440.0000     0.0001   101.0280   109.1020   149.8690   -38.2804  -185.5920    30.6540
   440.0000     0.0001    -7.1905   123.2840   -20.8242  -161.0030   108.5060  -217.8980
   440.0000     0.0001   126.6020    98.8830   159.1160    -0.8039  -153.5230    34.4078
   440.0000     0.0001    90.9442   112.0600   114.6120   -48.9740  -161.7410   -92.5094
   440.0000     0.0001    89.5041   111.4480   117.4370   -45.6178  -154.5700   -95.5707
   440.0000     0.0001    76.6035   102.5460   132.5390   -66.0013  -120.2710   -56.7550
   440.0000     0.0001   190.7740   135.8820   173.8560    95.1338  -158.6470    92.1829
   440.0000     0.0001    60.8785   106.6930    73.7069   -44.1949  -132.1180  -147.7010
   440.0000     0.0001    79.2618   106.3590   118.5770  -103.1080  -127.4830   -60.2477
   440.0000     0.0001   125.5310    87.4476   162.6360     5.2834  -158.1850    35.3745
   440.0000     0.0001     3.6228   138.5050   -31.3826   -82.2682   130.3880  -205.5260
   440.0000     0.0001    46.9041   119.7740    73.4018   -28.3407  -172.4440  -187.3070
   440.0000     0.0001    27.9702   130.6750     8.8494   461.4950  -253.7170  -176.4790
   440.0000     0.0001    43.8482   198.6980    34.4458   246.7130   -81.2780   182.9390
   440.0000     0.0001    43.2510   186.6060    31.0941   254.1900  -147.3340   229.7090
   440.0000     0.0001    55.8745   106.5180    77.0468   -49.1320  -123.7090  -133.8620
   440.0000     0.0001    78.7049   116.8010   137.8910   -61.2374  -133.3430   -49.7488
   440.0000     0.0001    44.7985   103.8760    98.8930   -21.5398  -113.0980   -82.0917
   440.0000     0.0001   140.7000   103.7770   192.1810    40.8611  -159.3410    69.3733
   440.0000     0.0001    22.6975   109.5260     4.3256   301.5770  -288.8560   126.0820
   440.0000     0.0001   219.3210   171.3930   131.0760   131.7160  -155.6870    92.1346
   440.0000     0.0001    24.9760    86.5460    15.3764   171.9390  -221.2360   214.0800
   440.0000     0.0001   115.1120   133.3400   169.2990    -1.9801  -156.7270    35.4095
   440.0000     0.0001   140.6080    98.2646   163.1220    21.4326  -161.5240    43.1206
   440.0000     0.0001    79.8738   114.9420   117.1680   -39.5818  -180.8910  -115.3430
   440.0000     0.0001    45.2607   129.8000    78.9377   -67.1759  -194.4100  -163.1510
   440.0000     0.0001   180.3410   282.4920    92.8812   177.5530  -107.7230    85.7026
   440.0000     0.0001   217.9410   124.8830   160.3730   123.3190  -169.5510   104.0320
   440.0000     0.0001    83.8288   112.1950    97.9609   -22.4282  -174.1990   -50.7269
   440.0000     0.0001   193.3800   125.0470   188.7960    99.8337  -154.8350   106.2500
   440.0000     0.0001    62.2671   107.3710    80.9795   -89.1838  -145.0370  -129.5150
   440.0000     0.0001    -3.4537   138.1510   -35.7298   -90.8667   119.7790  -191.7540
   440.0000     0.0001    92.6783   109.9870   124.4310   -32.0652  -135.5740   -80.2436
   440.0000     0.0001   174.5870   114.7710   172.3910    68.3176  -156.6110    77.7342
   440.0000     0.0001    26.3047   112.9600    21.4824  -209.3570   -29.1362  -276.8690
   440.0000     0.0001    51.9130   108.3230    84.1342   -20.4611  -109.8190  -166.2660
   440.0000     0.0001    83.6644   105.3390   108.0450  -106.5820  -157.6250   -53.7101
   440.0000     0.0001   116.0440   105.5150   190.7500     6.7674  -182.3350    83.3550
   440.0000     0.0001    -1.4282   405.2330    51.7900   185.5510    37.8988    77.4351
   440.0000     0.0001   116.7540   102.9370   168.3500    -1.3256  -141.7930    31.3227
   440.0000     0.0001   190.0750   243.9750   100.8880   159.8120  -136.5010    84.1149
   440.0000     0.0001    40.4810   127.7860    53.3552   -55.2517  -175.5000  -268.5690
   440.0000     0.0001    87.2202   106.3780   145.9750   -57.6768  -148.6600   -13.6036
   440.0000     0.0001   115.4310   127.9680   166.9450    -2.5072  -158.9450    28.0327
   440.0000     0.0001    93.2744   135.9450   157.1690    38.3559  -155.8250   -13.7274
   440.0000     0.0001    71.9040   169.5220    48.4128   227.2310  -208.8360   118.7980
   440.0000     0.0001    67.2536   159.1290   119.6890    18.5839  -171.9450   -71.8316
   440.0000     0.0001    56.3270    92.4967    86.7847   -75.0956  -117.9050  -110.6750
   440.0000     0.0001    72.4049   122.2330   120.0060    33.5249  -168.6360  -113.2240
   440.0000     0.0001   100.0610   109.2220   127.3330    -7.1248  -156.6420   -73.1461
   440.0000     0.0001   122.7980   106.2500   188.2950    29.9470  -166.7570    79.7172
   440.0000     0.0001   143.0550   108.1050   184.9460    30.2273  -171.9070    84.4026
   440.0000     0.0001    87.3403   110.7060   113.9730   -64.2995  -162.2220   -92.4303
   440.0000     0.0001   -18.8781   133.4770   -36.3833  -162.2560    95.4489  -134.3370
   440.0000     0.0001   104.7340    92.1871   157.4620   -16.0478  -152.3900     9.6538
   440.0000     0.0001   119.8660   136.9360   165.1380    38.2956  -155.5740    18.4957
   440.0000     0.0001   128.9270   105.9590   205.8500    41.0334  -151.2580    75.8297
   440.0000     0.0001   214.2890   191.8780   102.9780   130.0320  -156.8320    61.7325
   440.0000     0.0001    87.8339   106.5460   113.6570   -52.5726  -187.7590   -91.9109
   440.0000     0.0001    36.0666   139.5470    36.1359   -55.5795  -223.8170  -345.6700
   440.0000     0.0001    46.2901   100.9450    91.9800     2.5257  -125.1730  -117.5840
   440.0000     0.0001    41.4847   116.3640    62.5025   -31.5081  -124.8450  -227.9040
   440.0000     0.0001    55.1451   102.4820   131.2910   -84.6196  -141.3590   -74.0211
   440.0000     0.0001   137.1070   109.7980   161.4660    15.3531  -155.2440    39.6124
   440.0000     0.0001    29.3592   126.8010    23.3230  -125.6320  -106.7400  -404.3630
   440.0000     0.0001   206.4800   213.4550   103.8530   145.5220  -148.1910    78.0815
   440.0000     0.0001    21.4286    73.5147     9.8899   174.2950  -191.2070   165.2220
   440.0000     0.0001   124.7910   115.4710   183.7630    19.9273  -148.9820    46.5996
   440.0000     0.0001   108.3070   141.2860   137.4600    33.7494  -163.7610   -30.2564
   440.0000     0.0001   104.7300    99.5483   148.3750   -14.0172  -205.3330     8.3528
   440.0000     0.0001   145.7220   120.3820   206.0680    60.1047  -145.4400    98.8376
   440.0000     0.0001   -47.4789   127.3210   -63.0099  -117.8160   -30.3095   -78.9431
   440.0000     0.0001   145.3150   115.9760   180.3450    30.6710  -150.4850    64.5507
   440.0000     0.0001   101.1230   132.3660   128.0550    28.8755  -168.9040   -55.4751
   440.0000     0.0001   114.8970   108.6850   137.4710   -15.1713  -170.0710    -8.8187
   440.0000     0.0001    39.9017   188.8580    27.5879   267.5720  -141.2120   216.0170
   440.0000     0.0001   206.5480   235.8220   106.8150   165.7280  -130.2510    76.6988
   440.0000     0.0001    54.5678   114.4910    75.3939   -37.2917  -132.0360  -162.6630
   440.0000     0.0001   120.0950   107.9720   147.5510    18.5112  -148.3330   -14.5259
   440.0000     0.0001     7.5130    85.5248    27.5116    -4.0692  -100.6650   268.4890
   440.0000     0.0001    18.1852   123.9710    15.9550   -61.7985    12.8292  -432.4980
   440.0000     0.0001   129.6160   107.4800   172.5120     7.8214  -152.1980    49.4307
   440.0000     0.0001    34.4058   225.7330    41.7840    15.2206  -222.7510   -33.8493
   440.0000     0.0001   162.1230   134.4130   189.7830    58.0311  -147.5650    82.6691
   440.0000     0.0001    95.9250    93.2261   157.4340   -23.2942  -145.5890     1.5777
   440.0000     0.0001    76.6035   102.5460   132.5390   -66.0013  -120.2710   -56.7550
   440.0000     0.0001    73.1994   166.8920    42.3136   235.6780  -210.6270   132.4960
   440.0000     0.0001   168.1210   133.8400   196.5960    76.6637  -137.4440   102.4970
   440.0000     0.0001    50.2361    95.7316    46.0534   -83.2650   -96.3691  -200.4830
   440.0000     0.0001   179.8630   120.7900   176.8360    73.0929  -168.3490    95.2797
   440.0000     0.0001    19.5007   107.0660    50.8596   -97.3230   -55.2865  -243.0330
   440.0000     0.0001   160.6760   118.8730   190.8920    71.6739  -162.2660    94.2447
   440.0000     0.0001   134.6730   111.6250   208.0640    58.2555  -158.9590    75.3689
   440.0000     0.0001   136.6360   117.3360   167.4220    24.9101  -164.2050    42.1088
   440.0000     0.0001    27.8798    88.6085    10.2398   211.4130  -237.2700   158.9180
   440.0000     0.0001   169.7420   120.3270   171.4020    59.6753  -174.8580    88.5946
   440.0000     0.0001    27.3109    90.5493     9.9978   221.1030  -247.7430   154.5750
   440.0000     0.0001   112.6690   118.3600   128.7250   -32.0016  -159.9770   -10.1499
   440.0000     0.0001   106.4800   134.8380    93.1696   -25.0308  -172.5910   -52.9258
   440.0000     0.0001   -47.5295   422.7170     9.0507   163.7310    64.6624    60.4390
   440.0000     0.0001    95.4816    93.9178   163.8200   -42.0092  -160.9190    48.2897
   440.0000     0.0001    31.2200   118.7320    56.5973   -18.7055  -128.8200  -272.5760
   440.0000     0.0001    62.7491   110.1150    81.8152   -14.3436  -153.2210  -137.6080
   440.0000     0.0001    89.8731   117.6600   138.8350   -57.1054  -145.7490   -24.6162
   440.0000     0.0001   150.4550   123.8110   191.7070    43.0560  -150.9820    78.5749
   440.0000     0.0001    21.9725   123.5810    11.5278   315.3990  -325.0840   204.1250
   440.0000     0.0001    -8.0220   126.8940   -47.4873  -101.1500     4.5590  -179.1980
   440.0000     0.0001   101.3440   100.0090   135.5610   -42.8555  -135.8730   -13.0812
   440.0000     0.0001    89.3844    92.7590   147.8200   -62.0921  -162.7890    18.7172
   440.0000     0.0001    30.6428   381.1000    62.1367   198.8940     9.4205    82.3266
   440.0000     0.0001   -65.9729   393.4810    24.5448   163.9630    60.1380    77.6864
   440.0000     0.0001   169.6130   252.0110    87.4210   179.4260  -135.3390    71.7008
   440.0000     0.0001    24.1773   111.9080    22.1704   -75.7343     1.8471  -343.5770
   440.0000     0.0001    77.8432   156.7100   133.6510    29.6278  -157.4330   -48.5086
   440.0000     0.0001    47.7320   108.4440   116.4910   -87.9480  -114.8700  -113.5120
   440.0000     0.0001   159.1480   102.3380   208.1270    70.6066  -153.7950    97.2784
   440.0000     0.0001    18.9654   127.9640     2.5327  -118.3600    99.9409  -392.5770
   440.0000     0.0001    21.1201   209.2420    18.7168    21.5065  -280.5030   -30.4723
   440.0000     0.0001   199.6200   138.0820   172.5630   102.2110  -159.3090   122.7540
   440.0000     0.0001   129.7440    91.6576   158.5600    -7.6525  -165.4740    64.3719
   440.0000     0.0001    35.5086   139.1160    62.2190   -16.5592  -197.1280  -250.5190
   440.0000     0.0001    39.6478   111.0940    64.8164   -55.9206   -86.3314  -197.7570
   440.0000     0.0001   140.2780   133.6410   174.7260    31.7867  -147.3890    51.9891
   440.0000     0.0001    20.4752   112.4920     4.7547   273.0100  -309.0340   109.2460
   440.0000     0.0001    39.2746   114.8470    84.1421    -0.6008  -135.2990  -174.6000
   440.0000     0.0001    76.8082   125.5810   -33.6247   290.9560    21.4501   -60.9787
   440.0000     0.0001    -4.2576   123.1750   -22.2577  -137.6290   100.5420  -238.5400
   440.0000     0.0001    90.4790   331.5020    55.6537   220.2730   -36.6608    85.6878
   440.0000     0.0001   117.8450   126.0530   190.4590    22.5362  -139.8130    50.1837
   440.0000     0.0001    56.5579    93.7803    89.4033   -93.2445  -135.0900  -119.6210
   440.0000     0.0001    10.6269   203.2170    92.4588    43.2772  -168.2650   -80.2417
   440.0000     0.0001   132.7290   102.6160   150.3410    -4.4995  -166.5380    42.0768
   440.0000     0.0001    27.7457   100.6060    33.7974  -122.2970   -29.5750  -251.7520
   440.0000     0.0001    45.8135   199.2830    31.9408   258.6730   -74.8725   189.9580
   440.0000     0.0001   154.8350   142.8740   182.3860    56.9116  -153.6960    73.2599
   440.0000     0.0001    78.5176   114.4330   115.0840   -83.0593  -161.3980  -103.7520
   440.0000     0.0001    59.6889    97.3763   138.9520   -83.0859  -184.7450   -36.0162
   440.0000     0.0001   179.7090   183.3050   192.7750    90.1522  -125.9890   115.5200
   440.0000     0.0001    30.9383   111.5210    58.4756   -77.6603   -79.1064  -223.1150
   440.0000     0.0001    22.3535    95.0721    12.2337   181.4840  -267.8860   200.2830
   440.0000     0.0001   122.6480   359.5890    86.2751   197.7050   -40.8584    81.8428
   440.0000     0.0001    33.9680   132.4800    61.7803    -7.9462  -200.9400   154.6910
   440.0000     0.0001    90.7681   107.0450   119.1660   -20.6311  -190.5060   -93.8610
   440.0000     0.0001    38.2820   126.1190    67.9108    -4.3587  -145.9230  -237.9260
   440.0000     0.0001    45.3927   101.8100    55.8031  -110.5030   -73.2131  -173.8680
   440.0000     0.0001    38.0540   236.1900    25.8553    11.2954  -208.2160   -14.9956
   440.0000     0.0001    16.7610   110.4600    -0.2937  -126.7700    50.5181  -306.8560
   440.0000     0.0001   104.6910    99.4079   162.7650   -12.3019  -138.9090    14.0336
   440.0000     0.0001   101.2170   174.2760   142.7670     0.1542  -138.7890    12.7896
   440.0000     0.0001    67.4612   100.7290   131.6920   -61.6042  -108.1200   -66.9266
   440.0000     0.0001    97.0889   109.8700   129.1330    -8.5715  -138.5640   -72.3910
   440.0000     0.0001    88.1775   104.5990   147.8880   -41.1632  -204.4570     8.4582
   440.0000     0.0001    45.7576   123.9220    86.8436   -38.0543  -148.9840  -160.3780
   440.0000     0.0001   190.8600   140.0640   203.5890    92.7983  -143.7590   117.6970
   440.0000     0.0001   148.6850   119.7100   173.0860    41.9169  -152.2460    50.7127
   440.0000     0.0001   100.2220    82.2585   164.8210   -23.8855  -182.3050    46.6435
   440.0000     0.0001    65.1849   116.3920    82.3582   -50.2863  -164.5380  -122.6580
   440.0000     0.0001    85.0629   106.0070   108.5970   -74.0944  -182.4760   -98.3369
   440.0000     0.0001    60.3276   112.1220    79.5459   -23.8698  -158.7000  -116.7520
   440.0000     0.0001    59.7836   131.5070    79.2072   -36.4662  -189.5720  -158.8100
   440.0000     0.0001    81.8456   103.3400   139.6910   -69.7890  -141.0660   -23.5687
   440.0000     0.0001    89.1946    92.7935   140.6270   -46.4398  -134.3350   -20.0606
   440.0000     0.0001   165.1000   107.6680   118.6880    21.1639  -183.5030    48.6205
   440.0000     0.0001    84.0353   113.7360   140.1510   -21.0983  -131.8650   -60.6459
   440.0000     0.0001    57.3491   111.2730   126.1610   -29.2687  -143.5250   -71.6178
   440.0000     0.0001    10.6269   203.2170    92.4588    43.2772  -168.2650   -80.2417
   440.0000     0.0001    68.3730   107.5910    73.7163   -23.3060  -166.7850  -129.5180
   440.0000     0.0001    57.2064    94.3374   153.7880   -45.7891  -154.8930   -26.1006
   440.0000     0.0001    60.8791   128.9830    75.0582   -65.4064  -126.5230  -137.0380
   440.0000     0.0001    23.0206   148.5140    10.8105   361.5340   -90.8590  -119.9520
   440.0000     0.0001   121.3240    88.7539   157.0690    -4.7538  -157.2570    29.9466
   440.0000     0.0001    71.7212   127.6070    97.6801   -18.3780  -205.7180  -110.1160
   440.0000     0.0001    77.0401    94.2861   132.2120   -56.1311  -127.8050   -54.9972
   440.0000     0.0001    57.6832    98.4757   154.2210   -44.7845  -148.9590   -27.3841
   440.0000     0.0001    98.3105   106.9070   152.0050   -43.6124  -165.3020    14.9870
   440.0000     0.0001    85.0742   106.0310   118.4100   -51.4244  -121.3080   -93.0343
   440.0000     0.0001   162.9050   111.4050   167.6560    54.6351  -159.0920    68.2836
   440.0000     0.0001   -32.3615   135.7430   -46.1559  -150.6600    53.5725  -106.8740
   440.0000     0.0001   115.9820   108.9920   153.9270    25.2055  -150.4890   -15.5400
   440.0000     0.0001   172.7190   118.4260   163.1810    56.6011  -169.8280    85.5111
   440.0000     0.0001   146.0930   102.8280   215.8900    60.4516  -164.7830   105.3120
   440.0000     0.0001    68.3730   107.5910    73.7163   -23.3060  -166.7850  -129.5180
   440.0000     0.0001    60.6122    92.9659   158.2000   -47.0879  -161.5400   -10.3044
   440.0000     0.0001   213.2880   161.3280   147.6610   123.2180  -155.1500   108.2030
   440.0000     0.0001    51.2367   101.6520    85.1022   -76.8218   -95.7139  -110.7760
   440.0000     0.0001   163.4160   131.0850   165.3320    50.3142  -171.6560    87.0749
   440.0000     0.0001    95.9828    90.5718   170.7130     2.0057  -150.2370    14.2962
   440.0000     0.0001    46.9366   203.3270    41.8833   264.4080   -77.4706   153.8670
   440.0000     0.0001    94.3987   111.3890   116.4930   -36.8268  -158.8860   -90.8354
   440.0000     0.0001    66.7618   107.5550    81.6315   -53.6220  -160.7670  -105.3860
   440.0000     0.0001   112.3460   109.2920   146.0630     9.6430  -144.5390   -26.4712
   440.0000     0.0001    24.3905   101.0070    14.3951   221.2230  -276.9720   207.4680
   440.0000     0.0001   179.1640   125.8120   171.5570    77.1690  -158.6830    85.1825
   440.0000     0.0001    -3.1351   189.1960    10.6894    77.0635  -317.9030   -31.9480
   440.0000     0.0001    92.0197   109.0190   115.5070   -15.6148  -180.1740  -104.1290
   440.0000     0.0001   194.1950   218.4610    92.1356   143.6280  -155.3830    68.4673
   440.0000     0.0001    97.5582   158.3470   151.8590    -0.3094  -151.3130    15.0327
   440.0000     0.0001    85.0535   107.4840   105.8730   -77.4059  -167.8290  -109.3100
   440.0000     0.0001   126.5800   105.2310   147.2800    -8.0426  -152.3320    20.5469
   440.0000     0.0001    70.8341   103.0040   127.6260   -70.6396  -111.0370   -76.3917
   440.0000     0.0001    97.7794   119.2740   111.1360    -4.6492  -171.6690   -95.3524
   440.0000     0.0001    80.9225   128.6910   103.6890     2.7125  -198.3930  -106.6990
   440.0000     0.0001    45.2607   129.8000    78.9377   -67.1759  -194.4100  -163.1510
   440.0000     0.0001   199.1220   146.2120   192.9710   103.7890  -144.3550   113.8170
   440.0000     0.0001   139.0440   299.8520    81.2254   206.9170   -89.4518    80.7729
   440.0000     0.0001    36.5523   109.5490    79.4631   -44.1119  -103.3220  -156.2180
   440.0000     0.0001    21.9190   111.9750    44.4475   -65.2296   -47.6455  -287.0070
   440.0000     0.0001    56.5655   112.4660    74.6142   -47.4057   -98.3718  -143.6660
   440.0000     0.0001   -23.9851   127.7620   -55.2707  -125.6940     5.9516  -140.0260
   440.0000     0.0001    88.9523    95.2132   162.4610    -6.4862  -140.5050    -6.4419
   440.0000     0.0001    16.7610   110.4600    -0.2937  -126.7700    50.5181  -306.8560
   440.0000     0.0001   129.0850   107.3000   194.7870    26.8634  -150.8500    67.1244
   440.0000     0.0001    26.7329   144.3070    11.5413   -96.4823   194.1850   315.0950
   440.0000     0.0001    44.5061   128.8530    78.1180     2.5318  -175.9030  -197.1320
   440.0000     0.0001   157.9220   116.7750   187.7270    58.6546  -158.3160    74.7316
   440.0000     0.0001   131.4350    93.3136   189.9330    19.9926  -168.3330    87.3984
   440.0000     0.0001   106.1150    92.8427   160.6560   -10.8216  -156.2520    12.1760
   440.0000     0.0001   115.3340   104.5040   138.2070   -14.7446  -167.7830    -8.6518
   440.0000     0.0001    73.3386   122.4610   116.1900    -5.4217  -190.1230  -105.3960
   440.0000     0.0001    85.8627   112.3440   109.8160   -74.6801  -145.2130  -100.1530
   440.0000     0.0001   111.1820    86.7494   150.7810   -12.9690  -154.3180    10.5037
   440.0000     0.0001    74.3201    94.1340   115.4460   -44.7243  -171.8170   -40.7360
   440.0000     0.0001     0.8274   152.0180    14.1983   223.8830  -410.9970   -75.9151
   440.0000     0.0001   120.1410    97.7865   211.3530    34.7445  -163.3810    86.3790
   440.0000     0.0001    20.5618   121.1540     4.1655   -80.8794    67.4958  -378.2410
   440.0000     0.0001    64.4116   108.1920    81.4619   -59.8734  -167.7080   -99.3047
   440.0000     0.0001   -12.1377   136.5740   -37.3277   -96.6056    75.5231  -200.4250
   440.0000     0.0001    95.1592   106.0460   126.4270   -62.3258  -146.2220   -30.4623
   440.0000     0.0001   124.7680    88.5919   167.6780    15.0353  -162.8460    34.8596
   440.0000     0.0001    64.5534    90.6641   116.2330   -51.2483  -137.9530   -75.3832
   440.0000     0.0001    81.3366   110.3690   113.2500   -73.0284  -124.2300  -112.5170
   440.0000     0.0001   -64.7130   131.5630   -51.5101  -134.0960     5.4795   -57.4249
   440.0000     0.0001    59.6592    98.8681    57.0321  -103.3040  -157.2270  -150.9910
   440.0000     0.0001    12.3167   133.0750     3.3404   215.8160   247.8940   159.4930
   440.0000     0.0001   111.7160   104.8360   144.4350   -29.8575  -157.3490    10.1339
   440.0000     0.0001    58.9651   105.4000    73.5077   -47.1530  -118.0630  -142.3240
   440.0000     0.0001    86.2338    97.4747   132.6050   -74.1090  -142.0100   -19.3139
   440.0000     0.0001    62.1169   108.9690    77.9507     3.9640  -145.3920  -134.4560
   440.0000     0.0001    23.9569    83.8806     5.4158   168.5730  -195.4780   187.5170
   440.0000     0.0001   135.4360    99.5594   167.6350    23.7792  -154.6670    39.9965
   440.0000     0.0001   121.1220   113.8440   143.8360    -5.7579  -167.7260     6.5875
   440.0000     0.0001    50.8947   187.4910    33.9669   264.3730  -151.4220   197.8490
   440.0000     0.0001    20.0095    76.7962    18.2982    99.6571  -183.2840   191.3360
   440.0000     0.0001   149.7280   112.8690   198.3850    47.9954  -149.1820    82.0604
   440.0000     0.0001   159.3280   119.4680   193.8480    58.4145  -150.2770    81.4136
   440.0000     0.0001   133.7180   120.6910   169.1370    11.5478  -154.0660    48.4883
   440.0000     0.0001   169.3410   231.1520    82.1829   180.6630  -150.0890    73.7429
   440.0000     0.0001   130.8140   110.7320   174.0710    17.5434  -142.4420    45.2585
   440.0000     0.0001    45.9387   116.5340    97.9907   -56.3918  -104.9620  -158.9410
   440.0000     0.0001    86.1975   102.7410   126.6080   -73.6831  -123.6440   -40.9826
   440.0000     0.0001    33.9030   101.2080    48.9562  -103.5570   -81.1069  -220.4780
   440.0000     0.0001    60.0829   111.5650    57.6933   -51.2038  -146.0790  -194.1690
   440.0000     0.0001    92.6498   111.6890   119.0760   -20.1795  -151.6680   -99.9133
   440.0000     0.0001    63.9134    86.5375   109.8710   -51.9757  -168.3450   -72.2916
   440.0000     0.0001    78.2151   114.1880   140.6840   -65.1709  -140.0410   -38.6096
   440.0000     0.0001    50.0336   108.9100    56.7767   -68.7372  -160.0550  -205.2240
   440.0000     0.0001   127.2250   126.6190   192.5190    34.3968  -148.8360    53.9580
   440.0000     0.0001   126.2530   104.4990   155.4990    -1.5325  -153.4100    26.6415
   440.0000     0.0001   217.1820   224.8900   108.4310   165.7770  -130.0640    79.4636
   440.0000     0.0001    93.0458   119.8190   153.2700   -39.2293  -151.9630    -5.7752
   440.0000     0.0001    91.2672   108.5240   110.5160   -83.5210  -159.4620   -48.6364
   440.0000     0.0001   103.3720   106.0020   143.2270   -41.4068  -149.7020     1.9876
   440.0000     0.0001    99.7001   111.8920   123.5590   -22.6201  -159.4160   -72.5096
   440.0000     0.0001   171.3950   135.0510   121.9640    37.5869  -185.4300    57.5911
   440.0000     0.0001   115.2130   125.3710   175.1730    22.6286  -147.5550    34.3968
   440.0000     0.0001   185.2120   131.1390   173.9450    79.1236  -154.7400    89.5671
   440.0000     0.0001    15.8290   127.6190     6.6466   351.5650  -372.4820   120.3500
   440.0000     0.0001   185.2680   154.7190   186.7580    94.8810  -145.6850   114.4640
   440.0000     0.0001    77.3772   106.5170   132.8040   -86.7947  -140.1790   -37.8622
   440.0000     0.0001    45.7098   184.1180    40.4358   199.0120  -154.7090   199.6970
   440.0000     0.0001   123.9330    99.6627   151.8810    -6.1902  -147.9610    21.1162
   440.0000     0.0001    86.2338    97.4747   132.6050   -74.1090  -142.0100   -19.3139
   440.0000     0.0001   104.0520   115.9760   131.8120     1.7244  -146.0720   -61.4107
   440.0000     0.0001    26.7733   108.9940   -10.7503   120.9600  -186.0240  -133.3840
   440.0000     0.0001    96.3318   115.5910   122.1910   -27.1298  -165.6070   -75.5441
   440.0000     0.0001    99.8837    84.9251   150.8380   -12.6908  -153.6760    -8.5431
   440.0000     0.0001    54.9634   121.5680    49.7264   -92.4460   -95.2705  -220.5040
   440.0000     0.0001    46.7835   370.5500    60.2537   208.2740    -3.1745    77.7078
   440.0000     0.0001   105.6440    85.9347   156.2970   -15.9323  -154.1690    18.4987
   440.0000     0.0001    -3.3357   124.3230   -54.3004   -65.9825    -8.4723  -189.0360
   440.0000     0.0001   -42.2652   114.0510   -92.1315   -71.3002   -55.2813  -111.7540
   440.0000     0.0001    44.6119   125.0050    96.4156   -43.4725  -125.0140  -138.0330
   440.0000     0.0001    73.4212    97.2422   121.8610   -39.9616  -150.7660   -51.0696
   440.0000     0.0001    -0.2677   171.0380    22.9825   144.8820  -345.9740  -103.0710
