#         t          m          x          y          z         vx         vy         vz
   345.0000     0.0001  -127.7400   242.7780   -33.3545   119.8120   183.6590    63.5433
   345.0000     0.0001     5.7320   173.0880   -41.7483   102.7870   -19.5787    75.6354
   345.0000     0.0001  -170.4220   228.0190   -37.2511    31.3428   210.1590    56.4358
   345.0000     0.0001   -22.3644   155.7790   -38.5835   162.4750   -57.9708    74.3062
   345.0000     0.0001  -100.1520   228.5030   -23.2892   188.7530   192.8200    71.8959
   345.0000     0.0001   -47.0906   191.3260   -37.8437   120.4300    60.8812    97.1715
   345.0000     0.0001   -50.2032   192.2240   -41.8003   111.7790    48.6538    75.6694
   345.0000     0.0001    -4.2568   222.8650   -13.9417   111.0780    94.9104   130.3900
   345.0000     0.0001  -126.3790   220.7050   -35.2917   131.2240   163.3420    78.2629
   345.0000     0.0001   -42.7351   186.7950   -42.4987   128.7090    34.4109    88.5255
   345.0000     0.0001   -24.6319   178.8350   -28.9482   144.0900    27.1493    85.3835
   345.0000     0.0001   -37.2525   179.5710   -45.0866   137.7280     8.8814    98.3641
   345.0000     0.0001   -29.9472   184.4010   -31.8076   135.6590    31.0809   102.4830
   345.0000     0.0001   -95.8962   243.8920   -27.9046   187.4520   196.3770    64.7510
   345.0000     0.0001   -43.8580   186.4040   -36.1729   124.1570    44.6592    96.9494
   345.0000     0.0001   -31.3557   180.3910   -39.3599   138.1540     3.8362    79.3441
   345.0000     0.0001   -55.9994   179.6380   -41.8792   133.9510    51.0068    80.0299
   345.0000     0.0001   -44.0573   190.6360   -25.6512   127.9840    77.7903    92.1798
   345.0000     0.0001   -35.1494   188.2200   -31.4056   127.5760    32.9639    92.5842
   345.0000     0.0001   -51.6645   192.9960   -34.5045   106.5230    66.6907   106.6910
   345.0000     0.0001   -49.7045   186.6720   -40.6461   120.5140    41.6681    89.5256
   345.0000     0.0001    -1.5568   200.7300   -23.9311    99.0509    46.6430    97.8827
   345.0000     0.0001  -115.7230   225.6350   -32.7317   154.4370   156.9550    45.5812
   345.0000     0.0001     7.6102   145.5600   -39.7459   102.3690   -91.8501    69.2810
   345.0000     0.0001    -9.3203   195.2670   -24.5573   105.7050    32.4446    97.3861
   345.0000     0.0001   -42.4528   181.3930   -48.2950   136.6960    24.2349    94.6585
   345.0000     0.0001   -46.5923   188.1810   -33.6857   119.3030    51.3484   109.9720
   345.0000     0.0001   -31.5245   168.0060   -39.7733   151.8220   -17.3206    97.6964
   345.0000     0.0001   -27.2324   183.6690   -37.2257   136.6630    13.7756    93.9225
   345.0000     0.0001  -107.6500   225.0700   -29.9138   173.3070   187.6860    59.7593
   345.0000     0.0001  -111.2750   219.9580   -35.7165   169.6040   187.8750    66.5920
   345.0000     0.0001    -5.4099   176.5940   -31.4228   117.2230    -2.7727    97.7471
   345.0000     0.0001   -14.6036   199.5470   -31.0032   114.8460    39.4130    94.6528
   345.0000     0.0001  -103.9790   227.3380   -33.3016   184.9670   155.0330    62.2440
   345.0000     0.0001   -20.3504   184.8180   -38.4014   130.8250    19.7568   107.0830
   345.0000     0.0001    -4.2856   232.4250   -15.8398   103.8350   107.9380   146.6100
   345.0000     0.0001  -103.9930   222.0330   -31.3909   185.6420   153.2280    57.9058
   345.0000     0.0001    -8.5424   214.6890   -31.9461   110.1820    58.7807   114.3980
   345.0000     0.0001  -191.3960   209.6100   -54.5922    -9.8623   190.7730    40.8435
   345.0000     0.0001   -70.0673   187.6880   -31.3991   114.9640   103.6930   102.0320
   345.0000     0.0001   -41.2284   190.8330   -34.1436   119.7480    39.2540    95.2272
   345.0000     0.0001   -39.4806   180.4990   -29.7615   126.0140     9.5838    90.3094
   345.0000     0.0001   -98.8945   227.3330   -24.1024   189.8060   190.1340    64.1203
   345.0000     0.0001    -0.5629   137.9780   -28.9876   124.0540  -106.8270    64.2991
   345.0000     0.0001   -33.6572   172.1220   -38.8157   143.1370   -10.4412    90.1291
   345.0000     0.0001   -56.4702   190.8580   -37.2141    98.7563    57.9910   121.8290
   345.0000     0.0001  -183.9910   218.2360   -54.4825     4.4982   199.2720    43.0198
   345.0000     0.0001  -137.0810   246.6800   -29.0443    99.4349   203.4690    54.1574
   345.0000     0.0001  -160.0750   227.6740   -41.6997    50.7361   204.1420    58.2991
   345.0000     0.0001   -51.4473   193.7750   -34.4064   110.0520    71.6045   101.7170
   345.0000     0.0001   -88.2013   238.9810   -20.7923   202.2980   190.4390    56.8023
   345.0000     0.0001   -49.7600   183.9410   -36.1917   136.8900    71.4678    89.6657
   345.0000     0.0001     1.3234   144.8500   -27.5215   104.7620   -86.3103    60.4925
   345.0000     0.0001   -33.9591   193.3910   -45.0624   135.0500    67.0759    88.7447
   345.0000     0.0001    12.4707   150.0040   -33.7729    74.8535   -79.3878    65.2316
   345.0000     0.0001   -54.6591   181.6450   -45.3644   130.2000    46.4636    94.6828
   345.0000     0.0001     5.2804   131.9100   -27.3863    69.5652  -123.7070    64.5856
   345.0000     0.0001   -49.3589   186.4090   -29.2197   116.0010    49.9571    94.1343
   345.0000     0.0001   -27.1695   167.0590   -32.1307   141.4860   -42.2178    89.6555
   345.0000     0.0001  -151.2440   238.1800   -36.1568    69.2041   202.1370    68.1851
   345.0000     0.0001   -59.8422   190.6980   -28.5198   109.7000    94.1481   118.0240
   345.0000     0.0001   -48.7946   176.0860   -33.9430   145.4890    43.0601    92.4374
   345.0000     0.0001   -39.2212   170.0380   -36.6450   161.9430    13.7791   117.1180
   345.0000     0.0001   -66.5690   186.9080   -47.5172   122.1260    85.9683    73.5466
   345.0000     0.0001  -116.8970   219.3170   -22.0758   148.9840   174.6180    72.1936
   345.0000     0.0001   -93.9774   227.0650   -24.4236   203.4130   187.2740    62.9123
   345.0000     0.0001   -31.6134   182.8510   -33.0263   132.0660    19.7018   100.4560
   345.0000     0.0001   -90.4063   232.1810   -18.8586   206.1240   176.8040    65.4311
   345.0000     0.0001     1.6166   158.7220   -39.3810   126.7820   -46.9603    79.9625
   345.0000     0.0001   -36.6231   159.2840   -38.5279   168.5400   -32.6442    81.7223
   345.0000     0.0001   -47.6730   191.1730   -35.5263   111.8330    46.0199    89.4529
   345.0000     0.0001  -125.8550   217.2710   -39.4962   132.4300   175.7480    57.4053
   345.0000     0.0001   -31.8352   182.8730   -30.2364   140.8340    39.5594    97.9594
   345.0000     0.0001  -121.5800   200.8370   -41.0413   123.6890   193.7710    60.4464
   345.0000     0.0001    -8.5747   174.5170   -21.8050   122.2390   -26.2654    98.8189
   345.0000     0.0001   -33.6572   172.1220   -38.8157   143.1370   -10.4412    90.1291
   345.0000     0.0001  -173.9580   224.2230   -37.1983    21.7478   206.8560    62.5291
   345.0000     0.0001   -39.5244   182.1610   -44.3878   134.1810    15.2068    89.9224
   345.0000     0.0001  -168.3530   220.0880   -38.8943    34.0851   191.0310    69.1790
   345.0000     0.0001  -109.2860   238.4760   -28.5961   155.0240   211.7550    74.6457
   345.0000     0.0001   -45.2205   185.1400   -37.5364   124.7350    43.7848    92.9281
   345.0000     0.0001   -92.2134   232.7650   -26.3625   205.1770   166.3070    43.4661
   345.0000     0.0001  -105.9590   227.4820   -28.5738   175.2510   196.3190    62.6352
   345.0000     0.0001  -101.8200   229.8550   -25.2232   185.3140   168.2060    48.4639
   345.0000     0.0001   -52.7279   194.6170   -36.1996   103.6200    69.8302    89.7726
   345.0000     0.0001   -36.6194   172.4690   -35.0440   138.5420   -18.2620   104.2850
   345.0000     0.0001   -53.2060   190.9870   -26.6420   110.6500    73.9738   104.0950
   345.0000     0.0001   -32.8609   157.8120   -41.4069   171.0900   -45.9565    82.0179
   345.0000     0.0001   -16.0071   181.1020   -37.0527   136.0930     6.5678    79.4314
   345.0000     0.0001  -155.0590   201.5770   -45.8520    63.1126   188.7780    57.0449
   345.0000     0.0001     6.8149   139.2380   -34.6710    89.2856  -108.2240    71.2630
   345.0000     0.0001   -35.9314   187.5590   -39.5808   135.2880    27.6402    73.4451
   345.0000     0.0001  -124.8530   230.3790   -27.4433   131.6260   178.5400    73.7204
   345.0000     0.0001   -42.5716   189.7080   -45.5848   134.0680    63.0228   101.8930
   345.0000     0.0001   -56.4702   190.8580   -37.2141    98.7563    57.9910   121.8290
   345.0000     0.0001   -46.5098   182.0480   -32.3400   142.4900    60.3774   121.1590
   345.0000     0.0001  -160.3860   228.3020   -27.2389    51.8567   208.6880    61.1318
   345.0000     0.0001  -126.5210   239.0530   -33.5773   125.9600   177.0320    62.8495
   345.0000     0.0001  -153.0540   238.3880   -37.7532    67.8282   202.7820    63.9363
   345.0000     0.0001  -168.0030   211.9370   -32.6042    28.2671   195.7640    74.7827
   345.0000     0.0001   -26.4573   188.1100   -36.4963   133.9640    30.2441    98.9935
   345.0000     0.0001   -19.7855   166.7610   -43.1378   158.7430   -19.7356    77.0428
   345.0000     0.0001   -46.0517   193.5760   -39.0307   114.3020    44.6337    92.9798
   345.0000     0.0001     3.5551   171.5450   -35.9684   122.5750   -10.6136    73.1910
   345.0000     0.0001   -34.2860   182.2250   -39.6807   138.3880    29.0569   108.3530
   345.0000     0.0001   -10.6996   144.6040   -33.5007   142.6440  -108.1600    90.7982
   345.0000     0.0001   -41.5909   193.9870   -34.5317   115.4290    46.8599    94.1150
   345.0000     0.0001  -102.2460   216.6070   -28.0106   184.3090   165.7640    69.7965
   345.0000     0.0001  -145.3230   204.0950   -39.8125    82.5319   200.8500    58.2033
   345.0000     0.0001   -54.9648   174.7820   -37.0927   150.2130    49.2957    93.0600
   345.0000     0.0001   -39.3137   192.4650   -34.0211   122.1420    50.7710   102.1750
   345.0000     0.0001   -33.0026   189.4520   -41.7730   132.0390    26.7717    89.9970
   345.0000     0.0001   -39.7222   185.8990   -40.4160   132.9400    38.3499    95.0958
   345.0000     0.0001   -48.9785   188.2530   -47.3278   128.7970    60.1326    93.3304
   345.0000     0.0001    13.7867   134.2740   -40.1146    74.5508  -112.1780    42.8325
   345.0000     0.0001   -50.6165   191.7590   -31.4309   111.0820    65.5525    96.7511
   345.0000     0.0001  -182.6580   215.9210   -47.9709     0.8345   202.6330    50.8285
   345.0000     0.0001    14.5807   158.1340   -39.3601   101.1150   -59.4199    69.2303
   345.0000     0.0001  -176.8720   224.7200   -52.5224    15.4262   199.1690    52.4741
   345.0000     0.0001   -65.6607   183.0980   -33.6957   134.0190    93.6513    97.8966
