#         t          m          x          y          z         vx         vy         vz
   525.0000     0.0001   154.3010   -25.5493   175.0440   -60.0091   -69.1462   -82.3418
   525.0000     0.0001   140.9000   -24.7754   160.9940   -68.3648   -56.4074   -95.8575
   525.0000     0.0001    24.9359   219.3150    -5.3243    79.1628    51.1446   130.8160
   525.0000     0.0001    17.9242   244.6790   -26.6078    79.4321   134.3720    69.9449
   525.0000     0.0001    77.4707   109.7690    78.6969    -9.5769  -350.8990   -17.7175
   525.0000     0.0001   151.9580    91.2264   128.2330   -66.2395    90.0950   -19.8157
   525.0000     0.0001   122.6220   -25.2869   116.1260  -127.6830   -53.2286   -82.6700
   525.0000     0.0001    -9.0926   247.4970   -59.2404    -3.0678   173.4120    21.7776
   525.0000     0.0001    30.1177   237.6970     1.7493   106.4010   105.8050   118.8040
   525.0000     0.0001    59.6616   164.2750    48.8880   136.2880  -105.5890   212.9380
   525.0000     0.0001    30.1545   215.3380    22.6544    88.6541    50.6793   103.3430
   525.0000     0.0001    71.8300    84.5244    65.4375  -115.9360  -233.6030  -146.4990
   525.0000     0.0001    19.7653    28.6330     8.2851   -30.6337   139.2190  -176.8860
   525.0000     0.0001    45.4096   181.1700    38.1439   176.1020   -18.1130   202.0690
   525.0000     0.0001    80.6200   128.7420    75.6984     3.0349  -341.0570    65.8916
   525.0000     0.0001    59.0569   170.0050    37.0904    68.3680   -94.6095   198.4070
   525.0000     0.0001    71.9358   116.9100    73.1715    82.1893  -376.6150    69.8807
   525.0000     0.0001    73.5602    89.8339    74.8433   -51.1856  -292.1890   -30.1303
   525.0000     0.0001    18.6142    88.9326   -14.3430    41.8407   221.7300  -132.7130
   525.0000     0.0001    16.8811   247.3930    -8.7212    80.8947   135.8860    90.6574
   525.0000     0.0001     4.9687   238.9860   -33.9824    61.7128   155.5890    60.2673
   525.0000     0.0001    -7.9897   225.9180   -45.7395    23.0786   134.1320    52.9562
   525.0000     0.0001    58.6442   164.6730    35.1334   156.8180   -76.6229   197.0430
   525.0000     0.0001     0.8101   223.0310   -81.2566    53.6457   130.4680    -9.3094
   525.0000     0.0001     9.3529   189.4070   -29.4178    72.6737   144.1330    85.6119
   525.0000     0.0001    18.4899   195.6410  -109.1300    23.0163   135.6910   -51.9035
   525.0000     0.0001    62.3022   165.3660    38.3120    70.9503  -145.6110   195.5420
   525.0000     0.0001   284.4780   -11.3781   170.0030   -15.2155  -130.5780     9.1463
   525.0000     0.0001   -13.7148   240.2410  -108.2870    15.6909   177.9090   -70.0366
   525.0000     0.0001   113.4960    49.2992   122.2770   -26.1511    93.7944   -39.7892
   525.0000     0.0001    16.1595   239.9690   -49.4318    20.4719   178.4880    42.6856
   525.0000     0.0001    18.6425   224.6940     7.7191   100.1010   104.9610   132.5820
   525.0000     0.0001    43.1951   248.7420    12.8018    80.4062   123.6770   146.5200
   525.0000     0.0001    59.7896   132.1970    51.2270   299.0880  -286.1920   262.1740
   525.0000     0.0001    75.2856   114.3400    76.1724    54.2819  -352.2500    47.2540
   525.0000     0.0001    67.5641   136.5530    56.3198  -206.6890    41.5151  -298.4480
   525.0000     0.0001    54.1317   231.7110     0.3949   146.7630    73.7719    79.9950
   525.0000     0.0001    -5.3249   248.1120   -51.6509     5.9658   152.9910    38.0493
   525.0000     0.0001    14.6370    63.6907    -2.6617    14.3943   194.5720  -165.0390
   525.0000     0.0001    42.9622   233.7850   -42.5980    56.5234   171.2180    58.0406
   525.0000     0.0001    36.9302   187.1250    38.2772   152.7720  -109.5130   156.8670
   525.0000     0.0001    98.8862    25.1340    75.2813  -146.6550    -7.3456   -91.3056
   525.0000     0.0001    80.5177    -9.8105   100.3910  -100.9210    23.8257  -147.2060
   525.0000     0.0001     9.8773    79.3821   -15.1945    16.5582   206.0600  -124.9590
   525.0000     0.0001    38.3333   181.1790    30.2250   175.5170   -10.4709   191.2210
   525.0000     0.0001    43.3046   161.9510   -55.6624    18.8153     8.2915    93.9165
   525.0000     0.0001    49.1545   171.9320    38.4857   175.9930  -118.1030   151.3320
   525.0000     0.0001   190.0310   -50.6208   195.0910   -54.2974   -99.2202   -25.8946
   525.0000     0.0001    73.9104   118.0430    73.7232    48.4398  -355.5630   126.2120
   525.0000     0.0001    27.0822   221.5540   -57.2452    30.2186   170.3440    30.8783
   525.0000     0.0001    92.3121   134.9590   100.9290  -106.0440    78.4615  -193.1910
   525.0000     0.0001   297.8390   106.3040   141.8060    11.4364  -161.2280    14.8371
   525.0000     0.0001    76.2510   113.4260    75.5639    66.3179  -349.5220    66.6048
   525.0000     0.0001    11.7167   222.9160   -25.1962    72.0360   135.0490    87.1157
   525.0000     0.0001    77.0620   157.3040    82.0447    34.6107  -187.4610   115.5390
   525.0000     0.0001    71.2257   202.9410    18.0462    64.7355   -16.0490   117.1800
   525.0000     0.0001    33.5200   210.2740   -16.0304    80.1681   115.5940   138.3330
   525.0000     0.0001     6.9741   195.3770   -36.5565    -3.1652   140.5940    46.7539
   525.0000     0.0001    63.6580    26.6859    62.6238   -91.5124    87.2252  -222.7600
   525.0000     0.0001    -4.2394   217.0170   -59.2066    34.0359   138.8970    34.6983
   525.0000     0.0001    61.9613   180.9900    22.2779    71.5914   -83.2538   134.2010
   525.0000     0.0001    74.2819    88.9861    76.7104   -96.7311  -239.7050   -82.6200
   525.0000     0.0001    20.5697   244.9790   -19.6358    87.8491   137.5220    83.0371
   525.0000     0.0001   283.0120   104.8300   139.3410    16.2892  -174.1240    13.7534
   525.0000     0.0001    45.0971   177.9520   -50.1280   101.4640   176.3760    -9.2002
   525.0000     0.0001    10.4137   168.7370   -21.5906   -24.5764   186.9730    61.6059
   525.0000     0.0001    36.2415   177.6830   -27.9513    84.0649   205.4120    13.4257
   525.0000     0.0001    15.3181   247.7070   -26.9967    21.7869   159.0760    78.0446
   525.0000     0.0001    74.3437   119.5700    60.2022   100.6370  -404.1790   187.4170
   525.0000     0.0001   167.2660   -32.8164   206.7250   -51.6692   -90.1525   -48.9437
   525.0000     0.0001    69.7198   144.7150    61.6586    86.0134  -246.0230   198.6840
   525.0000     0.0001    41.6698   173.8400   -30.5779    74.4212   205.2080     7.4372
   525.0000     0.0001    58.1169    48.0549    45.5444  -175.2280   103.7460  -118.1100
   525.0000     0.0001    76.9588    99.9830    75.3173     6.8407  -344.6000   -57.9389
   525.0000     0.0001    63.9299   101.5600    56.0399   108.4310  -350.7380     7.8148
   525.0000     0.0001    54.5394   229.9620   -46.3579   106.1620   170.6180    22.4001
   525.0000     0.0001   -25.5357   201.3250  -106.6690    -2.5530   166.2990   -68.6646
   525.0000     0.0001    28.9321   221.9230   -12.0549   111.6220   100.2930   119.2430
   525.0000     0.0001    40.0468   241.1290   -14.7164    56.3921   167.4200   115.6120
   525.0000     0.0001    33.7631   154.3560    32.7594   207.6810  -167.3820   198.2360
   525.0000     0.0001    43.8334   176.0900    12.3071   113.1780   -12.8609   164.3250
   525.0000     0.0001   -13.3907   189.1640   -85.0994     2.6552   167.3130   -31.4558
   525.0000     0.0001    45.8964   247.0540    -9.4826    87.7752   148.0770   122.2070
   525.0000     0.0001    38.0244   239.9860    -8.5636    85.8044    67.9632    90.5188
   525.0000     0.0001    62.0471   148.2930    58.5000   124.9090  -241.2970   163.4450
   525.0000     0.0001    55.2574   237.4540     0.8199   138.2150    97.5079    92.3817
   525.0000     0.0001     2.5628   220.8540   -46.5118    48.0107   130.6280    60.4507
   525.0000     0.0001    72.7653   126.3100    73.5336    78.6634  -346.2460    90.5677
   525.0000     0.0001    -2.6388   210.5290  -115.1700     8.2681   168.7760   -68.3738
   525.0000     0.0001    28.3673   227.9010   -42.1979    93.8812   154.9830    62.1566
   525.0000     0.0001   212.5250    13.3323   269.1740    -8.1492  -102.9460   -17.9027
   525.0000     0.0001    85.2846   123.0240    78.5668   -15.0679  -316.4730    98.3336
   525.0000     0.0001    24.5562   155.9360   -14.4887   -24.6750   226.8790    37.0113
   525.0000     0.0001    -6.6982   243.6300  -103.6190    -2.6060   189.0730   -49.6858
   525.0000     0.0001    59.4398   181.3850     4.1768   116.6440     1.0228   144.2790
   525.0000     0.0001    80.2433   119.4550    76.4031    29.7788  -312.5800   142.6460
   525.0000     0.0001    33.9292   204.6170   -57.3045    96.8568   166.0740    -6.6431
   525.0000     0.0001    76.4694   107.9730    74.8398    25.6358  -361.4660   -14.9619
   525.0000     0.0001    35.4689   138.3820   -24.4296    24.9662   232.5230   -49.7793
   525.0000     0.0001     6.7623   191.3170   -62.3170    54.7098   178.9140   -14.2564
   525.0000     0.0001    31.6894    81.3872     6.9987   -19.6017   272.7420  -136.2820
   525.0000     0.0001    73.7058   126.3940    74.2129    77.6719  -311.1240   151.6410
   525.0000     0.0001    48.3615   149.1980    38.0521    75.5268  -239.1100   246.0600
   525.0000     0.0001    55.7570   229.8440   -10.7514   119.6170    64.3408    74.2745
   525.0000     0.0001    82.1110   108.6500    70.8790   -28.7562  -361.5930   108.4780
   525.0000     0.0001     5.8018   233.0990   -23.4754    57.3531   137.3960    83.9611
   525.0000     0.0001    37.5498   177.1890   -18.1144    68.8813   217.5690    23.4594
   525.0000     0.0001     9.0143   159.0390   -17.3421     6.8115   218.3750    31.6759
   525.0000     0.0001    58.8453   168.2210    44.3730    83.9863  -105.6400   203.4640
   525.0000     0.0001    53.3280   219.3880   -29.2259    79.3861   163.0010    81.6813
   525.0000     0.0001    86.5409    97.7868    79.0018   -16.6283  -272.1670   -12.6723
   525.0000     0.0001    70.4675   143.3800    61.8408    88.0240  -295.1560   152.1160
   525.0000     0.0001   231.2810   -62.4530   232.9500   -18.3045  -108.6880     3.2807
   525.0000     0.0001    19.6320   162.6230   -35.8294    77.4150   191.3330    43.7160
   525.0000     0.0001    -6.2437   237.2010   -48.3684    37.8437   166.8290    37.2787
   525.0000     0.0001    48.7250   -19.4843   107.5010   -87.4748    16.3627  -140.7410
   525.0000     0.0001   263.8380   -15.1423   209.8440   -17.9631  -125.4560     9.0016
   525.0000     0.0001    77.5903   138.5790    69.1402    73.0231  -316.8600   109.0120
   525.0000     0.0001    42.3397   173.0970   -39.9803    63.4573   166.2140   -21.6779
   525.0000     0.0001   155.2620   -31.9764   178.7480   -57.5089   -70.2132   -77.3302
   525.0000     0.0001    65.3025   165.7800    69.4530   122.3630  -235.0440   102.9590
   525.0000     0.0001     1.3983   248.0560   -46.3543    47.5150   171.4080    37.8089
   525.0000     0.0001    47.5033   185.3960    31.8928    86.7586   -69.6750   121.0290
   525.0000     0.0001    62.1622   158.1020    38.3836   116.3320  -124.1270   220.1090
   525.0000     0.0001    75.7752   111.3910    76.1872     8.7824  -349.6240    77.9984
   525.0000     0.0001    61.0775   167.8740    42.5112   168.7400  -157.8310   154.5130
   525.0000     0.0001    65.6972   138.1090    66.0705   105.8360  -286.7070   173.0650
   525.0000     0.0001    16.1247   235.7880   -29.3623    72.6973   143.2180    81.6145
   525.0000     0.0001    47.2818   121.1000    43.6316  -194.5910  -175.3140  -294.2370
   525.0000     0.0001   118.0320   100.2280   -31.9047   -53.4919    -6.0345   161.2570
   525.0000     0.0001    65.7168    45.4983    62.7710   -95.3308    74.2969  -274.3080
   525.0000     0.0001    42.5867   239.0710   -24.2071   122.7890   144.6590    87.1546
   525.0000     0.0001    49.0951   233.4090    -6.1632   112.1100    60.2709   117.8070
   525.0000     0.0001    52.0733   175.1470    27.5109    98.9581  -136.0820   142.9000
   525.0000     0.0001    -7.5495   125.1590   -39.5417    70.0122   179.4900   -78.6052
   525.0000     0.0001    78.3610   147.8280    65.1717    42.3041  -274.8270   144.0620
   525.0000     0.0001    70.3021   127.3550    74.6133   137.3800  -301.0110   142.5620
   525.0000     0.0001    41.9362    90.1470    65.6466  -100.4590  -141.8140    55.6051
   525.0000     0.0001    28.0104    60.7440    19.7097   -52.1659   219.6410  -181.1730
   525.0000     0.0001    90.1571    34.5809    65.4373  -179.0050    -0.0881   -88.6471
   525.0000     0.0001   -21.7027   207.6330   -96.1918    11.8503   169.4840   -57.9690
   525.0000     0.0001   149.8540    85.0766    78.7097  -122.5240    74.8741    28.7377
   525.0000     0.0001    38.1089   203.3850   -40.0989    79.7104   180.2540    18.7521
   525.0000     0.0001    54.1543   181.9350    17.6395    62.7748   -49.0258   133.6180
   525.0000     0.0001    10.1894   161.8310   -21.7271     4.4167   212.0650    35.2911
   525.0000     0.0001    40.0468   241.1290   -14.7164    56.3921   167.4200   115.6120
   525.0000     0.0001    -1.4994   233.4330   -63.0042     4.1617   179.1320    15.6325
   525.0000     0.0001    76.2876    93.2525    79.0096   -84.8577  -274.0910   -33.7791
   525.0000     0.0001    49.9602   140.8920    44.1827   275.2930  -193.4100   260.1870
   525.0000     0.0001    48.6595   182.9550    26.9575    98.6378  -116.0990   119.3130
   525.0000     0.0001    53.6287   181.1170    21.8696   171.8050   -70.4741   139.8010
   525.0000     0.0001    53.1959   245.5440    -1.5051    76.4769   126.2550   131.7400
   525.0000     0.0001    53.1678   200.1720   -68.2980   133.7190   140.5740    -4.5705
   525.0000     0.0001   231.2220   -31.3462   225.3990   -23.1601  -106.5710    -8.9065
   525.0000     0.0001    55.8352   165.1430    29.7568   141.1070   -76.8453   187.4960
   525.0000     0.0001    31.0100   216.6560    -6.1525    97.9247    56.6532   142.7450
   525.0000     0.0001   218.4670   -25.3773   138.5820   -76.5356  -106.7910   -19.6632
   525.0000     0.0001    -7.8716   233.2480   -53.9090    16.5534   134.8840    38.5605
   525.0000     0.0001    25.2851   218.5990    -9.3636   101.4410    85.0440   132.3460
   525.0000     0.0001    38.5020   184.7380    39.3352   148.7600  -130.7070   153.5900
   525.0000     0.0001    80.2979   102.3100    79.7839    40.3607  -304.1850    -7.9118
   525.0000     0.0001    12.3087   200.6300   -19.3635    91.0015   143.6270    93.5405
   525.0000     0.0001    37.3941   173.8390    31.1832   152.7030  -161.3150   169.8730
   525.0000     0.0001    43.2183   191.2570   -61.1574   110.7770   163.7990   -11.9711
   525.0000     0.0001    -2.6920   182.7110   -30.4638     1.6388   158.8920    43.4955
   525.0000     0.0001    88.7996   -19.4549   107.6250   -93.8716    13.1198  -133.1710
   525.0000     0.0001    13.2048   134.7230   -26.7583    58.4735   222.5310   -39.1970
   525.0000     0.0001    51.5682   162.4700    42.9307   141.0630  -147.1690   157.1050
   525.0000     0.0001    50.9390   184.2250    21.6036    45.6899   -41.4901   143.2160
   525.0000     0.0001   -40.1870   192.6950   -99.7151   -17.8237   160.7220   -54.4580
   525.0000     0.0001    -7.8238   199.6040   -55.8370    31.4893   171.0780    -3.7405
   525.0000     0.0001   149.7420   -46.0212   191.8650   -43.8501   -65.3560   -69.6636
   525.0000     0.0001    53.6151   173.8490    43.0966   109.2850   -63.4748   199.3790
   525.0000     0.0001    90.1960    -6.1346    95.1939  -101.0990    14.9902  -158.1870
   525.0000     0.0001    23.2727    48.7110    17.9734   -10.5392   198.2340  -174.8690
   525.0000     0.0001    43.1995   171.4530    32.9164   204.6870  -137.4400   192.9820
   525.0000     0.0001    40.7576   180.1630   -33.5075    86.9389   198.0050     7.5966
   525.0000     0.0001    83.9167   142.4860    67.7561    34.2950  -286.1270   147.2280
   525.0000     0.0001    52.3674   184.9860    50.9204   133.7360  -135.8790   140.2000
   525.0000     0.0001    51.8250   156.2470    27.9458   108.3050  -127.8200   198.0210
   525.0000     0.0001    34.5474   224.2170   -11.5417   114.7430   115.3790   135.1660
   525.0000     0.0001   -27.5114   201.6900   -99.2145     6.8573   163.5970   -58.0507
   525.0000     0.0001    74.5073   128.4610    73.6848   136.8840  -344.0170    54.6958
   525.0000     0.0001    -6.1423   107.1130   -63.8463   -31.6196   169.3480   -47.3217
   525.0000     0.0001   -26.2880   237.5070   -90.8450     3.6117   179.1140   -38.2909
   525.0000     0.0001    60.5445   145.5900    55.5078   143.2300  -237.7050   176.9530
   525.0000     0.0001   -11.1015   197.5070   -47.4792    45.5050   143.7600    54.0211
   525.0000     0.0001    50.6370   181.2520    18.3702    55.8656   -30.5555   157.5480
   525.0000     0.0001    47.2934   217.9460   -32.0798    78.4025    85.5087   102.5930
   525.0000     0.0001    63.6460    84.4412    50.7676    59.5568    55.5034  -128.7380
   525.0000     0.0001    59.9417   178.6780    39.8098    67.1669   -76.5561   177.7910
   525.0000     0.0001    27.4560   239.8010    -6.1603   105.4930   130.7230   110.2330
   525.0000     0.0001    78.3666   107.7510    82.6039   -34.5365  -302.4860    66.9475
   525.0000     0.0001    27.4539   -23.0319    74.1806   -11.4440    37.8941  -174.7180
   525.0000     0.0001    42.3111   218.3100    -9.5063   117.0320    62.3345   142.6880
   525.0000     0.0001    77.1920   125.4900    74.5801    23.1860  -347.5630    88.4668
   525.0000     0.0001    42.4304   176.3930    41.0026   113.5050   -56.9337   166.9360
   525.0000     0.0001    29.7347   184.1460   -22.1856   128.3350   -25.2118   110.7560
   525.0000     0.0001   109.4560   -12.3229   146.3460   -81.2679   -42.1954  -125.6780
   525.0000     0.0001   -12.2642   151.2680    14.3981   213.7380   -48.8974   155.0640
   525.0000     0.0001   -12.2204   124.8480   -69.7608   -18.5175   165.6230   -43.1690
   525.0000     0.0001    48.7921   140.0500    27.5241  -123.7670   -90.5986  -260.4210
   525.0000     0.0001    24.0156   253.5190   -24.8262    88.5073   145.7740    61.9522
   525.0000     0.0001    62.6846    13.8015    80.0987  -102.9810    52.2940  -194.1770
   525.0000     0.0001    44.2315   170.1020    66.4333   187.3060  -189.6100    96.4079
   525.0000     0.0001    12.0479   173.9090   -34.1287    -8.3388   157.2500    18.6074
   525.0000     0.0001    18.3263   237.6900    -3.7837    88.7745    95.2650    87.4103
   525.0000     0.0001    74.5539    96.3605    74.8465   -54.5366  -296.7750   -95.9818
   525.0000     0.0001    40.6421   231.8660     8.7258   140.8470    74.4835   117.0330
   525.0000     0.0001    51.3248   194.7510    30.6677    82.5221   -12.7934   125.9180
   525.0000     0.0001    35.9285   249.4100    -6.9801    45.7903   107.2190   101.4920
   525.0000     0.0001    39.5470   260.0750   -68.2127    58.9073   188.8920    13.1481
   525.0000     0.0001     9.9039   256.8340   -41.3530    52.3866   168.3030    41.6445
   525.0000     0.0001    33.2075   116.1120    30.0089  -141.0650  -165.2280  -221.6070
   525.0000     0.0001    41.6698   173.8400   -30.5779    74.4212   205.2080     7.4372
   525.0000     0.0001    57.0530   184.5450    22.3834    50.7709   -83.3169   141.5290
   525.0000     0.0001    24.5562   155.9360   -14.4887   -24.6750   226.8790    37.0113
   525.0000     0.0001    26.2215    85.9235     4.5366    -3.4471   272.3590  -120.3380
   525.0000     0.0001   227.9590    -6.7475   248.9240   -14.3024  -109.8980    -6.1872
   525.0000     0.0001    79.9275   145.0790    73.8198   102.2190  -294.1500    91.9624
   525.0000     0.0001    70.4541   167.6060    52.3543    62.5119  -245.2340   167.0720
   525.0000     0.0001    34.3783    99.9144    22.9625   -58.2185  -222.0460  -203.9160
   525.0000     0.0001    41.3154   246.9920   -15.1833   100.0660   119.4440    96.4565
   525.0000     0.0001    79.3867   138.1370    78.9764  -177.0050    83.3284  -227.0080
   525.0000     0.0001    26.8255    77.1619     7.6269   -14.7464   248.1130  -158.0330
   525.0000     0.0001    59.4286   214.9410   -42.9057    73.3497   164.1110    43.5642
   525.0000     0.0001    46.3008   174.7760    10.9709   123.6860    -1.6106   173.2530
   525.0000     0.0001    17.8440   146.0720   -10.8298    -8.0732   245.4430    31.0791
   525.0000     0.0001    64.2264   192.6560    41.3735   123.2090   -44.6590   140.6940
   525.0000     0.0001    65.9928   149.4370    50.2281   121.4080  -239.7210   192.4190
   525.0000     0.0001    78.2220   123.4800    68.3606     0.5592  -332.0870   191.4090
   525.0000     0.0001    -1.0915   261.1970   -33.0792    27.0111   183.3600    49.6685
   525.0000     0.0001    42.7584   160.6090   -29.7742   119.1360   213.9610    -0.8071
   525.0000     0.0001    41.6614   249.9950   -12.5170    71.7783    95.6683    87.9897
   525.0000     0.0001   283.9750   270.0420   145.7720   113.2850  -141.1940    47.5594
   525.0000     0.0001    19.0794   216.6990    -3.5444    98.9947    94.5819   131.1710
   525.0000     0.0001    54.5801    19.1193    56.1008  -107.8850   104.8090  -185.4400
   525.0000     0.0001    36.0081    60.4045    18.3478   -25.0917   230.0690  -191.0230
   525.0000     0.0001    18.0572   220.1800   -24.3724    87.0661   101.8630    92.3127
   525.0000     0.0001    51.6156   231.7360    16.3484    82.5366    41.0917   137.2600
   525.0000     0.0001   127.8950   -37.6683   173.3430   -53.0343   -54.3988   -94.3150
   525.0000     0.0001    25.4677   224.3450    -8.6736    69.8432    99.5631   143.1830
   525.0000     0.0001     4.7477   217.0670   -38.7070    54.2423   133.4600    69.2685
   525.0000     0.0001    14.7443   238.0800   -44.0099    72.9816   171.4610    44.6146
   525.0000     0.0001    84.7838   131.5800    73.9275    84.1538  -328.4400    73.9849
   525.0000     0.0001    25.3899   100.5400    -9.8023    71.5391   245.2620  -123.8410
   525.0000     0.0001   -16.6508   137.1840   -70.2682   -13.6091   168.8200   -30.3336
   525.0000     0.0001    61.4512   215.6470    35.5780   107.3330    23.5306   138.1660
   525.0000     0.0001    66.0123   121.4410    61.0085   367.0360  -343.5990   182.2410
   525.0000     0.0001   165.3300   -39.1444   179.1830   -65.3281   -88.1729   -53.1928
   525.0000     0.0001   167.3490   143.2060    25.7915   -74.0415    -3.9223   116.4090
   525.0000     0.0001    43.3937   257.4030    -0.1226    81.9299   145.2830   118.6970
   525.0000     0.0001    45.9115   171.6190    26.9156   130.9250   -38.5869   186.4400
   525.0000     0.0001    29.0089   243.9410   -35.0077    92.2188   132.9460    62.9989
   525.0000     0.0001    22.4065   178.9810   -86.7582    76.0659   158.6210   -46.6937
   525.0000     0.0001    25.5944   213.3190    -4.0137    91.4849    95.2285   146.0350
   525.0000     0.0001    51.3248   194.7510    30.6677    82.5221   -12.7934   125.9180
   525.0000     0.0001    37.6664   254.4550   -42.1619    79.2489   181.2180    53.8664
   525.0000     0.0001    40.3288   249.2730   -38.7417   101.9790   131.6930    46.0999
   525.0000     0.0001   123.6310   -21.6716   143.9220   -83.9131   -35.5030  -105.3840
   525.0000     0.0001    75.6225   100.0490    72.6704   -66.1821  -334.5530   -96.5337
   525.0000     0.0001   110.4090   -28.6543   147.0080   -75.5982   -32.4487  -110.0960
   525.0000     0.0001   -19.9952   184.7730   -73.9319     4.3929   165.9990   -20.7991
   525.0000     0.0001     3.2769   221.3980   -46.9382    59.0252   150.1090    50.0415
   525.0000     0.0001   142.9530   -27.6909   164.3930   -63.4815   -58.6641   -95.5902
   525.0000     0.0001    41.5392   246.0500   -44.1338    85.9267   170.6280    61.3893
   525.0000     0.0001    42.3111   218.3100    -9.5063   117.0320    62.3345   142.6880
   525.0000     0.0001    34.9278    60.7811    44.6542  -114.1310   218.0940   -72.0733
   525.0000     0.0001     8.5023   239.1140   -26.9415    63.1764   140.3580    73.2695
   525.0000     0.0001   -24.8919   195.1770   -28.8525    35.4255   153.5730    20.7056
   525.0000     0.0001   273.2890    28.0300   130.5810   -15.7977  -148.1610    -0.8408
   525.0000     0.0001    32.3296   117.8820   -14.8252    79.0246   264.0640   -66.8634
   525.0000     0.0001   110.2790   -36.0107   167.9900   -50.4857   -41.9215  -105.4520
   525.0000     0.0001    62.8924   140.1780    56.2388   214.3630  -315.6990   193.2680
   525.0000     0.0001   -26.3208   193.4240   -62.3984    14.5405   170.8400    -7.9541
   525.0000     0.0001    66.1790   131.5260    65.0199   109.3870  -319.4700   189.9600
   525.0000     0.0001    32.2251   225.3010     8.6132   112.8280    75.4133   156.3340
   525.0000     0.0001   -17.7995   221.7830   -81.7814    22.2752   175.6470   -27.3684
   525.0000     0.0001     5.3486   104.0700    -3.3373   188.8530    -7.6994   237.6380
   525.0000     0.0001    51.0653   253.9140   -25.5115    75.1420   127.4470    65.6267
   525.0000     0.0001    28.2416   254.5100   -23.3591    54.8155   178.5620    76.0773
   525.0000     0.0001    -8.2707    26.0618   -59.0965    75.1862    15.8588   138.7430
   525.0000     0.0001    59.2762   182.2170    22.6319    38.2342   -77.9738   159.3800
   525.0000     0.0001   260.0660   268.7790   134.7300   126.2850  -148.6750    41.4349
   525.0000     0.0001    16.7838   231.6020   -50.8296    53.3569   184.3570    21.9038
   525.0000     0.0001    35.4404    35.3993    33.2487   -88.8220   167.5710  -174.9540
   525.0000     0.0001   110.4260   112.1730    93.6883  -138.9270   160.8690  -102.6500
   525.0000     0.0001   139.0990    63.0652    75.3241  -104.3610    86.7574    21.7158
   525.0000     0.0001     8.5358   114.4300    -3.8929   183.8890   -12.6358   238.7320
   525.0000     0.0001    51.6380   188.9640    31.0104   107.2460     8.6443   166.7210
   525.0000     0.0001    35.7674   186.4610   -51.2898    53.2040   141.5380     6.5097
   525.0000     0.0001    56.2774   151.6650    43.4520   129.7380  -159.8800   223.9260
   525.0000     0.0001    12.7129   238.0490   -31.1125    74.7826   137.7480    68.8991
   525.0000     0.0001   -35.0201   165.1520  -103.5120   -30.1882   145.3430   -56.0652
   525.0000     0.0001    26.4811    40.7900    24.1822    28.1987   165.2380  -206.4960
   525.0000     0.0001    74.5601   162.7480    56.6857   118.9320  -219.4960   140.4050
   525.0000     0.0001    54.8803    87.9321    53.2222   -30.5318   201.8990   298.9090
   525.0000     0.0001    23.1032    45.3381     5.6072   -15.0226   165.9720  -187.4280
   525.0000     0.0001    73.7325   146.7940    54.8766   169.1990  -241.0030   188.3720
   525.0000     0.0001    54.0365   178.9100    42.9444   124.0720   -41.5428   187.2180
   525.0000     0.0001    48.9265   129.6320    48.5471   350.7730  -180.3680   258.0220
   525.0000     0.0001    75.4413   109.0110    74.3925    57.5781  -363.6840    49.9564
   525.0000     0.0001   157.4080   -34.0288   184.8560   -50.9386   -73.3469   -74.2032
   525.0000     0.0001    69.2791   143.1550    66.6467   108.0970  -245.2870   185.3850
   525.0000     0.0001    13.0087   214.5830   -44.2615    71.1113   148.7140    61.1638
   525.0000     0.0001    71.8802   110.1930    62.2991   480.1730  -236.4180   172.6050
   525.0000     0.0001    20.7574   237.9410    -0.2152    94.5810   120.8790   114.4020
   525.0000     0.0001    48.0738     6.7934    68.9374   -82.4088    63.3497  -193.0410
   525.0000     0.0001    75.8762   135.4940    60.7722   182.1530  -299.7250   163.4930
   525.0000     0.0001    19.1998   235.7250   -18.3143    89.2656   124.9400    90.6211
   525.0000     0.0001    66.6277   132.2510    64.4861   108.9870  -315.6380   198.4480
   525.0000     0.0001    51.4036    37.6811    45.9879  -125.7760   145.0050  -196.5850
   525.0000     0.0001    11.6208   236.5610   -45.8783    60.7994   178.2970    21.3467
   525.0000     0.0001   152.6090    73.2703    66.9684  -117.1780    69.3172    48.5114
   525.0000     0.0001   -16.2227   197.9900   -48.2666    32.4769   144.0640    47.5125
   525.0000     0.0001     9.8608   219.3420   -30.8768    42.5879   111.8540    97.7165
   525.0000     0.0001    43.3937   257.4030    -0.1226    81.9299   145.2830   118.6970
   525.0000     0.0001   284.4780   -11.3781   170.0030   -15.2155  -130.5780     9.1463
   525.0000     0.0001    28.7308   221.4370     4.6169   110.2190    81.9636   154.5670
   525.0000     0.0001    17.1103   208.8650   -27.1873    64.0714   145.2630   106.0300
   525.0000     0.0001    18.2728    69.3076    -0.3579    11.3520   209.6370  -164.8030
   525.0000     0.0001    32.1216   228.6310    13.2151   112.8460    75.3112   146.4630
   525.0000     0.0001    53.7368   237.5210   -10.3395   128.7590   110.8640   126.2070
   525.0000     0.0001    80.1443     2.8041   107.0060   -81.8721    10.7864  -179.5280
   525.0000     0.0001    22.8488   150.9220   -24.4737    69.4787   215.7490   -30.4137
   525.0000     0.0001    50.8812   179.5750    58.3698   135.8130  -188.4670   124.2180
   525.0000     0.0001    30.6833   181.6400    49.4730   148.3910  -138.0050   137.7220
   525.0000     0.0001    47.0603   247.9520   -18.3231    74.3349   110.3250    99.5116
   525.0000     0.0001    54.1852   179.0070    12.1581   142.8330   -93.7501   108.0670
   525.0000     0.0001    59.9692   171.6960    65.5564   110.8540  -211.6170   131.3740
   525.0000     0.0001    37.9744   243.2770    -1.8037    49.1349   146.2210   139.9460
   525.0000     0.0001    68.4890    18.4032    59.0226  -128.7630    83.4014  -181.7620
   525.0000     0.0001    22.8581   220.7410   -12.9138    87.2984    98.7684   125.7110
   525.0000     0.0001    20.6769   114.1150   -42.1133    75.5907   203.7340   -82.5361
   525.0000     0.0001    31.5424   218.1870    -8.1270   110.5830    56.9771   127.4240
   525.0000     0.0001   160.6250   -37.7037   215.1690   -32.8296   -76.1365   -59.4894
   525.0000     0.0001    70.9550   137.3890    67.0772    65.1323  -286.4180   189.9360
   525.0000     0.0001    19.5260    73.2854     5.9285   -14.7567   237.2560  -141.4630
   525.0000     0.0001    15.9588   229.2820     3.3643    86.4375    79.1178   106.2140
   525.0000     0.0001   -23.0198   232.2830  -104.7340     7.7160   178.9380   -65.6263
   525.0000     0.0001   116.9790   -23.2710   150.6930   -78.9212   -43.5305  -109.3350
   525.0000     0.0001    42.0269   235.5850    -6.9855   108.5690    62.1621    96.8438
   525.0000     0.0001    55.9909   160.4230    48.2481   119.2300  -123.9680   218.1470
   525.0000     0.0001    43.9116   218.4870   -46.7107   121.7080   141.2400    53.1181
   525.0000     0.0001    39.7552   177.7460    21.5411   101.4240   -47.3684   129.1880
   525.0000     0.0001    90.7002    -8.4929   109.0030  -116.9210    -0.2357  -133.9200
   525.0000     0.0001    44.9977   185.9230    11.7225    84.7873    25.8971   163.2600
   525.0000     0.0001    72.1904   135.2330    71.6330    71.1598  -314.8480   119.6600
   525.0000     0.0001    24.8200   186.5280    42.6690   156.4180   -97.4984   152.3820
   525.0000     0.0001    51.2964   170.5610    28.2285   111.6270  -143.4780   136.8690
   525.0000     0.0001     8.8201    88.3879   -58.2159    69.2086   163.2900  -106.8630
   525.0000     0.0001    45.7238   166.5520   -24.5366    94.2615   220.9390     5.3108
   525.0000     0.0001    72.3136   110.7650    61.8629   117.1140  -515.9360   -21.7493
   525.0000     0.0001   104.0780   112.0760    97.3352  -143.2410   142.4820  -115.7890
   525.0000     0.0001    36.5540   170.5500   -42.7346    95.4062   187.9800   -17.1722
   525.0000     0.0001    79.9824   118.5420    71.5513   -18.5148  -335.0160   158.0740
   525.0000     0.0001    47.1570    34.5416    35.2009   -46.1479   168.7440  -204.4680
   525.0000     0.0001    76.8093   111.8480    67.0628    57.1783  -402.5780    95.0062
   525.0000     0.0001    90.4390   139.8450    93.8248   -73.0771    76.8364  -232.9160
   525.0000     0.0001   104.4570   -21.4194   161.4350   -57.2235   -36.2208  -120.3080
   525.0000     0.0001    39.5135   119.1180    -8.7828    80.4592   276.1950   -89.2072
   525.0000     0.0001    14.9568   252.0440   -52.8046    18.3425   174.6140    36.1987
   525.0000     0.0001   153.7440   -23.0793   190.2090   -53.8575   -69.6578   -75.8164
   525.0000     0.0001   -30.4394   162.6610   -57.7624   -24.7625   154.4130    10.1852
   525.0000     0.0001    46.0070   181.0030    32.6629    43.8790   -52.9420   173.6050
   525.0000     0.0001    49.0544   185.6970    22.7270   160.0970   -83.0474   127.2030
   525.0000     0.0001    34.1160   150.2360   -16.6950    -6.4302   239.7920    13.1817
   525.0000     0.0001     1.8906   228.1820   -37.2583    57.2713   136.3490    59.9698
   525.0000     0.0001    43.0142   201.3140   -50.8028    80.0727   172.6520     9.3564
   525.0000     0.0001    -5.0976   225.7630   -42.6620    38.8012   140.0250    59.5027
   525.0000     0.0001    19.6031   159.9830   -17.4343    75.2858   220.4200     7.3929
   525.0000     0.0001    21.2874   133.7030   -14.5713    32.0367   247.5130   -21.4505
   525.0000     0.0001    -0.1621   181.3930   -37.2405   -18.7071   165.1060    48.5224
   525.0000     0.0001    25.9258    95.8321    -4.3846    20.6447   254.6560  -131.7040
   525.0000     0.0001    30.0147   193.2570   -75.5622    77.2002    80.0415   -12.9420
   525.0000     0.0001    79.3487   136.9620    70.6714  -140.7310    86.1663  -286.1120
   525.0000     0.0001    52.9471   247.3760   -35.4459   101.5880   144.6840    75.3687
   525.0000     0.0001   -17.0809   237.1430   -73.4336    -1.9904   158.7340     4.7712
   525.0000     0.0001    38.7284   222.8450    -5.5702   104.6860    80.1526   120.7670
   525.0000     0.0001    66.0611   161.3690    44.9201   158.2190  -190.2160   162.7170
   525.0000     0.0001   194.9830   -29.1462   168.1520   -71.8061  -105.3420   -33.9158
   525.0000     0.0001   -13.1488   240.8890   -52.0936    25.7956   163.6550    30.8047
   525.0000     0.0001    45.2287   191.3600    36.0561   122.9000     0.1921   168.4170
   525.0000     0.0001   145.2850   -36.2618   192.2720   -39.2781   -66.2320   -80.9476
   525.0000     0.0001    31.3118   184.8120    24.6604    82.3825   -27.2674   171.8530
   525.0000     0.0001     9.7990   237.0890   -37.1367    73.6784   150.3330    57.4212
   525.0000     0.0001    40.2477   221.0070   -13.8012    88.8316    32.6874    93.1948
   525.0000     0.0001     9.1358   228.7460   -32.7589    67.1434   140.3680    74.0804
   525.0000     0.0001    56.0187   186.1530    21.0467    35.2784   -93.6802   158.2160
   525.0000     0.0001   -14.0983   231.3250   -70.4453     5.2748   146.2400     9.3783
   525.0000     0.0001   161.2560   -23.6557   229.6240   -26.4924   -80.5448   -53.6061
   525.0000     0.0001    57.2462   143.8820    68.5557   258.2270  -275.2290   100.6250
   525.0000     0.0001    79.0413   118.1320    68.9796    57.8602  -342.4170   187.0870
   525.0000     0.0001   163.4020    92.2875   110.4660   -82.0096    87.0942    20.7990
   525.0000     0.0001    21.3636   232.6950   -36.3470    64.8896   105.5420    73.8564
   525.0000     0.0001    19.4064   222.7280   -27.5264    48.7162   107.2160   105.4260
   525.0000     0.0001    22.6275   249.7180   -23.9359    81.4986   136.3780    71.1375
   525.0000     0.0001     7.9546   218.7960   -29.6150    53.0345   132.4080    94.5541
   525.0000     0.0001   156.9310   -31.5800   153.4660   -80.8314   -63.4751   -71.8561
   525.0000     0.0001   176.3130   -24.0556   225.9260   -30.3053   -84.9448   -49.8220
   525.0000     0.0001    44.4860   232.8230    11.8625   137.8450    86.1151   143.5940
   525.0000     0.0001    22.0049   161.5990    60.5944   224.5670  -149.6700    91.8969
   525.0000     0.0001    19.6320   162.6230   -35.8294    77.4150   191.3330    43.7160
   525.0000     0.0001    74.8961   113.3330    63.9601    73.4247  -421.7500   147.4210
   525.0000     0.0001   122.4550   -19.6103   148.9540   -94.1921   -54.0642   -96.8338
   525.0000     0.0001    51.5617   174.6680    44.2813   101.5560   -76.1009   178.0430
   525.0000     0.0001   197.1130    13.8856   235.7290   -26.0539  -103.6690   -41.3788
   525.0000     0.0001    91.9021   189.1070    43.7772    24.1306  -143.7760   170.6620
   525.0000     0.0001    57.8341   124.5590    52.7450   350.9580  -237.6480   319.4320
   525.0000     0.0001    81.1824    95.9885    76.7479    17.4302  -276.8130  -133.0240
   525.0000     0.0001     0.4436   211.0120   -42.0792    38.6251   150.3990    65.6490
   525.0000     0.0001    71.3829   142.4040    70.2287   124.8830  -319.5040    49.7888
   525.0000     0.0001    -5.9918   244.7570   -50.7809    29.7923   170.1960    32.7827
   525.0000     0.0001     4.2552   242.1410   -31.4343    56.1084   160.2020    63.7508
   525.0000     0.0001   135.2850   -15.0034   163.3040   -73.1315   -61.1564  -102.1190
   525.0000     0.0001    31.1639   181.4810    20.7986   148.8560   -53.7775   175.2370
   525.0000     0.0001    -7.1452   192.2430   -68.4614     0.9498   167.1860    -5.2545
   525.0000     0.0001    23.8567   260.7340   -25.3552    40.9581   184.7890    75.7637
   525.0000     0.0001    44.4473   238.0050    -9.7990   128.0990   105.8730   107.4900
   525.0000     0.0001     7.3856   227.8610   -12.7142    55.3698    88.3627    98.7346
   525.0000     0.0001    74.0302   164.1970    55.2572    62.5161  -260.2950   160.3450
   525.0000     0.0001    42.4082   217.1400   -13.3577    73.4067   178.1700   103.3520
   525.0000     0.0001    30.1444   234.4750   -31.3624   106.1110   138.0970    73.3613
   525.0000     0.0001   208.0860    -6.2719   215.5520   -38.2412  -103.5370   -30.4216
   525.0000     0.0001    86.1050   126.1300    84.8691  -145.5670   122.7050  -219.0370
   525.0000     0.0001    58.3229   156.8120    53.6449   110.5760  -195.9880   167.4660
   525.0000     0.0001    12.0660   244.0870   -30.7260    67.5505   151.9020    68.4783
   525.0000     0.0001    -2.8027   210.5780   -78.0290    28.7223   172.0460   -30.8352
   525.0000     0.0001     2.5804   217.5590   -44.6178    52.0783   131.3580    57.5259
   525.0000     0.0001    -6.3470   206.5090   -47.5385     6.0647   154.2130    29.0103
   525.0000     0.0001    46.3329   188.7310    55.3676   161.6560  -113.7980   144.3200
   525.0000     0.0001    36.3990   231.3060     0.5813   106.7660   114.0520   154.6850
   525.0000     0.0001    62.3279   203.5760    36.2118   134.3800    21.5588   163.7130
   525.0000     0.0001   164.5970    87.8146    53.6647   -95.5362    35.6825    70.4696
   525.0000     0.0001   -13.7681   177.6910   -56.7302    15.3988   176.9840    -4.9890
   525.0000     0.0001    93.5954   -44.0853   122.1330   -74.1326    -8.1667  -113.8050
   525.0000     0.0001    67.7081   153.9990    54.8604    73.7881  -239.0260   176.7280
   525.0000     0.0001    50.4431   187.4950    32.1963   174.1160   -87.7181   150.7450
   525.0000     0.0001    43.2973   243.2890    -7.3521    79.1810   162.9400   132.8990
   525.0000     0.0001    29.0203   242.8770   -16.5591    51.3129    98.1472    82.5730
   525.0000     0.0001    71.4137    79.3264    63.6558  -139.6990  -164.5810  -127.3570
   525.0000     0.0001    62.9575   173.2900    32.9249    66.1102  -113.5180   167.2470
   525.0000     0.0001   103.0270    60.3038    -1.7208    10.2489   -41.8964   -38.9689
   525.0000     0.0001    25.8995   230.0010   -20.2835   103.0120   133.5700    92.2143
   525.0000     0.0001    -9.5417   229.0340   -53.5241    19.3523   138.9860    40.5904
   525.0000     0.0001   102.8180   141.0840   -35.0684   -38.9840   -43.4639   186.6560
   525.0000     0.0001    80.5153   106.8910    73.5851    87.0414  -346.2740    72.5377
   525.0000     0.0001    72.2002    84.0955    71.0191  -103.6010  -215.4540  -130.6230
   525.0000     0.0001    45.8043   234.7140    -9.2249   133.6610    94.2044   116.2480
   525.0000     0.0001    24.3641   243.5130   -12.9218    82.8856   127.5360   103.3140
   525.0000     0.0001   255.6180   -15.2571   194.4920   -23.9962  -125.8340     5.0034
   525.0000     0.0001    76.0092   143.2150    66.2312    46.2589  -282.5920   154.0460
   525.0000     0.0001   100.3580    61.0283    59.7736   162.3680  -225.0730     1.3434
   525.0000     0.0001   197.8990   -20.9515   151.8270   -82.0142  -106.9640   -35.6570
   525.0000     0.0001     7.1212   231.3100   -39.2401    72.5873   158.4560    48.8956
   525.0000     0.0001   -19.1287   317.8150    56.9319   219.0740   -27.5716    65.7145
   525.0000     0.0001    21.3247   231.4360   -10.9203    72.9261    80.7003   107.4070
   525.0000     0.0001   -13.0807    91.3352    -4.6910   185.7770     8.3330   189.7010
   525.0000     0.0001     1.3259    78.6853    -6.9721    25.9124   204.6460  -124.5240
   525.0000     0.0001    79.3727   142.1500    68.4654    30.7318  -293.0850   126.9770
   525.0000     0.0001    65.5903   193.9710    14.7099    75.3676   -27.7153   104.6540
   525.0000     0.0001    35.4911   176.5750   -16.2009   107.8340   210.1810    14.2480
   525.0000     0.0001    68.7937   135.2710    79.9071   182.1690  -276.0800    42.3272
   525.0000     0.0001   -12.9464   257.9260   -48.2720     8.0590   175.1800    29.3097
   525.0000     0.0001    74.2819    88.9861    76.7104   -96.7311  -239.7050   -82.6200
   525.0000     0.0001    76.5588   116.7810    74.8399    30.9498  -361.3820    71.1988
   525.0000     0.0001    31.9098    80.1528     5.1252    15.1140   258.5150  -160.4530
   525.0000     0.0001    69.6508   172.2490    38.2185    70.1217  -120.8450   174.0220
   525.0000     0.0001    73.4933    93.9568    77.7052    -2.9603  -283.9540   -94.8684
   525.0000     0.0001    43.3059    95.9702   -26.7720   -15.5710  -140.7220    34.3387
   525.0000     0.0001    32.6364   106.0680    -6.8078    44.6969   280.7760   -89.6683
   525.0000     0.0001    20.9483   110.0620   -40.4214    73.7563   201.7350   -90.8311
   525.0000     0.0001    87.4275     2.8666   123.2860   -74.8078     0.5082  -167.6370
   525.0000     0.0001    73.6835   131.5120    69.9654    69.0364  -322.1630   150.4270
   525.0000     0.0001    73.3188   125.8300    73.3988    61.3676  -352.9750    99.0304
   525.0000     0.0001   -11.1015   197.5070   -47.4792    45.5050   143.7600    54.0211
   525.0000     0.0001    79.3834    83.5121    68.6070   -18.5545  -270.3380   -55.0896
   525.0000     0.0001    34.9874   181.0010   -31.3284   103.9000   191.3460     3.9267
   525.0000     0.0001    89.2475   142.3780    74.6136    18.9006  -277.1910   134.0730
   525.0000     0.0001    64.9813   183.6710    31.3297    77.5685   -98.3133   131.1340
   525.0000     0.0001   -19.1603   208.3420   -75.6723    14.5489   176.4510   -22.3059
   525.0000     0.0001    24.3514   121.0950   -22.1868   -28.3485  -131.9250   -61.7999
   525.0000     0.0001   101.9630   -28.6440   122.2170   -85.8036    -8.6852  -120.0880
   525.0000     0.0001    64.5125   172.7440    31.0594    68.2959  -103.4520   171.8590
   525.0000     0.0001   -23.5799   209.0480  -104.8240     6.7712   168.4030   -54.9955
   525.0000     0.0001     9.3898   213.0820   -48.0926    48.8094   172.8000    11.7564
   525.0000     0.0001    50.9195   168.0940    43.2339   122.6650  -160.6660   161.4840
   525.0000     0.0001    87.4617   -61.4609   164.1230   -59.8008   -58.3694   -89.8667
   525.0000     0.0001   118.8220   -40.3215   148.3540   -63.8840   -43.8954  -103.4640
   525.0000     0.0001    27.5798   225.4040    -4.7358   116.1010    66.9103    78.6971
   525.0000     0.0001    -0.0459   227.7380   -52.8084    55.3666   159.4620    29.8817
   525.0000     0.0001    58.1881   236.7060   -13.8898   121.2940   156.2610   114.9050
   525.0000     0.0001    11.5103   210.5020   -40.3382    51.6607   174.4140    18.2218
   525.0000     0.0001    78.6525   144.1780    66.9528    60.5916  -286.0190   129.7210
   525.0000     0.0001    69.1637   187.7040    38.0398    59.0660   -85.5396   148.5140
   525.0000     0.0001    71.0284   131.6210    65.4882   121.2700  -341.6360   124.4880
   525.0000     0.0001    30.5727   183.5600    47.5799   155.9330  -113.7630   147.1870
   525.0000     0.0001    39.1720    80.2932    56.7151   -43.4305  -120.6520   -41.9118
   525.0000     0.0001    18.6460   220.5820   -12.7849    87.7460    82.3342   114.5380
   525.0000     0.0001   182.0770    59.6478    77.2874   -59.6295    39.4464    45.3391
   525.0000     0.0001    12.5779   231.7230   -72.4160    56.9221   180.7150    -1.7942
   525.0000     0.0001     0.4819   109.0550   -15.0835   161.7030    -5.0042   216.4350
   525.0000     0.0001   283.0120   104.8300   139.3410    16.2892  -174.1240    13.7534
   525.0000     0.0001    47.5835   149.8280    16.9740   150.2410  -131.5200   293.5250
   525.0000     0.0001    53.2425   180.6740    53.9228   118.4830  -172.1580   134.0610
   525.0000     0.0001    55.3865   182.4850    34.0242    57.7711   -52.3550   168.6900
   525.0000     0.0001    43.2183   191.2570   -61.1574   110.7770   163.7990   -11.9711
   525.0000     0.0001   252.6740   326.9700   130.9070   141.7730  -117.0470    46.2692
   525.0000     0.0001   -10.3928   226.5460   -60.4852    35.0641   155.3300    22.3571
   525.0000     0.0001    62.9700   134.7940    57.6802   138.4720  -294.9620   208.1800
   525.0000     0.0001   157.8900   -43.5281   180.6340   -64.8364   -78.3606   -52.6643
   525.0000     0.0001   -13.6796   195.0670   -64.0226     7.7129   165.6140     3.9514
   525.0000     0.0001    79.5128    86.4034    74.2555    -7.9163  -264.7320   -28.2454
   525.0000     0.0001    59.0678   154.9210    57.4460   129.0760  -174.0750   193.1150
   525.0000     0.0001    67.1198    25.4036    98.7305   -68.5335    25.9687  -220.1370
   525.0000     0.0001     1.4182   222.0190   -51.6461    52.3859   145.3100    46.3764
   525.0000     0.0001    23.6067   238.5550     2.3944    91.2736   116.0590   122.3060
   525.0000     0.0001   127.8760   -36.5267   218.5430   -26.2942   -69.4388   -71.8644
   525.0000     0.0001   236.5630     7.7843   164.2360   -52.1552  -135.9300    -8.9151
   525.0000     0.0001    55.5132   233.7730    -7.1290   154.8860   134.9440   114.3090
   525.0000     0.0001   170.9880   -22.4123   189.7070   -59.2094   -80.8000   -60.7500
   525.0000     0.0001    19.4723   238.4540   -12.7796    91.5756   136.6800    89.5251
   525.0000     0.0001    57.8134   220.4130   -21.0370   110.8790   147.4900   105.9700
   525.0000     0.0001    55.1126   173.8440     1.9355    92.2191   -73.1738   126.0400
   525.0000     0.0001    27.1581   235.7520   -90.1276    69.2987   162.2410   -22.1331
   525.0000     0.0001    31.3118   184.8120    24.6604    82.3825   -27.2674   171.8530
   525.0000     0.0001    72.4340   138.1460    62.3324    93.5962  -280.1860   190.0630
   525.0000     0.0001    31.0748   220.7460     2.4028   104.1780    31.6404   125.9370
   525.0000     0.0001    96.6748   163.4150   -46.4371    -7.8238   -32.8818   148.1100
   525.0000     0.0001    40.6285   143.1900   -12.8216    87.2220   256.7820   -38.8821
   525.0000     0.0001    48.4450   232.6800    -0.5143   131.0480    99.4180   152.6580
   525.0000     0.0001    75.4982   139.5650    65.8337    47.3596  -308.8260   149.4810
   525.0000     0.0001   159.7390   -50.2726   179.6650   -49.3160   -80.0255   -61.1308
   525.0000     0.0001    18.6865   161.3530   -11.4838    37.8685   231.5920    19.0790
   525.0000     0.0001    91.5285     5.7998    90.7850  -112.6610    24.8206  -167.0370
   525.0000     0.0001    44.0342   110.6870    18.1318   -88.9146  -200.7090  -231.9930
   525.0000     0.0001    45.6698    16.7505    60.1464   -95.0501    81.9645  -199.4070
   525.0000     0.0001    34.0575    34.8820    30.4986   -75.0151   166.3570  -182.0630
   525.0000     0.0001    29.5144   233.3240     3.6797    98.8621    65.0673   102.0250
   525.0000     0.0001    18.3263   237.6900    -3.7837    88.7745    95.2650    87.4103
   525.0000     0.0001    47.2095   229.2800   -23.7733    67.7373   166.3740    98.0467
   525.0000     0.0001    21.0256   208.8150   -44.6007    70.2676   170.9580     8.4515
   525.0000     0.0001    33.2440   238.8180    -0.6093   108.2710    99.0695   118.9130
   525.0000     0.0001    34.5063   251.3820    -6.9757    57.3268   167.5170   119.7870
   525.0000     0.0001    46.7858   169.7710    -4.6562   121.5980    29.4933   190.2690
   525.0000     0.0001   -21.1138   164.3490   -58.1141    32.4772   159.4670     4.0420
   525.0000     0.0001    75.6443   104.0870    75.4141    -6.7507  -347.7760    20.7397
   525.0000     0.0001     5.5860   258.5560   -45.6863    10.1508   174.4590    45.2707
   525.0000     0.0001    25.5183   246.5100   -49.0946    28.4027   171.1580    42.6401
   525.0000     0.0001    29.6538   225.0930   -39.5732    99.3562   143.1140    67.4145
   525.0000     0.0001    32.9156   224.1580   -74.2980    63.8146   171.1580   -15.3391
   525.0000     0.0001    20.9483   110.0620   -40.4214    73.7563   201.7350   -90.8311
   525.0000     0.0001   312.2290   164.6510   133.4530    63.4668  -157.5830    25.2670
   525.0000     0.0001    82.0074    89.9138    76.8500    19.2373  -272.1460   -15.9500
   525.0000     0.0001   163.3440   -43.8785   208.6550   -35.5226   -82.4202   -53.2607
   525.0000     0.0001    73.1947   115.6800    71.2902    90.5979  -376.9110    85.6169
   525.0000     0.0001    78.2154    95.8887    71.9211    75.6636  -323.3630   -83.2786
   525.0000     0.0001    52.9081   223.9010   -41.9043    89.8701   170.9930    28.4929
   525.0000     0.0001    73.2576   132.7220    55.1797    92.2952  -303.6750   238.9430
   525.0000     0.0001    46.6600   217.7940   -98.9031    68.0457   164.7270   -32.8086
   525.0000     0.0001    71.6033   151.4590    65.1940   142.6080  -268.2560   117.8170
   525.0000     0.0001    47.3876   151.1110    33.2845   222.7200  -162.7680   268.3080
   525.0000     0.0001   216.9050   -37.2033   162.6510   -53.9372  -118.4840   -10.8646
   525.0000     0.0001    28.4159   124.9010    -5.7546    55.3466   277.8200   -48.1967
   525.0000     0.0001   197.6100   -26.6824   210.6830   -34.4732  -100.6680   -37.0419
   525.0000     0.0001    27.7181   215.7630     1.5352    92.1995    66.6157   158.9060
   525.0000     0.0001    59.5498   -17.8481    88.0207   -59.7492    45.4968  -161.0890
   525.0000     0.0001     9.3529   189.4070   -29.4178    72.6737   144.1330    85.6119
   525.0000     0.0001    79.6198   155.9820    49.2624   110.2370  -149.7540   230.4790
   525.0000     0.0001    17.7187   189.9770   -55.4552    67.8247   143.0040    47.8030
   525.0000     0.0001    60.6882   182.4380    31.1153    61.4804  -134.3040   139.2970
   525.0000     0.0001    43.1997   221.1940   -17.2971    95.4561   181.2380   102.9690
   525.0000     0.0001    30.8876   232.5330   -32.9219    98.9807   166.9250    70.6856
   525.0000     0.0001    17.9874   230.5800   -27.4863    95.2527   133.0090    76.1369
   525.0000     0.0001    36.5253   197.8360    -6.4575   107.1380    63.1430   125.9130
   525.0000     0.0001    67.0451   171.5550    61.1300   117.0040  -207.6280   141.2420
   525.0000     0.0001   128.1690   -15.8105   146.6540   -83.1951   -54.2929  -110.7100
   525.0000     0.0001    74.5997   117.3000    73.1611   101.7310  -369.5250    44.2450
   525.0000     0.0001    43.4752   156.5370    64.9269   252.5880  -203.8160    93.3934
   525.0000     0.0001    69.8814   153.7600    63.0731   175.4980  -231.9060   147.0560
   525.0000     0.0001    20.7350   101.1180    -1.7230    34.9622   271.7580   -91.0761
   525.0000     0.0001   101.2530    48.7288   119.5630   -16.5929   105.7340   -60.3610
   525.0000     0.0001    33.0506   192.1720   -25.8837    52.4740    61.6938   123.6990
   525.0000     0.0001    25.9102    95.6656    -1.0391    18.2354   266.4980  -121.8720
   525.0000     0.0001   128.8750   -47.5980   214.3510   -25.4948   -67.1183   -69.7292
   525.0000     0.0001   136.5040   -52.3546   184.2020   -49.3189   -56.3660   -72.2196
   525.0000     0.0001    31.7443   171.4930   -42.9159    37.8746   173.5780     4.0463
   525.0000     0.0001   283.2290    99.6243   175.6000   -13.0981  -149.1070    15.1430
   525.0000     0.0001    51.6613   172.6810    27.3584    72.3625  -122.3080   149.1600
   525.0000     0.0001    48.2333    25.9610    61.4177   -76.7330   113.3630  -211.2470
   525.0000     0.0001    32.6427   208.1020   -85.5554    77.9747   162.8520   -25.7920
   525.0000     0.0001    20.4007   239.7230   -67.7728    47.8573   145.5590    26.7638
   525.0000     0.0001    79.5832   131.2400    67.9955   194.2720  -299.1350    94.2735
   525.0000     0.0001   144.9780   -21.1840   181.5310   -55.2736   -61.0343   -88.0128
   525.0000     0.0001    60.5732   172.4520    57.1477   149.9580  -175.3380   145.7020
   525.0000     0.0001    32.2836   205.7080   -13.4924    77.6600    93.3902   146.3210
   525.0000     0.0001    44.1422    12.8573    58.9408   -80.7877   109.5290  -178.3680
   525.0000     0.0001    17.3782   134.7560   -14.9025     7.5664   249.4990   -14.1994
   525.0000     0.0001    27.1947   247.9460    -5.9787    74.2440   148.4590   115.0310
   525.0000     0.0001    23.9754   217.0520   -14.0843    92.2787    99.3833   124.6970
   525.0000     0.0001    86.1050   126.1300    84.8691  -145.5670   122.7050  -219.0370
   525.0000     0.0001    85.1611   106.2630    74.8867    31.3371  -349.2840    33.7683
   525.0000     0.0001     7.1696   207.4010   -31.7532    47.6594   172.6290    26.0734
   525.0000     0.0001    21.7206   237.9140   -41.0330    92.4902   159.7830    48.1300
   525.0000     0.0001    43.3443   139.7090   -67.7564    20.2037    -6.6783    92.2247
   525.0000     0.0001     7.9331   175.0830   -14.4419    11.6322   202.5730    48.3761
   525.0000     0.0001    55.1338   187.6350    22.2526    59.9773   -44.7643   119.7570
   525.0000     0.0001    77.7207   153.3600    64.7756    31.6442  -245.1490   148.9660
   525.0000     0.0001    36.7127   202.3260   -25.0379    60.5252   193.7880    39.0467
   525.0000     0.0001    33.0675   238.4140    -3.4467   118.9320    96.2684    98.5119
   525.0000     0.0001    60.4982   170.5130    16.4047   147.8410   -88.0088   153.3020
   525.0000     0.0001    75.1996   121.5180    73.0974    72.6214  -362.8210    52.7162
   525.0000     0.0001    62.4550   159.4340    65.7886   146.2040  -239.9260    96.4957
   525.0000     0.0001    87.3146   118.8840    88.8749  -128.0090    99.7646  -229.6690
   525.0000     0.0001    23.7691    84.7287   -20.0292   106.3760    36.3052   246.5500
   525.0000     0.0001   101.5020   174.5800    59.5470    14.7204   -33.2362   137.6470
   525.0000     0.0001    84.5985   128.8370    67.6355    27.5697  -353.5440    86.6742
   525.0000     0.0001    33.1340    32.0087    45.5453   -62.5541   137.8970  -206.2060
   525.0000     0.0001   -25.0610   254.8790   -71.6732     3.9022   187.6230   -17.7872
   525.0000     0.0001    20.1599   106.3410    -7.2223    41.8992   252.8420  -101.1250
   525.0000     0.0001    49.1545   171.9320    38.4857   175.9930  -118.1030   151.3320
   525.0000     0.0001     7.3579   219.2970   -45.4732    50.0155   140.1810    65.3898
   525.0000     0.0001    51.2167   132.9150    54.7110   342.1940  -224.4610   216.3340
   525.0000     0.0001    39.9043   252.8570   -21.4891    41.3670   155.5920    92.7739
   525.0000     0.0001    52.4063   134.5320    22.5218  -167.9300  -116.1010  -243.0990
   525.0000     0.0001    29.0835    51.3646    13.2629   -79.4436   195.5070  -160.0450
   525.0000     0.0001    50.9195   168.0940    43.2339   122.6650  -160.6660   161.4840
   525.0000     0.0001    39.0849   232.9210     6.3870   128.0820   119.0670   150.7820
   525.0000     0.0001    61.5328   157.4960    40.2641   123.8440  -192.7780   170.5500
   525.0000     0.0001    72.8417    85.3274    61.6846  -130.0790  -224.9660  -169.3850
   525.0000     0.0001    21.7316    65.8658     3.4716   -49.5031   220.9810  -140.1250
   525.0000     0.0001    41.3473   117.8020   -17.4457   -46.6838  -149.5800  -113.4750
   525.0000     0.0001   -58.7558    42.1661    58.0601    -5.0636   -34.2502    18.1507
   525.0000     0.0001    29.8586   208.5930  -108.9380    47.1444   165.2840   -49.8321
   525.0000     0.0001    17.4265   231.4890   -45.7473    74.3247   172.0120    43.1372
   525.0000     0.0001    55.7291   169.2150    41.1010   177.1240  -137.2070   154.2530
   525.0000     0.0001    38.7056   131.4600   -13.5823    65.9584   268.7990   -46.7470
   525.0000     0.0001    67.0760   133.2000    65.0306   123.5100  -321.4390   152.7380
   525.0000     0.0001    62.1188   170.1720    31.9843    71.8664  -104.5340   180.8910
   525.0000     0.0001    84.2648   145.2940    64.6555   113.3310  -275.4570   141.6380
   525.0000     0.0001    46.8106   188.7370    44.4841   113.7680  -147.9540   150.8230
   525.0000     0.0001    51.0975   177.5380    16.2463    70.8028   -30.9634   162.8700
   525.0000     0.0001    53.2730   192.6110    31.0459    77.3466     2.8228   150.4140
   525.0000     0.0001     3.8195   232.4910   -39.7916    61.9340   144.0050    57.2696
   525.0000     0.0001    81.2091   110.6910    67.5913   114.6880  -382.2520    75.3963
   525.0000     0.0001    62.9988   183.0430    16.9723    57.2170   -46.6045   148.3310
   525.0000     0.0001     4.8187   181.5360   -27.9734   -12.2273   150.5380    35.6342
   525.0000     0.0001    66.0611   161.3690    44.9201   158.2190  -190.2160   162.7170
   525.0000     0.0001    61.1519   147.4980    60.6873   123.3650  -230.5210   175.2750
   525.0000     0.0001    67.3470   128.9620    56.9726   212.4130  -306.1380   226.8860
   525.0000     0.0001    27.1101   236.7730   -11.1034   103.0820   108.1400   101.3600
   525.0000     0.0001   116.8940   123.6080   126.5660   -83.5551    81.7978   -97.6927
   525.0000     0.0001   113.2600    51.7479    21.3334    93.2864  -141.4240   -83.0692
   525.0000     0.0001    54.9970   167.0850    59.6296   137.8200  -210.7030   136.5000
   525.0000     0.0001   182.7340   342.3160   113.5350   168.1790  -113.0830    56.2201
   525.0000     0.0001    72.1881   200.1080    35.5770    93.7316   -11.3206   143.4670
   525.0000     0.0001    -3.5369   165.1800  -100.2470     2.5524   162.0570   -44.4266
   525.0000     0.0001    74.7762    39.8206    41.0316  -131.6730   108.6710  -220.6020
   525.0000     0.0001    75.0501   -32.4636   118.9770   -49.0951    -2.9890  -148.4330
   525.0000     0.0001    22.7678    81.5608     2.9846   -26.4222   252.9010  -126.0400
   525.0000     0.0001   -21.2533   239.1210   -74.8683    -8.8298   178.9290    -2.2161
   525.0000     0.0001    63.5381   169.2730    45.9353   162.0400  -155.0350   173.4800
   525.0000     0.0001    38.8303   181.2250   -12.6521    64.6844   220.6950    38.2981
   525.0000     0.0001   102.1230    11.6256    91.8184  -119.7690    -3.1351  -172.2160
   525.0000     0.0001    17.1067   128.5350   -21.4258    71.0690   238.3860   -44.4579
   525.0000     0.0001    33.0413   226.7030   -35.0347   105.9570   138.2150    78.4193
   525.0000     0.0001   126.2460   -35.0909   156.2210   -67.6526   -46.6636   -94.3560
   525.0000     0.0001    35.0688   228.9200   -26.0966   114.6220   123.5360    94.0417
   525.0000     0.0001    49.8165   164.6360    37.0961   138.8200  -144.8410   149.9970
   525.0000     0.0001   118.8580   -18.3905   139.9950   -77.1823   -33.6161  -120.5450
   525.0000     0.0001    74.8186    91.2940    68.0916   -43.1298  -306.7460  -144.0920
   525.0000     0.0001    56.9120   163.5120    43.2271   172.7530  -156.9330   171.8440
   525.0000     0.0001    56.4264   169.2720    11.5670   134.4750   -78.6642   149.1250
   525.0000     0.0001    42.0751   -38.6656   106.1860   -55.2447     1.5419  -144.0320
   525.0000     0.0001    -6.4181   231.9140   -44.8086    25.4396   134.8480    55.5281
   525.0000     0.0001    80.7854    94.5924    74.2791    24.6034  -309.8330    15.7691
   525.0000     0.0001    37.0570   150.1360   -50.3005   105.2170   192.7930   -35.9512
   525.0000     0.0001    37.6767   238.4610   -40.0198    40.7528   165.6880    59.5394
   525.0000     0.0001    79.1610    39.5773    60.2782  -186.1010    30.5005  -103.2580
   525.0000     0.0001    78.4399   128.3550    75.1543    31.0331  -334.6770    84.9535
   525.0000     0.0001    52.1812   184.2050    20.9108    72.5528   -54.2494   113.6860
   525.0000     0.0001     6.2367   106.1540   -27.6087     9.7474   218.3660   -65.0528
   525.0000     0.0001    75.3969   148.5400    68.5226   104.0190  -299.2980    82.8653
   525.0000     0.0001     5.5169   247.3520   -39.6721    55.3372   159.2590    51.1260
   525.0000     0.0001    89.6412   123.5990    91.6269  -146.9130   113.6040  -193.9230
   525.0000     0.0001   -12.1581   197.3420   -49.9095    20.5990   172.1920     7.6860
   525.0000     0.0001    81.5413    55.3435  -145.0620    20.6207   -30.5854    34.3654
   525.0000     0.0001    80.6305   164.9600    39.0389    53.9897  -160.1390   192.2240
   525.0000     0.0001    47.3719   188.0310    -3.9741    93.3794   -39.7708    62.5956
   525.0000     0.0001    71.3036   134.7360    75.4023   183.8040  -290.5610    82.4210
   525.0000     0.0001    30.9353   243.1710   -29.1427    83.4772   171.5900    78.1384
   525.0000     0.0001   103.1960   106.2660   100.3120  -117.1960   142.8720  -137.9980
   525.0000     0.0001    21.7822   219.7880   -16.5831    70.7756    78.4620   112.5780
   525.0000     0.0001    23.8535   212.3400    -8.1899    77.0884    53.9980   128.9840
   525.0000     0.0001    54.2113   187.4960    25.1458   128.3270    10.1636   147.7740
   525.0000     0.0001    92.1461   105.9900    76.4328    63.2678  -311.3410    43.7367
   525.0000     0.0001    46.0947   189.2110   -20.2558   117.2680   199.6870    41.9222
   525.0000     0.0001    27.8805   202.9740    12.0418    62.2332    52.9782   135.7560
   525.0000     0.0001   196.1770   -39.2643   161.0950   -73.3875   -98.5868   -28.4790
   525.0000     0.0001    41.2138   196.0150   -57.6991    91.3058   169.7560    -4.1581
   525.0000     0.0001    64.8123   140.2460    62.6067   118.8980  -258.7060   198.0160
   525.0000     0.0001    44.5287   178.7780     2.6211    99.6843   -10.8585   136.1290
   525.0000     0.0001    27.1705   234.2480    13.4157    59.6764    68.8795   131.6420
   525.0000     0.0001   -19.4065   245.1520   -69.1727    -7.8897   181.5040     5.1648
   525.0000     0.0001   155.7530   -58.0998   175.1500   -50.9442   -72.7757   -67.1010
   525.0000     0.0001    35.3481   232.8520     2.1165   128.8500    98.1083   118.6250
   525.0000     0.0001    36.6546   163.9530   -20.4502    67.5224   230.2640     4.7427
   525.0000     0.0001    77.7092   170.5230    53.1715    16.8857  -167.5320   176.8010
   525.0000     0.0001    83.7834   132.5910    75.6222  -142.6070   110.5590  -267.1430
   525.0000     0.0001    12.4350   185.5810     0.2183   118.6440   -49.3298   161.7490
   525.0000     0.0001    15.5475   186.8290    10.6187   129.0240   -12.1773   166.6760
   525.0000     0.0001    40.0356   176.3930    49.7293   143.0360  -184.6230   143.4670
   525.0000     0.0001     7.3053   222.0980   -35.5759    67.1707   138.4080    65.9127
   525.0000     0.0001     3.5784   167.5280   -23.1071   -13.8714   167.9890    20.4647
   525.0000     0.0001    34.4155   145.1880   -15.3323    40.2306   253.4600   -26.1204
   525.0000     0.0001    66.6608   234.7470    12.3171   123.5080    73.0599   146.0520
   525.0000     0.0001    44.5287   178.7780     2.6211    99.6843   -10.8585   136.1290
   525.0000     0.0001    76.3753   121.4470    75.0984    30.2132  -355.3430    71.4109
   525.0000     0.0001    85.4715   -40.5118   143.9310   -41.2660   -28.6115  -130.1470
   525.0000     0.0001    10.7289   228.8020   -25.1806    30.2475   100.3990    93.4913
   525.0000     0.0001    41.1732   229.3150    11.4352   139.9100    78.0525   146.5020
   525.0000     0.0001    65.7306   164.3920    66.9697   111.8880  -249.3320    89.4544
   525.0000     0.0001    81.3234    -8.4355    92.0522  -105.7600    19.8812  -153.3020
   525.0000     0.0001   269.0550    10.4919   117.3050   -26.7790  -141.6110    -2.9311
   525.0000     0.0001    47.8613    18.2669    61.7569   -90.1734   105.6880  -189.0580
   525.0000     0.0001    15.8604   231.3660   -29.3768    83.9152   127.6840    76.9575
   525.0000     0.0001    71.8236   137.3560    68.5150   103.1350  -316.5040   115.6710
   525.0000     0.0001    70.2075   163.9240    53.4963    67.1013  -258.1680   159.0410
   525.0000     0.0001     3.7224    93.7855   -42.8364    44.0089   193.1240   -88.3009
   525.0000     0.0001    45.5329   169.2420    55.9310   200.0580  -197.4250   111.3910
   525.0000     0.0001    40.6754   235.9910   -11.7915   120.0220    88.4937   104.5890
   525.0000     0.0001   159.7940   -32.9263   161.6180   -71.1817   -68.9739   -70.1548
   525.0000     0.0001   -17.2584    77.1227   -45.1967   117.4960     1.4896   170.9440
   525.0000     0.0001     5.6018   250.0130   -62.7090     6.8506   172.1050    20.3604
   525.0000     0.0001    18.2136   157.8320   -14.8816    10.7954   232.9800    29.1877
   525.0000     0.0001    33.1543   264.3350   -21.2756    77.0436   177.7970    71.5485
   525.0000     0.0001    25.5845   231.7280    -0.5553    68.1209    57.4193   113.9440
   525.0000     0.0001    -6.5068   185.0440   -83.6544    29.7683   162.6320   -45.5106
   525.0000     0.0001    64.1813   163.9530    42.0122    69.6853  -111.2230   232.3740
   525.0000     0.0001    62.1188   170.1720    31.9843    71.8664  -104.5340   180.8910
   525.0000     0.0001    23.1282   236.6330   -22.9317    88.8790    92.5399    70.4440
   525.0000     0.0001    34.9874   181.0010   -31.3284   103.9000   191.3460     3.9267
   525.0000     0.0001    35.9869   257.9160   -50.1134    39.0337   170.9410    39.3622
   525.0000     0.0001    72.6080   189.8870    10.1325    32.6166   -28.9981   183.6500
   525.0000     0.0001    -8.8518   259.4510   -57.7570    20.4765   193.6180     7.7855
   525.0000     0.0001    -1.9903   212.9260   -64.9027    33.6032   138.8840    29.8817
   525.0000     0.0001    44.8751    41.5271    29.3301   -43.6314   183.2020  -206.8080
   525.0000     0.0001    -4.6133   240.8110   -45.7146    45.7356   164.5300    35.5229
   525.0000     0.0001    16.5960    30.9271    33.3786   -56.9655   143.9470  -173.9870
   525.0000     0.0001    51.8416   168.3540    43.4148   141.0070  -130.5670   145.5740
   525.0000     0.0001   185.2780    16.5606   220.5240   -32.8993   -99.8690   -59.5978
   525.0000     0.0001   -12.8084   229.8180   -54.4972    27.0794   152.5380    32.0796
   525.0000     0.0001     1.3983   248.0560   -46.3543    47.5150   171.4080    37.8089
   525.0000     0.0001    85.4715   -40.5118   143.9310   -41.2660   -28.6115  -130.1470
   525.0000     0.0001    -4.3699   250.8340   -50.1984    23.7723   191.5350    25.7836
   525.0000     0.0001    71.9157   173.0520    13.1267    66.8186   -73.9036   176.8540
   525.0000     0.0001     9.2644   224.7560   -39.1121    56.2709   153.4310    66.0156
   525.0000     0.0001     1.8778   166.5160   -58.7721    -7.6380   163.5840    10.2237
   525.0000     0.0001    88.8035    93.1738    71.3610    48.8516  -293.7140    -5.8875
   525.0000     0.0001    15.0821   131.3320    -7.4240   170.7050   -38.5008   243.8480
   525.0000     0.0001    44.9176   208.1950   -45.5909   105.6730   167.9780     9.8124
   525.0000     0.0001    67.8033   -26.5310   100.3200   -79.3194    18.0556  -143.8320
   525.0000     0.0001    71.0216   124.6290    69.0516    76.4894  -357.0890   161.7400
   525.0000     0.0001    68.7971   162.6270    55.9886    82.5683  -210.5770   161.0690
   525.0000     0.0001    77.4614    11.3494   105.6790  -100.2350    16.8829  -180.0100
   525.0000     0.0001     8.0278   212.7370   -84.6070    50.7591   177.9600   -33.1921
   525.0000     0.0001    14.1305   249.7980   -59.5577    16.4118   175.7120    26.7854
   525.0000     0.0001   -28.8413   152.7820   -81.1724   -13.0018   159.7630   -27.9118
   525.0000     0.0001    90.4105   106.7710    69.0329   407.1400   -90.4239   138.8400
   525.0000     0.0001    25.1842   247.4950   -23.6031    84.9614   130.7610    78.3342
   525.0000     0.0001     5.7406    67.6179   -15.0423   129.9170    42.4408   209.0120
   525.0000     0.0001    49.1138   185.0980    30.5266    86.1779    -6.0116   175.9470
   525.0000     0.0001    56.3143   168.1570    25.0677    89.1190  -134.4110   150.3520
   525.0000     0.0001    39.0205    39.3492    45.3378   -73.8196   152.3790  -215.0830
   525.0000     0.0001    77.1680   106.0000    72.0483    51.4661  -375.5130     7.7387
   525.0000     0.0001    73.5010    35.3384    51.4624  -177.3270    56.6162   -91.2912
   525.0000     0.0001    81.1579    97.8359    73.5464    89.5762  -323.6310     3.3652
   525.0000     0.0001    46.3241    17.7805    48.6639  -107.4110   101.3940  -184.1990
   525.0000     0.0001    55.8036   118.9260    20.0470   -79.7903   -35.1191  -311.9020
   525.0000     0.0001    10.1291   114.4600    -0.7379   196.1590   -25.7950   246.8740
   525.0000     0.0001    11.1329    30.5929   -11.2316   -16.1644   137.7210  -159.3930
   525.0000     0.0001   192.2550   -42.2119   244.0960   -14.7662   -94.3236   -28.5420
   525.0000     0.0001    51.8264   187.6240    27.0030    96.4717   -17.6825   139.3670
   525.0000     0.0001    31.0448   259.6940   -11.2536    55.5848   172.2170   102.5090
   525.0000     0.0001    29.5352    78.1659    -0.9172    -3.2164   261.1630  -118.1970
   525.0000     0.0001    19.4723   238.4540   -12.7796    91.5756   136.6800    89.5251
   525.0000     0.0001     6.5748   132.3160   -82.7532    80.3316   150.3130   -78.1655
   525.0000     0.0001     2.8795   179.9090   -38.8579    59.0268   177.8210    -0.0146
   525.0000     0.0001     8.6781   242.1770   -21.7616    70.9310   141.6920    72.5344
   525.0000     0.0001    -6.7182   237.7220   -51.6130    13.6919   139.0530    40.5819
   525.0000     0.0001    74.5442   110.3690    73.4065    41.3746  -383.5940    11.3206
   525.0000     0.0001   262.5590    -9.5294   247.2730    -6.3525  -122.4170    20.5538
   525.0000     0.0001    89.1696   -16.9377   123.5660   -93.2593   -26.9517  -138.1620
   525.0000     0.0001    69.3555   143.7740    50.9325    88.0860  -243.9400   223.0120
   525.0000     0.0001    61.6638   153.2760    73.5063   141.3730  -257.7930    98.2963
   525.0000     0.0001    89.8041    -3.0537   125.7730   -66.3675   -11.0428  -162.9220
   525.0000     0.0001    27.5802   232.0710    -4.7185    86.2627    65.2947   107.3200
   525.0000     0.0001   -30.8425   213.2160   -98.0180   -16.5400   168.5180   -41.6918
   525.0000     0.0001    -6.2271   204.7140   -44.9981    27.0765   172.2820    14.9956
   525.0000     0.0001    22.9996   259.5450   -57.3110    42.7877   185.2410    16.2163
   525.0000     0.0001    24.5376   232.3690    -0.9813    82.6197   109.6870   140.0430
   525.0000     0.0001    23.5591   107.4670   -14.1031    64.7854   254.6520   -83.0023
   525.0000     0.0001     9.5020   222.8000   -58.7474    60.1290   167.7640    27.2496
   525.0000     0.0001    41.6367   255.8020   -48.4808    45.5995   154.1580    52.1152
   525.0000     0.0001    66.6682   155.8240    52.8037    69.0679  -219.4290   180.9650
   525.0000     0.0001     1.9972   259.4870   -33.4495    15.5382   172.1760    58.2851
   525.0000     0.0001    21.3293   235.3590   -10.0595    88.9406   124.8780   113.6500
   525.0000     0.0001    78.1939   118.1540    72.3845    18.2289  -349.6410   127.9360
   525.0000     0.0001    64.3797   141.3770    55.4375   139.7840  -243.7160   208.7590
   525.0000     0.0001    31.9509   246.9120     5.7239    92.7721   102.4000   107.4250
   525.0000     0.0001   176.2540    25.0022    99.0424   -26.1922    37.1407    28.1475
   525.0000     0.0001    73.3633    85.9304    79.4663   -37.4733  -248.6860   -27.7616
   525.0000     0.0001   159.7940   -32.9263   161.6180   -71.1817   -68.9739   -70.1548
   525.0000     0.0001    53.8816   186.3510    23.8228   110.7810   -33.6862   115.1190
   525.0000     0.0001    75.8283   137.1650    71.1741   155.9030  -297.8970    61.1181
   525.0000     0.0001    51.6380   188.9640    31.0104   107.2460     8.6443   166.7210
   525.0000     0.0001    58.7349   189.2230    26.4616    80.6175   -30.3817   149.3150
   525.0000     0.0001    60.6088   167.5860    36.8428   164.8520   -68.4470   194.6430
   525.0000     0.0001    31.0824   231.0650     8.2035   105.9630    59.2470   109.7090
   525.0000     0.0001    70.4217   144.5880    60.7850    75.5498  -264.5790   199.6040
   525.0000     0.0001    50.3170   189.7740    24.9358   105.5390    22.6124   157.1470
   525.0000     0.0001   -36.6045   167.9140   -90.8235    -7.7813   145.0960   -31.4374
   525.0000     0.0001   -19.8465   240.8290   -73.4808    -9.2350   174.7140    -2.6779
   525.0000     0.0001    67.0394   194.5520   -25.0740   106.2770   181.0420    41.0383
   525.0000     0.0001     2.1768   207.5400   -55.5452    44.7343   172.6770    -4.4770
   525.0000     0.0001    50.6519   170.7550    29.6721    78.9393   -67.2364   194.4800
   525.0000     0.0001   119.4230   -43.2898   164.5460   -65.8015   -57.0510   -92.0994
   525.0000     0.0001    46.6808   185.3800    22.9032   151.9750   -37.8231   103.0900
   525.0000     0.0001    53.0872   159.0320    46.8550   121.0890  -168.8520   169.2540
   525.0000     0.0001    80.4634    83.2778    64.7079   -86.8941  -210.0380  -150.8370
   525.0000     0.0001    42.6110   227.8820   -12.4445   114.1120    57.1011   112.0380
   525.0000     0.0001   -41.4855   167.1190  -101.1820    -5.3316   145.3780   -64.3342
   525.0000     0.0001   232.3970   339.9720   128.6130   150.2560  -111.0480    42.9279
   525.0000     0.0001    -5.0735   225.5450   -49.3641    33.9367   131.8570    48.1226
   525.0000     0.0001   122.1460    80.1616    81.1163  -150.7130   124.2560    -6.6251
   525.0000     0.0001    46.7553   222.1410    -9.5647    91.2448    52.7649   112.4840
   525.0000     0.0001    59.9556   130.9550    54.2598   286.3920  -279.2330   267.5390
   525.0000     0.0001    73.1156   116.9350    66.6917   118.1900  -387.0600   152.9020
   525.0000     0.0001    68.9860   162.1430    66.4073   134.4950  -226.0470   137.9730
   525.0000     0.0001    30.8932   244.5470   -15.5125   106.8350   127.1310    81.2836
   525.0000     0.0001    38.2283   194.7630    24.6377    84.4430    20.8383   127.3950
   525.0000     0.0001    46.6662   222.3570   -18.8538   108.2260    61.2711    77.2627
   525.0000     0.0001    27.4536   232.9150     6.7628   104.9280   100.8310   134.9800
   525.0000     0.0001    75.3261   161.5110    62.0779    67.8957  -233.9300   155.9240
   525.0000     0.0001    46.8998   162.2500    23.4669    97.1381  -121.8130   163.7950
   525.0000     0.0001    69.3242   184.0660    38.9310    93.4364  -102.8330   128.1210
   525.0000     0.0001   -15.0831   187.2690   -79.0979    22.3937   169.7100   -38.7636
   525.0000     0.0001    67.5641   136.5530    56.3198  -206.6890    41.5151  -298.4480
   525.0000     0.0001     9.1358   228.7460   -32.7589    67.1434   140.3680    74.0804
   525.0000     0.0001    52.9634   186.7810    16.7502    85.9930   -29.3291   106.5760
   525.0000     0.0001    13.4990   239.1160   -43.8714    72.4033   150.1240    49.0756
   525.0000     0.0001    77.5895   151.5410    70.0508   129.1520  -263.0410   120.6220
   525.0000     0.0001   180.7520   -28.2188   209.5110   -42.5365   -89.2233   -45.6112
   525.0000     0.0001    23.8709   143.2950   -17.1647    81.5598   241.0570   -24.5476
   525.0000     0.0001   154.9480    93.6032   125.7880   -72.7744    87.2308   -16.1720
   525.0000     0.0001     5.2714   260.3090   -13.4543    32.7631   158.9900    82.4571
   525.0000     0.0001    74.3379   100.3580    76.9226    -0.9088  -329.3290   -39.1124
   525.0000     0.0001    79.8551   116.3870    75.9973   -40.9284  -343.3170    77.5262
   525.0000     0.0001    41.6850   235.8620   -13.8234   124.7130    99.8412   102.8910
   525.0000     0.0001    -7.9761   208.7050   -36.0523    20.7813   172.8210    30.9046
   525.0000     0.0001   164.2770   362.5690   116.1150   170.9230   -96.0004    59.3532
   525.0000     0.0001    32.8112    71.4974    16.0001    -6.2190   242.7790  -196.3510
   525.0000     0.0001    21.1790   115.6870   -20.2567    74.1887   242.5140   -63.9923
   525.0000     0.0001     8.0278   212.7370   -84.6070    50.7591   177.9600   -33.1921
   525.0000     0.0001    63.7500   184.7160    21.1196    54.0374   -69.3981   141.4470
   525.0000     0.0001    21.4205   250.9660   -13.1073    86.8801   131.5870    77.8740
   525.0000     0.0001    28.3793   242.1350   -23.6751    97.0829   141.1730    83.8160
   525.0000     0.0001    49.1391   187.1760    31.8779    74.6624    -7.7051   168.5220
   525.0000     0.0001    52.9124   223.7520   -38.6273   105.5440   172.6330    35.1034
   525.0000     0.0001   277.3890    12.7210   181.9910   -22.2491  -130.2500     4.2485
   525.0000     0.0001    66.0468   163.8770    51.4578   156.8480  -191.0400   159.4680
   525.0000     0.0001    25.0059    86.0132     6.2752    32.1642   256.6740  -157.0170
   525.0000     0.0001    85.4715   -40.5118   143.9310   -41.2660   -28.6115  -130.1470
   525.0000     0.0001    23.8761   221.2090     0.6072    97.9650   119.0190   137.9310
   525.0000     0.0001    75.1278    24.9229    50.8106  -148.2320    83.4228  -181.9600
   525.0000     0.0001   139.3270    62.1180    90.5959   -78.1371    93.3235     1.8461
   525.0000     0.0001    70.3472   173.7100    44.6473   124.9250   -86.7881   193.1930
   525.0000     0.0001    78.9140   117.4760    72.4656   169.0090  -342.1860    27.4715
   525.0000     0.0001    66.2214   117.6070    56.5997   282.7470  -459.4740   200.3700
   525.0000     0.0001    53.2038   185.0650    39.1618   111.6690   -38.9565   155.9910
   525.0000     0.0001    35.4911   176.5750   -16.2009   107.8340   210.1810    14.2480
   525.0000     0.0001    52.1964   164.4790    36.9449    68.1819  -121.4760   204.7510
   525.0000     0.0001    16.4084   169.6730   -13.3420    39.2253   220.7420    27.3130
   525.0000     0.0001    39.1365   192.0800   -25.6877    74.6939   198.5200    29.9914
   525.0000     0.0001    56.4264   169.2720    11.5670   134.4750   -78.6642   149.1250
   525.0000     0.0001    36.3757   228.2360   -58.0497    75.1873   171.9420    22.6494
   525.0000     0.0001    30.8614    51.3259    26.5267   -67.9879   202.5770  -182.6700
   525.0000     0.0001    78.3840    82.4431    75.8610   -85.1015  -209.7370   -60.7698
   525.0000     0.0001    64.7950   164.9880    46.0861    79.6798  -169.5850   168.9190
   525.0000     0.0001    67.0760   133.2000    65.0306   123.5100  -321.4390   152.7380
   525.0000     0.0001    98.1960   116.7330    91.8094  -174.3420   137.8040  -132.5290
   525.0000     0.0001    54.0743   178.4930     4.9425   113.8640   -56.3185   104.9020
   525.0000     0.0001    57.9143   237.7300    16.5668   130.8990    96.9969   156.7450
   525.0000     0.0001     2.8260   249.7500   -44.7737    45.6409   169.6790    42.4854
   525.0000     0.0001    68.0883    28.7105    48.7297  -131.6590   120.4620  -185.7600
   525.0000     0.0001   135.6720   -66.8342   219.6180   -25.2893   -79.5053   -54.7597
   525.0000     0.0001    25.7865   218.2920   -33.0952    55.1049    89.1669    92.7136
   525.0000     0.0001    43.7979   241.7190   -34.5787    61.5663   173.2790    74.2033
   525.0000     0.0001    79.6040   142.4980    44.9557   102.9220  -198.4750   259.1340
   525.0000     0.0001    37.4117   185.7700    37.4460   165.3530  -114.4370   162.2950
   525.0000     0.0001    68.7771   231.1340     5.1257   108.0780    60.9381   116.1790
   525.0000     0.0001   148.5970   375.6340   113.7800   171.6250   -86.5901    64.1736
   525.0000     0.0001    54.6377   183.6260    26.1872    64.0240   -64.1637   133.4140
   525.0000     0.0001    57.6911   100.7010    59.3382  -257.9590   284.6100    90.1728
   525.0000     0.0001    52.3176   185.3920    27.5699    74.7427  -122.9090   122.4160
   525.0000     0.0001    62.9700   134.7940    57.6802   138.4720  -294.9620   208.1800
   525.0000     0.0001   112.0220   -25.2274   140.2350   -81.5252   -37.9887  -116.3770
   525.0000     0.0001    42.6617   213.2870   -17.2530   108.6460    49.8698    97.2181
   525.0000     0.0001   185.3190   -22.8552   143.9460   -91.1005  -101.5420   -45.2345
   525.0000     0.0001    75.8308   132.3400    72.1317    16.8778  -321.9930   140.0780
   525.0000     0.0001    23.3476    77.5189    -5.5657   -13.6908   228.5390  -140.0340
   525.0000     0.0001    56.0517   184.7390    56.3011   112.5560  -177.0280   128.6690
   525.0000     0.0001    71.6511   120.5160    72.9118    80.7373  -370.0820    83.2002
   525.0000     0.0001    95.2894   121.9650    94.5436  -166.4340    96.6789  -154.9310
   525.0000     0.0001    10.1642   136.1710   -12.9181   -51.4011   223.4230    22.2501
   525.0000     0.0001    53.7605   138.5440    10.3525   -76.6994  -116.3170  -232.3660
   525.0000     0.0001   -27.2111   193.7420   -64.7248   -19.2102   133.4400     8.9218
   525.0000     0.0001    16.8531    17.5272    14.3960    17.8202   122.7050  -183.2950
   525.0000     0.0001    50.3665   211.0720   -28.0042    93.9910   179.4040    40.7096
   525.0000     0.0001     6.6464   160.8520    15.4141   170.8250   -86.3645   174.5360
   525.0000     0.0001     0.7022   220.1920   -43.2373    42.0633   123.5410    61.4872
   525.0000     0.0001    29.5033   229.7150  -112.2460    41.9953   174.9470   -53.8418
   525.0000     0.0001    81.3953   137.0260    81.4860  -117.9320    95.6501  -254.7920
   525.0000     0.0001    52.1864   218.5840   -11.4860   124.9070    66.9348   143.3370
   525.0000     0.0001   133.8050   100.5390   110.3630  -102.9330   119.8370   -33.1108
   525.0000     0.0001    60.6088   167.5860    36.8428   164.8520   -68.4470   194.6430
   525.0000     0.0001    49.4233   186.1400    36.4126   101.8020   -21.5931   160.9950
   525.0000     0.0001    34.8805    77.4338    13.4185     1.5210   264.3890  -180.6560
   525.0000     0.0001    -1.2060   219.1450   -46.2940    41.6129   131.2210    55.0901
   525.0000     0.0001    63.0710   151.0400    52.8722   119.9650  -214.6630   181.9550
   525.0000     0.0001    24.1009   216.6280   -42.1944   102.8230   131.1900    57.0636
   525.0000     0.0001   101.3390   151.6360     5.6454   -94.1026   -92.9434   222.9780
   525.0000     0.0001   287.8750    88.8406   141.0550    -0.9030  -162.8320    15.1403
   525.0000     0.0001    42.9124   179.9040    57.9087   167.3490  -127.9110   145.9400
   525.0000     0.0001    14.2366   207.1330   -24.0431    52.4516   178.3790    34.9868
   525.0000     0.0001    25.3135   147.4060   -19.0250    88.4182   236.9490   -20.5449
   525.0000     0.0001     6.9308   224.2200   -47.0122    26.7612   117.9810    61.2337
   525.0000     0.0001    33.3337   239.1470   -33.7382    94.2146   122.7420    75.6879
   525.0000     0.0001    -8.3885   267.1410   -44.8123    12.7005   185.8980    23.1537
   525.0000     0.0001    55.1194   247.7140   -14.7226    97.7943   133.1720   113.2440
   525.0000     0.0001    44.5287   178.7780     2.6211    99.6843   -10.8585   136.1290
   525.0000     0.0001    25.5793   218.8960    -9.8272    96.7991   108.9390   136.1170
   525.0000     0.0001     9.3898   213.0820   -48.0926    48.8094   172.8000    11.7564
   525.0000     0.0001    71.1510   140.0100    61.2862    75.1456  -287.6760   194.6350
   525.0000     0.0001     5.4036   207.5330   -47.2571    45.0365   152.9330    58.6133
   525.0000     0.0001    48.6902   126.0380    17.2205   139.3700   276.4570    58.8342
   525.0000     0.0001    50.7524   164.7280    32.7237    97.3797  -109.0720   182.0980
   525.0000     0.0001    69.4949   133.9950    69.7656    79.9353  -317.5520   146.6880
   525.0000     0.0001   182.9100   -29.2411   266.5270    -6.6804   -94.8107   -27.4777
   525.0000     0.0001   107.9590   -19.3275   136.2120   -87.3165   -25.5496  -120.4860
   525.0000     0.0001    80.3434   136.2990    73.8199   124.6660  -255.4450   161.3300
   525.0000     0.0001   152.2930   116.9490   119.0710  -102.2380    76.3347   -14.5781
   525.0000     0.0001   -12.3016    67.8510   -62.3170    82.0794     7.2340   158.8420
   525.0000     0.0001    40.3791   239.4450   -12.7380   124.1050   109.4500   101.0860
   525.0000     0.0001    -2.8099   184.7970   -30.6052    -6.7447   142.4280    39.0321
   525.0000     0.0001    23.3067   156.8970   -79.2136    72.1904   164.2860   -51.2519
   525.0000     0.0001    57.1204   152.7000    44.6551   134.7720  -176.1050   192.2860
   525.0000     0.0001    82.5936   121.4270    74.8336     5.9705  -314.0670   127.6370
   525.0000     0.0001   212.0140   -36.7378   141.8040   -73.8931  -107.7030   -18.6092
   525.0000     0.0001    32.9511   149.7410   -42.4534    99.4089   197.6780   -40.6073
   525.0000     0.0001   188.5330   -34.9254   192.6830   -44.4056   -92.1514   -48.8662
   525.0000     0.0001    57.1571   199.9840   -69.1873    95.9223   162.9340     7.7990
   525.0000     0.0001    -2.9469   220.8510   -54.5974    27.4379   133.5080    44.7524
   525.0000     0.0001    18.4899   195.6410  -109.1300    23.0163   135.6910   -51.9035
   525.0000     0.0001    37.3725   114.4070    -7.1186    56.0315   280.2070   -97.2584
   525.0000     0.0001    24.0801    25.9903    49.0907    -3.7673   106.9970  -220.6730
   525.0000     0.0001    17.2259   118.4330   -13.2966    55.7722   249.7100   -65.1748
   525.0000     0.0001     2.1256   120.1940    26.0723   282.0420   -34.0630   170.9740
   525.0000     0.0001    58.1711   177.2280    25.5515    63.4696   -62.1819   166.6750
   525.0000     0.0001    46.2784   235.2910   -10.4590   125.7920    79.0943   104.7700
   525.0000     0.0001    69.3555   143.7740    50.9325    88.0860  -243.9400   223.0120
   525.0000     0.0001    78.1831    98.1823    74.1385    86.2178  -321.3460   -58.4871
   525.0000     0.0001    78.1408   120.5380    74.7718    -0.5902  -355.0580    67.9534
   525.0000     0.0001    24.0098    96.3587    51.0428   -22.7423   -61.5887   -43.0608
   525.0000     0.0001    41.5510   231.6890   -24.2963    58.2667   170.3610    93.0417
   525.0000     0.0001    40.0579   177.3730   -57.8288   111.8410   169.7220   -21.6879
   525.0000     0.0001    68.1673   139.6790    57.6048   137.5480  -272.4860   188.9770
   525.0000     0.0001    23.5659   210.9770   -26.3172   125.1880   137.1400    63.1398
   525.0000     0.0001    24.9032   216.4240   -48.5967    65.8245   110.2940    76.6491
   525.0000     0.0001     5.2017   176.4740   -42.3092   -10.0933   171.3130    37.8088
   525.0000     0.0001   317.3330   151.9970   143.0090    48.0420  -155.4500    28.4518
   525.0000     0.0001    54.1602    31.3728    46.2532  -122.4120   128.8510  -193.6160
   525.0000     0.0001    64.3797   141.3770    55.4375   139.7840  -243.7160   208.7590
   525.0000     0.0001    57.5739   187.7400    16.0121    30.3150   -12.9516   169.8560
   525.0000     0.0001    33.2581   227.1230    -4.0525    83.5522    43.6958   119.5790
   525.0000     0.0001    72.3901   150.1540    47.1832   173.4310  -205.4330   201.9130
   525.0000     0.0001    14.6438   125.7530    24.3278   262.4010   -60.1945   231.8860
   525.0000     0.0001    74.6567    91.3932    66.4399   -65.7158  -292.8920  -166.3000
   525.0000     0.0001    43.8726   166.6870    39.9037   106.0860   -97.1053   180.1360
   525.0000     0.0001    77.7674   119.0430    71.9950   128.7960  -330.7950   148.4210
   525.0000     0.0001    48.5692   207.8720   -38.8754    81.6139   177.2070    26.2545
   525.0000     0.0001   -26.5351   157.0170   -57.5728    17.0720   167.6460   -18.8313
   525.0000     0.0001    72.4203   183.3780    14.7811   107.7370   -18.5881   150.1080
   525.0000     0.0001    34.5208   226.7450    -7.0598   127.7620    79.2008   115.4680
   525.0000     0.0001   198.9540   -67.2976   178.0790   -50.9835  -103.5330   -18.1770
   525.0000     0.0001    35.0688   228.9200   -26.0966   114.6220   123.5360    94.0417
   525.0000     0.0001    67.2108   198.4580    21.8138    52.1745   -45.4775   115.8480
   525.0000     0.0001    25.6480   249.6310   -27.3181    81.9508   125.7110    65.1630
   525.0000     0.0001    11.0976   223.3220   -28.0725    74.0638   120.9410    89.0617
   525.0000     0.0001     3.3113   240.5200   -91.3639    19.7012   190.1570   -36.8145
   525.0000     0.0001    84.5914   102.3120    74.2193   -62.7087  -328.6660    29.8802
   525.0000     0.0001    78.0983   145.4470    57.7256    62.6989  -260.7620   195.0360
   525.0000     0.0001    -0.4908   250.4680   -18.9810    32.9513   138.9120    76.0207
   525.0000     0.0001    63.0164   162.4400    62.6224   164.4250  -199.6300   145.9160
   525.0000     0.0001    76.3252    95.9674    72.2556   -20.8743  -334.5910    17.5488
   525.0000     0.0001    10.2165   233.4740   -36.8139    69.7290   140.8480    65.0732
   525.0000     0.0001    69.9382   123.6430    72.1956    88.1694  -338.9090   158.0710
   525.0000     0.0001   105.2020   -19.7188   151.3960   -62.8352   -35.3678  -123.5900
   525.0000     0.0001    64.1813   163.9530    42.0122    69.6853  -111.2230   232.3740
   525.0000     0.0001     6.8135   235.6380   -30.4606    66.9997   138.9890    67.8960
   525.0000     0.0001    68.4338   121.3670    63.0644   228.9850  -426.2800   148.0910
   525.0000     0.0001    40.2640   242.5550   -36.3923    96.3650   158.2730    74.3923
   525.0000     0.0001    72.7154   160.0130    45.9676   107.0360  -187.9970   164.3070
   525.0000     0.0001   -15.6820   219.8820  -103.9840    13.0323   171.9950   -66.3008
   525.0000     0.0001    46.4063   237.9770   -16.1376   119.9960   112.1770   110.5600
   525.0000     0.0001     3.9320   192.9040   -37.9209    30.2171   183.8490    21.6324
   525.0000     0.0001    50.1932   179.8420    13.7560    69.4310   -31.5256   141.2430
   525.0000     0.0001   280.6020   191.5140   136.1510    80.5816  -167.5140    41.7174
   525.0000     0.0001    78.3894   100.6540    69.7207    28.3616  -358.3940  -103.4430
   525.0000     0.0001    35.5052   231.0190    -9.9830   126.0940   109.5580   116.7400
   525.0000     0.0001    79.6577    91.7728    78.2522   -92.4298  -255.9860   -36.3427
   525.0000     0.0001   105.0260   117.7600    93.8038  -123.2320   164.8870  -140.1970
   525.0000     0.0001    28.2449   240.9630   -16.9168   103.7740   155.1840    90.1831
   525.0000     0.0001   -25.8889   187.9110   -17.1010    13.2192   157.0880    53.4035
   525.0000     0.0001    68.4317    10.0326    88.3257  -106.4710    43.7719  -181.3820
   525.0000     0.0001    80.4465   133.0350    57.5273   142.2810  -289.7680   222.2680
   525.0000     0.0001    64.8774   185.2100    44.4714    74.5026   -90.6709   153.0130
   525.0000     0.0001    26.4514   184.6580    -8.6931    91.5506   -54.9105   189.5300
   525.0000     0.0001   262.3760   239.9430   142.0830   113.2720  -161.9250    26.6009
   525.0000     0.0001    75.3748   106.3460    76.7289    42.6404  -350.4390     1.5281
   525.0000     0.0001    74.6410   158.9190    58.6568    53.5755  -225.6460   156.6390
   525.0000     0.0001    51.6566   -23.8586   100.9620   -98.9355    15.5484  -132.2030
   525.0000     0.0001    70.7408   116.9340    67.2972   258.3900  -417.9970    48.8752
   525.0000     0.0001    66.4856    29.7261    58.1153  -138.3960    88.7448   -95.6618
   525.0000     0.0001    38.9567   180.1790     6.0778    98.4240    -3.5151   137.6680
   525.0000     0.0001    55.7539   177.4300     4.6167   118.7020   -13.8790   138.3850
   525.0000     0.0001    55.1928   231.7190   -12.4011   159.8770   141.1000    96.7441
   525.0000     0.0001    82.6225   117.4340    66.3930    47.2835  -372.2260   145.2100
   525.0000     0.0001    74.0699   108.1180    75.6423    38.7502  -365.1820     9.8646
   525.0000     0.0001   106.6170    51.0694   133.6600    -9.1739    87.8871   -45.7036
   525.0000     0.0001    31.0264   151.9190   -49.2210   104.6280   188.5690   -36.6747
   525.0000     0.0001   120.0000   114.8370   108.8930  -131.8180    96.1735   -68.8279
   525.0000     0.0001     6.5468    64.5964   -16.9587    13.3872   179.7950  -142.4430
   525.0000     0.0001    10.0765   260.9770   -35.9024    58.6182   167.1540    42.9075
   525.0000     0.0001    45.0933   223.6920    -6.9224   132.7590    73.7992   132.8620
   525.0000     0.0001    69.2613   161.0450    64.2063   140.7320  -279.5500   130.1260
   525.0000     0.0001    47.5847   185.5790    17.1138   127.2380   -92.0919   102.8850
   525.0000     0.0001    54.2764   176.5530    37.7450    71.7574   -67.5623   183.7670
   525.0000     0.0001    22.3419   240.4180   -23.6500    94.2500   142.1110    73.4572
   525.0000     0.0001    21.1041   226.4140   -45.2068    74.0955   170.0560    52.8004
