#         t          m          x          y          z         vx         vy         vz
   475.0000     0.0001    23.2728   107.4940     6.9967    19.3893   186.9070  -178.3980
   475.0000     0.0001    14.2917   117.1190   -10.1030    13.4769   222.4920   -99.4828
   475.0000     0.0001    26.9420   127.6940    -4.4125   -13.1830   248.4770  -174.2530
   475.0000     0.0001    18.1018    91.5704    -6.7016  -156.4390   172.4120  -225.7640
   475.0000     0.0001    22.3098    85.7892     3.3144   -68.4220   214.2340  -178.4170
   475.0000     0.0001   140.0020    53.9846   170.3970   -32.5234  -117.4140   -40.0785
   475.0000     0.0001    26.3281    79.6716    23.1187  -161.0700   110.6310  -285.1490
   475.0000     0.0001    11.1293    87.6257     0.1934  -145.4220   208.4610  -207.9830
   475.0000     0.0001    13.0632    89.7046    -7.0572  -152.7870   188.6570  -236.4430
   475.0000     0.0001   172.2980    49.2967   201.8530     9.7717  -128.8530    -3.0564
   475.0000     0.0001   128.2640    33.1437   170.6240   -40.9268  -104.9230   -35.3951
   475.0000     0.0001    19.1349    57.2361    48.5300   -93.9661     1.4902  -267.5440
   475.0000     0.0001     5.3504   146.9380   -39.0463   -77.3686   144.8300   -59.5143
   475.0000     0.0001     7.0602    86.7048     4.0429   -41.2350   160.2320  -292.5570
   475.0000     0.0001    25.2558    76.4719     2.1604   -72.4980   156.6150  -194.3630
   475.0000     0.0001    23.6564    82.4838    -3.2515  -104.7980   111.4030  -243.0340
   475.0000     0.0001    19.1256   108.6180    -3.3850     3.2478   181.1910  -126.1470
   475.0000     0.0001    21.6398    69.5365    10.9281   -71.1399   133.0680  -231.5110
   475.0000     0.0001    98.6825    47.2195   133.1510   -82.5166  -114.7050   -89.7412
   475.0000     0.0001    12.6221   106.4920    -0.8760    -9.2114   170.3550  -130.8170
   475.0000     0.0001   167.1490    52.2557   203.7920    -3.7574  -132.9720     4.0571
   475.0000     0.0001    20.0500    84.9299    -3.3711  -157.2770   180.9460  -243.5930
   475.0000     0.0001   103.4090    32.2983   132.5500   -92.1480  -136.2710   -61.3156
   475.0000     0.0001   162.3290    16.8227   195.6150    -0.7695  -136.6840    -0.6913
   475.0000     0.0001   151.3260    32.6531   188.9530   -27.8345  -142.4220     4.8481
   475.0000     0.0001    18.8983   111.0900    -7.6924   -31.3484   217.7600  -196.2430
   475.0000     0.0001    17.7308    87.4029    -2.8862  -146.9600   157.1820  -164.2920
   475.0000     0.0001   108.0620    46.4013   113.2220   -67.4024   -86.2595  -123.3500
   475.0000     0.0001    -7.6596   162.0850   -49.4142    29.6021     8.4051    76.6692
   475.0000     0.0001    18.9693   120.4940    -3.7629   -14.2313   221.0410  -102.6920
   475.0000     0.0001    13.3468    97.7673    -4.9052   -93.2826   147.3910  -155.1350
   475.0000     0.0001    28.3208    88.9209     3.3210  -160.6500   175.3620  -265.2600
   475.0000     0.0001    24.7499    86.4660     4.4912  -143.4140   167.0720  -301.0970
   475.0000     0.0001    20.3466    85.0100    -2.2647   -83.1587   171.4150  -180.4830
   475.0000     0.0001    13.9652   122.2650     0.8048    27.1032   241.8600  -105.4680
   475.0000     0.0001    22.0776   114.5540    -9.1378   -32.7511   196.7090  -166.0530
   475.0000     0.0001   175.1460    44.7896   231.6680    19.3366  -128.5560    24.4188
   475.0000     0.0001   113.0350    14.5969   147.2330   -59.4594  -115.8240   -50.8967
   475.0000     0.0001    27.9137   108.5190     2.6720    -3.5937   185.4340  -199.6500
   475.0000     0.0001    15.7906   105.6860    -9.3303   -86.3636   187.8590   -89.4183
   475.0000     0.0001    21.6620    80.3948    -2.2674  -141.9790   127.2970  -240.0210
   475.0000     0.0001    29.3859    99.7106    -2.4041   -24.1363   205.5140  -261.9250
   475.0000     0.0001    25.2177    89.6988    18.2608  -107.3540   126.4180  -317.2130
   475.0000     0.0001    13.7648    87.0014     2.3095   -59.4951   217.4620  -209.1370
   475.0000     0.0001    13.2426    82.1256     8.1621  -112.9080   163.1180  -252.5340
   475.0000     0.0001    24.5742    92.0700    -6.1368   -93.2082   188.7540  -131.5650
   475.0000     0.0001    23.9108   118.8820     4.3823    31.2420   247.2290  -183.8670
   475.0000     0.0001    20.4551   108.2950     3.1349   -60.8895   159.1960  -247.0250
   475.0000     0.0001    88.2784    51.5594   109.7020  -114.4120   -77.1399  -109.6900
   475.0000     0.0001   134.8390    57.2899   170.2510   -41.9686  -123.7670   -38.9903
   475.0000     0.0001    31.1380    60.5786    12.3806  -161.3660    47.3806  -255.8330
   475.0000     0.0001    16.6978    79.3666     4.5424  -112.4400   157.0860  -233.6980
   475.0000     0.0001    17.8253    95.0106   -10.0078  -134.9320   182.0140  -254.7020
   475.0000     0.0001    77.8969     5.8881   163.3700   -59.4948  -119.1070   -48.8401
   475.0000     0.0001    19.5202    81.8764     1.2180  -132.8080   135.9790  -129.2390
   475.0000     0.0001    15.6403   126.4420   -17.9699   -75.9343   205.4730   -83.9670
   475.0000     0.0001   145.8590    24.4177   171.5740   -30.0761  -123.8020   -22.6251
   475.0000     0.0001     8.3672   170.1020   -11.0323     1.9221   196.3630    27.8315
   475.0000     0.0001     8.5876    97.1128     5.1334   -33.3826   213.7280  -195.3540
   475.0000     0.0001   -41.6948   169.9560   -55.4497     7.2603    45.5445    53.3786
   475.0000     0.0001    87.9830    54.1690   147.6710   -76.6316  -105.4350   -89.4694
   475.0000     0.0001    48.6784    63.8005    41.1909  -157.5080     8.8371  -243.8870
   475.0000     0.0001    19.2516    93.4843    -7.1108  -144.7180   170.2660  -270.6050
   475.0000     0.0001   -76.0492    90.7225   -85.4048    15.3367   -34.0945    44.7556
   475.0000     0.0001    14.0670    89.8029    -5.1158  -152.3820   187.3040  -233.8970
   475.0000     0.0001    18.6153    82.9497    -1.1449  -112.1840   129.5880  -237.0010
   475.0000     0.0001    29.2812    87.8337     6.3674   -74.7629   140.3940  -234.3510
   475.0000     0.0001    25.5695   101.1080    12.4692   -37.2580   230.3510  -181.4040
   475.0000     0.0001   -55.1563   155.6480   -61.5130    -4.7684    36.3048    31.3047
   475.0000     0.0001   121.3300    63.5826   129.3300   -65.5974  -100.4590   -93.0820
   475.0000     0.0001    14.9514    73.1633     2.4775  -113.3490   144.0230  -226.4130
   475.0000     0.0001    27.4074    88.4456    -0.0205  -128.3800   182.8190  -321.7710
   475.0000     0.0001   203.8650    51.8003   219.3080    28.7432  -136.7850    33.8708
   475.0000     0.0001    29.6228    90.7843    -0.5967  -102.6030   167.3360  -203.8630
   475.0000     0.0001    37.3663    55.7464    34.8840  -108.3680    49.9697  -217.5470
   475.0000     0.0001    21.3562   175.3170   -17.8841    19.5503   176.2030     3.8813
   475.0000     0.0001    24.4101   107.4040     5.3736   -56.4913   226.0270  -168.7320
   475.0000     0.0001    26.3154    71.2902    17.3592   -61.2230   138.9920  -245.4810
   475.0000     0.0001    30.3775    97.2238    -2.5731  -104.4230   175.7500  -230.7800
   475.0000     0.0001    18.6189    85.5634    10.1987  -185.9190   141.7000  -304.3630
   475.0000     0.0001    21.0899    86.5519     6.7362   -10.6013   148.4420  -192.5990
   475.0000     0.0001    77.6174    60.0803   116.0830   -74.7780   -75.6789  -155.7860
   475.0000     0.0001    21.5589   109.3420   -15.0393   -88.0542   179.3940  -134.3220
   475.0000     0.0001   -55.2814    70.0445  -123.9690     3.2993   -48.1493     2.8969
   475.0000     0.0001     3.9075    96.0899    10.5668  -208.7010   179.7220  -167.3260
   475.0000     0.0001   109.7370    83.8979    84.2754    -6.8514  -185.9120    -9.5061
   475.0000     0.0001    28.3549   104.5610     4.4849   -17.8711   151.8580  -217.7600
   475.0000     0.0001    34.9185    70.9883    37.9450  -156.0040    47.3933  -270.7450
   475.0000     0.0001    25.2992   107.5450     3.4039   -82.3730   166.7430  -204.5790
   475.0000     0.0001    28.3549   104.5610     4.4849   -17.8711   151.8580  -217.7600
   475.0000     0.0001    22.9233   127.6640    -0.1149   -11.2825   265.2930  -106.3990
   475.0000     0.0001    30.8388   100.0440     5.3198   -14.7588   160.3200  -219.2720
   475.0000     0.0001    20.3874   115.7270    -4.7708   -22.2730   239.7020   -73.7467
   475.0000     0.0001   102.1490    43.5279   132.5260   -73.8681  -111.2670   -93.6381
   475.0000     0.0001   137.6200    26.2254   174.6640   -29.1267  -115.4290   -28.3938
   475.0000     0.0001     5.5688   162.4870   -65.5657   -20.7967    85.9481   -62.6776
   475.0000     0.0001    12.4561   115.9470   -10.0570   -76.5439   192.2620  -145.2250
   475.0000     0.0001    23.2675    78.3071     9.5371   -93.6734   133.8050  -223.3630
   475.0000     0.0001    81.7633    44.2956    85.4547   -96.2589   -80.3618  -171.6950
   475.0000     0.0001    22.6735    82.0534     6.1166  -104.7030   146.2510  -265.2360
   475.0000     0.0001   225.7200   256.6910   108.9700   149.9670  -133.9470    46.7101
   475.0000     0.0001     9.4296    81.8454     3.4091  -117.1190   181.7000  -217.0650
   475.0000     0.0001     8.8101    71.8046     7.4153  -124.2840   128.5400  -235.5270
   475.0000     0.0001    12.4479    86.3790    -4.4944  -151.7370   185.5160  -226.1370
   475.0000     0.0001    21.6689   185.8480   -25.5028    50.4436   141.0360    16.2053
   475.0000     0.0001   104.2440    58.6033   108.8240   -39.1072   -93.8186  -153.0400
   475.0000     0.0001    23.5605    86.4453    -4.1694  -168.2780   164.1250  -256.6710
   475.0000     0.0001    29.1085    90.3244    -2.6563   -75.2654   146.0410  -260.8920
   475.0000     0.0001   168.6440    56.4972   208.4270     5.4693  -131.8230     3.0743
   475.0000     0.0001    38.3892    70.1779    60.7170  -109.8720    -0.3551  -267.9530
   475.0000     0.0001    26.1072    60.6267    35.3167  -140.0160    57.6554  -253.1770
   475.0000     0.0001    37.3075    54.1565    27.9487  -156.7180    32.1877  -234.3410
   475.0000     0.0001    13.8288    87.1601    -4.3077  -137.1650   168.2650  -184.8040
   475.0000     0.0001    18.3877    93.3041    -9.4427  -115.8710   167.3940  -197.3450
   475.0000     0.0001    81.9364    73.7889   104.4550    49.4157    27.0961    96.2469
   475.0000     0.0001    17.1153   133.1160   -36.5278   -61.2185   154.8010  -106.0670
   475.0000     0.0001    28.9085    94.9002    10.7307  -133.2240   181.3930  -274.4580
   475.0000     0.0001    74.6460    46.3714    69.5903   -96.3445   -61.6488  -200.7980
   475.0000     0.0001   117.2890    52.2492    83.3458   103.9180    -6.1347   105.3880
   475.0000     0.0001   176.4640    72.7226   215.0030    22.6164  -128.7600     5.0209
   475.0000     0.0001    78.6477    45.0310   127.6080   -94.7703   -77.7413  -105.4230
   475.0000     0.0001   193.4600    41.6638   196.2600     9.7887  -133.5570    19.3293
   475.0000     0.0001    20.6428   132.6060    -4.3022   -35.2447   258.4380   -97.8872
   475.0000     0.0001    26.4311    88.0581    -2.7034  -150.5970   171.2610  -302.7820
   475.0000     0.0001    12.8631    91.8768    -3.7023  -109.8870   197.2140  -181.6640
   475.0000     0.0001     9.9269    87.1204    -3.6063   -64.6325   137.0120  -273.8140
   475.0000     0.0001    97.7931    49.8011    97.4707    89.9014    21.7326   117.2100
   475.0000     0.0001    24.0404   138.6530    -3.0774   -63.7680   256.5530    -2.0793
   475.0000     0.0001   285.9550   142.4170   175.2010    96.4939  -138.6140    67.3857
   475.0000     0.0001    10.7881    96.4510    11.2873   -79.5903   160.6350  -234.0180
   475.0000     0.0001    11.9778    99.7675    -1.8523   -61.4705   218.2850  -196.9190
   475.0000     0.0001    21.0101    93.2607    13.4894  -123.9300   211.5920  -195.6140
   475.0000     0.0001    15.6230   107.1340    -2.0945    38.3962   167.6710  -205.0360
   475.0000     0.0001    15.7017   102.2420    -8.9112   -21.4231   195.2010  -225.7890
   475.0000     0.0001    29.2887    99.1627   -10.4656   -87.9754   179.1620  -220.1500
   475.0000     0.0001    11.6955    85.6029    15.3622   -90.5951   192.2690  -151.7400
   475.0000     0.0001    34.8346    57.5890    62.9811  -134.4710    34.0655  -205.5590
   475.0000     0.0001    55.1773    98.6250    82.3599    71.5540   187.5280   -33.9817
   475.0000     0.0001    27.0291   108.4960     3.6055    14.7815   207.9320  -200.8680
   475.0000     0.0001    23.8602   138.6910    -1.7869    60.0320   278.8570   -50.7287
   475.0000     0.0001    14.6408    34.9981    78.9629  -102.4220   -46.9869  -190.9220
   475.0000     0.0001    18.0527   118.9450    -3.2376    35.8859   230.5630  -136.7300
   475.0000     0.0001    85.8590    55.7689    82.4663   -96.4081   -57.9742  -180.5390
   475.0000     0.0001    29.4760   105.1930     7.4962   -49.1158   188.4980  -199.3400
   475.0000     0.0001   230.7680   110.2970   166.4410    24.9987  -156.5670    39.7654
   475.0000     0.0001    85.4861    45.6787   124.6570   -88.0844   -83.1289  -111.1220
   475.0000     0.0001   167.2390    45.3454   196.6650    -3.2274  -130.0310    -4.1197
   475.0000     0.0001    20.7736   101.3080   -10.4915   -34.5747   194.1250  -196.6290
   475.0000     0.0001    15.0214    90.5517    -7.0783  -129.2860   177.4590  -186.4410
   475.0000     0.0001    88.6586    21.5367   178.8600   -54.8526  -122.3280   -37.8331
   475.0000     0.0001    91.1862    28.9388   148.1610   -54.5428   -90.0869   -85.6080
   475.0000     0.0001   147.3940    44.8770   198.2710   -13.5635  -121.8810   -12.6896
   475.0000     0.0001    28.0854    87.6315     7.7919   -72.3456   219.7440  -293.1880
   475.0000     0.0001   -53.7280   105.9510  -113.3930     2.7334   -21.3030     9.2249
   475.0000     0.0001   204.8600    54.9522   220.8710    28.7922  -137.4180    39.6658
   475.0000     0.0001    91.0517    28.5982   116.6300   -82.4360   -91.3944  -108.9230
   475.0000     0.0001    11.2405    86.9220    -5.5885  -121.4470   169.0090  -222.0660
   475.0000     0.0001    45.9669    65.3431    40.0377  -171.5030    31.0821  -234.7090
   475.0000     0.0001    95.9019    36.9889   126.0890   -81.2939   -80.4868   -95.3156
   475.0000     0.0001    14.1057    84.2471    -5.3167  -160.9110   164.3770  -272.6560
   475.0000     0.0001    10.0014   129.1150   -10.6607   -54.6962   209.6610  -114.8060
   475.0000     0.0001   258.3730   111.5110   126.5380    48.4089  -160.5060    32.8221
   475.0000     0.0001    55.2998    79.1079    81.6243   -82.2168   -97.3749  -239.7890
   475.0000     0.0001    32.6497    53.5323    27.5124  -156.2190    33.5110  -234.5780
   475.0000     0.0001    13.6999    82.7096    -0.7591  -155.6970   153.6590  -237.9820
   475.0000     0.0001     9.0788   131.6410   -14.2247   -92.5327   207.0930   -72.8805
   475.0000     0.0001    19.1844    86.0401    -2.2806  -156.7480   188.8300  -264.8620
   475.0000     0.0001    22.4396   116.8200     1.7261    16.5263   236.8380   -98.1728
   475.0000     0.0001    23.2173    59.2423    45.3481   -99.5792    57.0289  -234.8400
   475.0000     0.0001   -11.2245   176.4950   -34.0998   -15.6601   124.0590    39.2126
   475.0000     0.0001    23.0823   129.3550    -9.6038    -1.1122   220.3260  -147.9110
   475.0000     0.0001    26.0687   112.8770     5.0463   -32.7315   229.1880  -175.6230
   475.0000     0.0001    14.3552   161.4700    -0.9538   -10.9190   229.2280     9.4127
   475.0000     0.0001    15.7088    72.8288    25.7080   -60.5987    69.5595  -312.6940
   475.0000     0.0001    18.1737    87.2003    -1.7060  -123.2510   204.2570  -227.6280
   475.0000     0.0001    12.6034   106.2490    -3.0188   -30.7901   188.7090  -145.1170
   475.0000     0.0001    15.1051    63.5401    23.9746   -49.3111    81.0608  -247.9640
   475.0000     0.0001    75.4788    43.6471   131.9230   -84.4739  -109.9650  -112.2110
   475.0000     0.0001    31.0288    89.5732     9.8566   -82.8343   212.1460  -288.3250
   475.0000     0.0001   148.2990    78.9354    34.3817   118.1540   -32.2004    61.3423
   475.0000     0.0001   212.4880    42.0243   172.1550    15.9396  -164.1350    42.0249
   475.0000     0.0001    18.3318    83.2726     3.5663   -17.1655   196.2400  -220.2500
   475.0000     0.0001    21.7343    91.4269    -7.5980  -144.6140   155.3650  -265.6540
   475.0000     0.0001   109.5940    47.7611   172.2610   -52.4137  -116.3740   -48.2824
   475.0000     0.0001    87.3948    51.6532   110.6700    86.4047    34.2202   101.7920
   475.0000     0.0001    20.0354    89.9551    -6.3236  -120.8390   152.3470  -222.2400
   475.0000     0.0001     0.6820    96.9906    -9.7611   -11.1567   148.6080  -150.4150
   475.0000     0.0001    13.6164    76.6950    12.8849  -152.7450   102.6760  -297.1060
   475.0000     0.0001    52.3306    63.3943    57.7761  -155.3790    -5.6498  -220.1750
   475.0000     0.0001    29.1442    84.6406    17.1008   -45.7060   160.8980  -290.8350
   475.0000     0.0001    12.9304    90.2615    -1.7659   -56.8437   197.8740  -194.3620
   475.0000     0.0001    24.1072    81.3975     7.0679  -138.2130   180.1670  -254.2580
   475.0000     0.0001    -1.9647   168.6580   -39.6466     0.9504   154.0480    20.1797
   475.0000     0.0001    -1.4001   174.2040   -51.1330   -11.2384   110.9540     4.3872
   475.0000     0.0001    26.1212   106.9700     9.3213    15.2640   206.4200  -211.5600
   475.0000     0.0001   258.3730   111.5110   126.5380    48.4089  -160.5060    32.8221
   475.0000     0.0001    28.1124   117.5090     2.5022    -5.9729   247.0720  -146.5860
   475.0000     0.0001    17.7102    90.4902    -5.9950  -153.1110   156.0170  -264.9930
   475.0000     0.0001   115.1410    66.8965    94.1182    94.4293   -27.2520   109.4970
   475.0000     0.0001    20.9899   109.2260    13.1767   -82.4304   259.2410  -188.7370
   475.0000     0.0001    21.4693   110.2520    11.5422    -1.8581   215.6270   -99.7876
   475.0000     0.0001   102.3420    50.5147    92.6197    78.8347    23.0737    96.9310
   475.0000     0.0001    19.2516    93.4843    -7.1108  -144.7180   170.2660  -270.6050
   475.0000     0.0001    16.8810   120.4510     1.7827   -28.8750   226.4120  -140.0510
   475.0000     0.0001    32.9169    72.7234    23.2038  -227.4570    50.6125  -193.5670
   475.0000     0.0001    30.2988    94.4829     7.0146   -41.7783   160.1890  -267.4540
   475.0000     0.0001    27.3604    75.4327    24.9766   -90.4773    93.2628  -310.4160
   475.0000     0.0001    18.6702    84.6752    13.8349  -104.4250   142.4110  -238.9590
   475.0000     0.0001     8.2373    92.5507     2.7410  -100.9360   205.0920  -249.9490
   475.0000     0.0001    23.4940   109.1740    -2.2061   -80.1223   214.7800  -213.8850
   475.0000     0.0001    14.2498    84.0412     5.1651   -83.4478   186.1290  -259.3230
   475.0000     0.0001    13.0963    87.1921     8.1343    -6.6276   192.9740  -236.8140
   475.0000     0.0001    32.4567    36.8932   110.2250   -77.7768   -51.9512  -152.6100
   475.0000     0.0001    11.7628    79.2337     1.1445  -112.8170   156.6380  -237.6650
   475.0000     0.0001    13.2924   139.7560   -19.0437   -74.4672   208.0160   -82.2384
   475.0000     0.0001   205.6410    34.3792   207.5500    13.6731  -148.1210    50.8747
   475.0000     0.0001    22.3947    88.7038    -4.0944  -159.3890   183.1880  -245.2060
   475.0000     0.0001   -22.7083   179.1100   -51.8605    26.8189    34.6790    63.8739
   475.0000     0.0001   168.9340    42.6248   218.6840    22.7587  -134.7680     6.9313
   475.0000     0.0001    19.7803   117.7740     2.4380   -47.2349   215.0230  -232.7800
   475.0000     0.0001    11.4459    77.7635    14.4508  -156.5480   117.2690  -291.7500
   475.0000     0.0001    12.1107    91.5486    -7.5378  -131.8980   186.9770  -215.1830
   475.0000     0.0001    83.4062    31.5380   112.2010  -104.7010   -80.0723  -100.6630
   475.0000     0.0001    24.7049    62.7379    57.9230  -129.7570    33.5858  -234.5350
   475.0000     0.0001    -4.1580   199.4620   -23.6972    46.3971   104.6730    65.5610
   475.0000     0.0001    24.5939    86.9959    13.3259   -83.1316   119.5650  -328.8820
   475.0000     0.0001    17.0589    75.0709    17.7218  -146.5080    92.2719  -301.2450
   475.0000     0.0001    11.8644   107.0360    -9.2354   -33.4779   173.0160  -168.2140
   475.0000     0.0001    14.9044    87.8923    -2.2826  -121.1070   186.8880  -194.0000
   475.0000     0.0001    -0.3672   173.2420   -21.3765   -22.4699   167.3250    48.3355
   475.0000     0.0001    29.1410   115.7310     0.1552     1.9188   209.1400  -188.1350
   475.0000     0.0001    20.7366    74.0286    24.7915  -193.4830    72.2123  -247.9280
   475.0000     0.0001    10.2006    96.1677    -3.2972   -79.8548   168.2500  -172.9670
   475.0000     0.0001    19.6139   123.1660    -3.9584   -30.6523   223.5540  -166.3960
   475.0000     0.0001    36.1061    69.4996    62.4819   -96.3875    21.8107  -264.2380
   475.0000     0.0001    64.0605    63.1274    61.2727  -138.9470   -15.4249  -216.2440
   475.0000     0.0001    19.9336    79.0760     4.6911  -134.8520   129.7380  -235.8210
   475.0000     0.0001    19.0824    84.4833     2.6562  -136.6230   178.8400  -281.1550
   475.0000     0.0001   157.1440   350.6950    92.7134   189.2990   -72.4538    52.9375
   475.0000     0.0001    25.1509   123.5850    -6.1310    19.7282   233.2680  -139.3700
   475.0000     0.0001    23.9010   108.5660     6.7107    34.4968   189.5470  -160.9710
   475.0000     0.0001    23.7421    90.3420    15.5204   -47.5109   193.5520  -267.4050
   475.0000     0.0001     7.3768   167.9550    -9.9148   -16.6572   197.6880    23.7381
   475.0000     0.0001     2.3153   195.4730   -17.6411    34.4286   120.9550    56.8032
   475.0000     0.0001   118.2450    79.7355     1.2586   160.2880   -80.2657     3.3234
   475.0000     0.0001    94.5529    33.9584   185.8590   -48.7598  -131.5990   -36.5782
   475.0000     0.0001    13.8414   119.4720    -7.6715  -111.4760   199.9100   -92.8342
   475.0000     0.0001    15.4299    71.1016     1.9215  -145.7950   118.1820  -232.9970
   475.0000     0.0001    17.0152    73.5619    16.8156  -155.5210    95.6642  -291.4360
   475.0000     0.0001   111.8490    67.1796    64.6470   -38.5142  -174.0220     8.5109
   475.0000     0.0001    25.0047    68.0803    18.9324   -58.3298   124.5440  -244.4450
   475.0000     0.0001    10.5308   134.5990   -12.0788   -59.6143   219.6090   -84.6899
   475.0000     0.0001    23.8949    85.4259     0.6256   -75.9480    94.3051  -233.5110
   475.0000     0.0001    57.4785    51.4119    71.0797   -90.5883    -2.7620  -212.9310
   475.0000     0.0001    56.0378    79.4232    68.8372   -99.0319  -120.8560   -96.6895
   475.0000     0.0001     7.2010   131.2660   -37.7152   -83.0507   127.8680  -114.7650
   475.0000     0.0001    20.4792    86.6290    14.4565  -107.8430   139.9930  -266.6270
   475.0000     0.0001    16.1037   151.3410    -8.0497     7.4462   235.9420    -3.7445
   475.0000     0.0001    29.2613    95.5792    11.6027   -88.3206   234.1530  -244.6880
   475.0000     0.0001   -13.5910   185.8650   -46.1087    23.2720    71.6921    57.2693
   475.0000     0.0001    11.5281    84.1680     0.0305   -74.5440   186.8570  -220.6830
   475.0000     0.0001    27.8616    94.6977    11.7078   -94.1960   221.9710  -237.7920
   475.0000     0.0001    36.3565    80.3398    18.7924  -105.2190   143.6200  -281.9840
   475.0000     0.0001    12.2932    94.9363    -3.0771  -143.1370   197.1440  -170.7510
   475.0000     0.0001    27.5829    76.1080    50.4132  -104.7400    66.0248  -279.1220
   475.0000     0.0001    14.6877    73.5526     5.5377  -117.3320   139.1870  -263.7260
   475.0000     0.0001    18.8154   155.7280   -27.8805    15.0673   208.1410    -6.3132
   475.0000     0.0001   102.4520    60.7967   108.9460   -39.9013   -99.9486  -153.9930
   475.0000     0.0001   114.6330   366.3960    91.7109   191.7630   -59.1664    68.9024
   475.0000     0.0001   227.1260    58.8693   210.6880    37.2083  -142.7870    51.2793
   475.0000     0.0001   179.1890    54.6291   224.9500    14.4005  -130.1580    22.2300
   475.0000     0.0001     9.7658    97.7086    -0.2280   -62.0962   228.0060  -205.6990
   475.0000     0.0001    55.3326    63.4285    58.0220  -142.6860    -6.7329  -229.1100
   475.0000     0.0001    19.0950    85.0123     0.0099  -134.4130   174.4600  -262.8100
   475.0000     0.0001    12.5083    90.8410    -4.8547   -90.7361   186.7160  -185.0110
   475.0000     0.0001    23.7434   112.8140    -9.0335   -38.2929   195.3090  -157.0390
   475.0000     0.0001   151.8980    41.8734   211.2860    -5.6469  -126.3510     0.5583
   475.0000     0.0001   265.0030   263.8250   150.4960   135.1130  -109.6510    72.9056
   475.0000     0.0001     9.0225    85.1686     0.7241  -111.1670   181.6010  -225.2650
   475.0000     0.0001    19.2981   143.3470   -12.4394   -39.2884   231.8420   -49.8358
   475.0000     0.0001    53.2785    47.4884    78.8424  -130.1870   -37.7324  -179.7480
   475.0000     0.0001    27.6614   106.2160     0.3894   -70.9083   151.5620  -202.3860
   475.0000     0.0001    17.8253    95.0106   -10.0078  -134.9320   182.0140  -254.7020
   475.0000     0.0001    38.8825    68.5973    34.4712  -142.2440    39.5267  -276.6250
   475.0000     0.0001    13.6906    97.4436   -11.3502   -59.9116   169.6050  -233.3930
   475.0000     0.0001    18.2350    88.0971    -4.2512  -150.8280   188.0170  -195.2350
   475.0000     0.0001    16.1037   151.3410    -8.0497     7.4462   235.9420    -3.7445
   475.0000     0.0001    27.1607   117.3040     3.7728   -30.5833   275.5560  -198.8230
   475.0000     0.0001    28.3868    69.8628    22.9542  -119.8450   113.6200  -254.1060
   475.0000     0.0001    17.8809   110.5650    -0.7096  -126.0940   216.2930  -193.5980
   475.0000     0.0001    12.6482    83.8318    -2.5613  -146.6190   152.3400  -235.5520
   475.0000     0.0001     5.3504   146.9380   -39.0463   -77.3686   144.8300   -59.5143
   475.0000     0.0001    14.4677    77.5390    19.7000  -133.0290   120.6720  -295.5040
   475.0000     0.0001    -8.5470   160.5290   -31.5636   -38.0236   158.9720    24.3216
   475.0000     0.0001   104.8840    45.9419   157.1320   -63.4574   -99.7309   -63.1772
   475.0000     0.0001    20.2196   121.4550    -2.1586     4.2644   244.4420  -162.6640
   475.0000     0.0001    30.5290    99.9266     5.6899   -87.0063   156.7360  -217.8560
   475.0000     0.0001     8.6455    87.8400     0.1505  -122.5220   204.5230  -231.9700
   475.0000     0.0001    26.1069    82.6960    -0.3101  -100.7170   157.5140  -143.9120
   475.0000     0.0001    26.7316   117.8190    -0.9233    13.5407   217.4890  -166.6130
   475.0000     0.0001    14.1242    87.9390    -2.1581  -151.6860   205.4410  -218.6670
   475.0000     0.0001    29.9590   103.1150    -2.8623  -119.1740   166.8190  -193.1150
   475.0000     0.0001     8.0173   128.8120   -16.0218   -47.8996   213.2370   -61.9364
   475.0000     0.0001    26.0181   122.0650    -0.9301    33.7324   246.1690  -137.5360
   475.0000     0.0001    17.5513    85.7550    -5.8372  -138.9980   162.2550  -215.1860
   475.0000     0.0001   119.1230    82.3086    63.2003    74.6394    25.8056    96.9396
   475.0000     0.0001    31.5566    59.6994    22.7445  -164.3530    53.7963  -241.8910
   475.0000     0.0001    11.3363    99.9380    -1.2295   -92.3751   176.8270  -154.7630
   475.0000     0.0001    22.6129    78.6188     5.2140  -152.6770   140.7220  -245.8150
   475.0000     0.0001    11.3698   119.4310   -13.0090   -60.8698   208.4910   -82.5864
   475.0000     0.0001    54.4658    71.2533    39.2594  -163.1260    46.5608  -239.5350
   475.0000     0.0001    29.0492   101.5610     8.0984   -84.3298   174.7240  -226.7260
   475.0000     0.0001   151.0880    39.9938   205.1260    -9.9918  -125.0200    -3.9118
   475.0000     0.0001    23.4109    81.5871     3.3276  -146.4540   174.6060  -238.3490
   475.0000     0.0001   155.2190    60.8720   202.6370   -10.0472  -122.9900    -7.5526
   475.0000     0.0001    25.1788    82.4203     0.5326  -176.5490   145.3540  -291.4390
   475.0000     0.0001    14.3233    88.6479    -0.8307  -147.9040   162.8090  -229.2370
   475.0000     0.0001   110.0150    92.7053   177.6780   -23.7125  -124.9260   -59.8781
   475.0000     0.0001   184.7710    77.3109   222.3140    18.3649  -132.1160    23.1298
   475.0000     0.0001     9.0435    94.2931     6.2362  -114.5630   230.4310  -223.5440
   475.0000     0.0001    11.4840    90.0106    -1.2395   -60.7414   195.2860  -180.0300
   475.0000     0.0001     3.7977    82.0637     3.2289   -60.2584   155.1540  -235.1410
   475.0000     0.0001    16.7614    80.4502    16.6559   -84.4462   125.3790  -294.4820
   475.0000     0.0001    52.1520    44.3628    88.1001  -120.9300   -63.8739  -171.9020
   475.0000     0.0001   119.1230    82.3086    63.2003    74.6394    25.8056    96.9396
   475.0000     0.0001   100.7480    70.6851   189.0300    16.1083  -118.8530   -65.4523
   475.0000     0.0001    24.2915    88.5694    -3.4977  -150.2930   189.2780  -309.7540
   475.0000     0.0001    83.1386   115.3640   -87.1186    66.8622   -21.9210   -70.8371
   475.0000     0.0001   -27.5712   187.4900   -13.1298    -5.3444    76.3959    74.4458
   475.0000     0.0001    21.6076    74.2492     5.0631  -145.4310   129.1970  -268.2250
   475.0000     0.0001    33.6014   103.7850     5.2213   -65.4436   179.7130  -202.3400
   475.0000     0.0001    13.9166    78.8567    -1.6330  -100.3760   144.5480  -258.3080
   475.0000     0.0001    26.7375   131.1280    -6.5102   -42.3026   260.1900   -29.4242
   475.0000     0.0001   236.2100   147.8930   105.4290    89.3942  -176.0620    23.1150
   475.0000     0.0001    24.4695    83.0220     7.7329   -42.4271   142.1930  -203.6100
   475.0000     0.0001   150.6440    43.7428   192.0740   -20.6805  -128.8570    -8.7445
   475.0000     0.0001   135.5410    35.1051   238.2490     6.8999  -126.0670    17.6290
   475.0000     0.0001    26.2727    88.2325    10.7296   -51.3272   228.9900  -259.1010
   475.0000     0.0001    34.7715    81.4457    21.0117  -122.9180    88.7616  -300.9720
   475.0000     0.0001   142.6270    55.7264   169.1670   -45.0477  -134.5020   -20.4164
   475.0000     0.0001    18.6663   107.9040     5.4557    27.2516   202.0500  -163.5830
   475.0000     0.0001   -10.8586   160.1210   -34.8762   -54.2547   145.4360    18.1073
   475.0000     0.0001    30.5692   107.5030     4.7168   -24.6943   199.1070  -180.3720
   475.0000     0.0001    16.4656   111.8710    -2.8325   -73.2211   182.9380  -132.3990
   475.0000     0.0001    13.9985    90.5699    -5.0713  -162.6390   166.0010  -223.2690
   475.0000     0.0001    16.6286    82.2337     0.1315  -121.1840   186.7560  -202.5460
   475.0000     0.0001   130.5060    41.8214   192.8370   -34.9365  -145.1040    -6.6126
   475.0000     0.0001   107.1840   104.9530   164.3630   -34.6587  -129.0840   -73.4971
   475.0000     0.0001    84.5571    48.3007   148.8740   -73.4110   -99.5957   -90.0123
   475.0000     0.0001    26.5743   105.3610    -1.2832   -77.2752   215.8550  -226.1740
   475.0000     0.0001    84.6666    32.9734   125.1240  -103.7700   -88.2329   -78.5146
   475.0000     0.0001   201.2900    56.6024   177.7220    13.1487  -156.3090    21.2450
   475.0000     0.0001   116.9190    62.7274    75.0844    86.1321     5.2787   103.7430
   475.0000     0.0001    15.2023    72.0165    13.0044  -123.3110   120.0090  -191.5430
   475.0000     0.0001    82.5702    61.4097    97.1276   -45.8099   -69.7004  -189.1340
   475.0000     0.0001    14.3365   140.8140    -9.4867   -11.9279   244.4570   -24.1910
   475.0000     0.0001    26.4458   112.5680    -0.3108    -9.6664   193.7470  -143.3470
   475.0000     0.0001    10.9079    86.3273    -2.7874  -169.3260   171.2990  -250.7000
   475.0000     0.0001    64.8632    50.2929    89.6449    44.3484   -34.6747    78.2241
   475.0000     0.0001    74.1596   393.6570    77.6192   191.1700   -27.2627    68.9548
   475.0000     0.0001   246.9530    87.0101   184.2880    60.6155  -154.0930    65.8367
   475.0000     0.0001    19.7800   106.5250   -15.7257   -15.6457   184.9720  -174.3030
   475.0000     0.0001   -15.9645   178.3340   -50.9805   -28.4065    46.0353    13.9654
   475.0000     0.0001    15.3061    81.6936    18.6324  -101.1070   128.7690  -282.1610
   475.0000     0.0001    10.9803    91.9641    -6.6934   -61.5223   185.5790  -300.4720
   475.0000     0.0001    59.2730    64.2281    51.7672  -147.6360    -1.0808  -229.9590
   475.0000     0.0001    24.9574   104.7700     8.9752   -79.3135   253.4230  -219.8790
   475.0000     0.0001    78.1451    49.0944    91.6531  -118.0910   -90.2211  -147.4730
   475.0000     0.0001    16.0823    68.3763    13.5151  -109.8390   126.6680  -240.2490
   475.0000     0.0001    24.8208    74.0337    20.8934   -50.5042   125.0660  -266.0020
   475.0000     0.0001    18.3761    97.8902   -12.6866    -0.9797   170.8370  -195.1850
   475.0000     0.0001    20.6620    94.7358   -12.6148   -45.3222   176.2510  -247.0800
   475.0000     0.0001    -4.3710   143.9460   -50.9685    22.8378     0.1363    92.3881
   475.0000     0.0001     9.5186   139.6020   -24.1859   -23.5895   212.0780   -48.8842
   475.0000     0.0001    -7.5407   150.7190   -45.6159   -82.8469    89.8735   -63.2214
   475.0000     0.0001    29.2100    87.5358    11.3840   -37.0692   210.1990  -267.0820
   475.0000     0.0001   211.5740    55.9744   176.6600     5.2784  -154.4700    35.9924
   475.0000     0.0001    -3.0694   190.4460   -38.9939    26.8199    44.5281    75.6827
   475.0000     0.0001   105.6990    30.6074   155.3890   -64.2864  -120.2150   -55.5281
   475.0000     0.0001    51.1324    60.8837    43.2788  -123.3680    -9.4184  -257.7080
   475.0000     0.0001    31.8471   115.4560     9.6212   -56.7626   267.0020   -89.0369
   475.0000     0.0001    30.2902    98.7626    -2.5026   -76.3735   196.1230  -230.2550
   475.0000     0.0001    13.2413    77.9749    19.1124   -87.1879   161.8260  -227.3260
   475.0000     0.0001   246.9530    87.0101   184.2880    60.6155  -154.0930    65.8367
   475.0000     0.0001   121.3240    76.4517   200.2500   -16.8149  -122.7560   -26.2683
   475.0000     0.0001     9.6869    91.5893     0.9007   -86.3959   209.4120  -208.5560
   475.0000     0.0001    43.4720    79.5157    18.1031  -119.7410    79.0151  -297.0420
   475.0000     0.0001    13.0963    87.1921     8.1343    -6.6276   192.9740  -236.8140
   475.0000     0.0001    24.0255   121.4490     3.9037    10.7425   257.0930  -157.2870
   475.0000     0.0001    73.4369    24.2656   150.8000   -79.6263  -116.1170   -68.0666
   475.0000     0.0001    30.0373   109.6330     2.4265    -3.8290   208.7220  -185.4400
   475.0000     0.0001    22.0226   107.6880    -2.1705   -85.8569   198.1020  -114.4350
   475.0000     0.0001   101.5070    82.7128    87.8694   -10.2732  -196.6070    15.4590
   475.0000     0.0001    87.5942    53.4214    80.1758    79.3062    77.6620    95.6705
   475.0000     0.0001   120.0510    51.6014    79.9880   117.9330   -59.9550   108.7650
   475.0000     0.0001   222.3510    48.9557   123.6130     8.9505  -171.0400    22.1022
   475.0000     0.0001    46.2056    67.2604    12.1953  -123.1790    43.6286  -281.5940
   475.0000     0.0001    19.7309    97.3371    -8.8109  -126.8760   190.5850  -257.0700
   475.0000     0.0001    11.2881   103.1830    -2.6140   -80.4427   194.4010  -246.3640
   475.0000     0.0001   138.6170    21.2738   164.5730   -33.7621  -120.1990   -32.6103
   475.0000     0.0001    30.1430    89.0340    10.0693  -139.9600   198.0850  -214.9650
   475.0000     0.0001   278.1380   193.3050   146.4750   103.6600  -135.7230    60.9383
   475.0000     0.0001    24.0595   114.4470    -1.0304    10.1192   230.1250  -160.7280
   475.0000     0.0001    10.6127    95.7455    13.8349   -67.3565   191.0900  -181.8440
   475.0000     0.0001   -34.4742    72.7505   -96.0819     1.6445   -44.5412    27.6781
   475.0000     0.0001    28.3194    85.7302    12.7657   -47.8904   159.4430  -313.7850
   475.0000     0.0001   207.1410    84.4249   214.9630    23.4809  -136.3320    40.5604
   475.0000     0.0001    23.4167   120.7660    -0.4328    31.3934   229.3030  -181.6490
   475.0000     0.0001    21.9175    79.4429    -1.0604  -156.7790   150.6530  -192.4290
   475.0000     0.0001    52.2810    56.9784    82.9631  -107.4550   -26.8639  -204.7440
   475.0000     0.0001    23.9495   109.8100     7.9322     0.0889   230.6970   -80.7308
   475.0000     0.0001    27.7723   116.6160    -2.8173   -91.1557   230.3130  -164.1740
   475.0000     0.0001     8.0173   128.8120   -16.0218   -47.8996   213.2370   -61.9364
   475.0000     0.0001    19.3193   102.8250   -12.8119   -98.9394   181.7830  -177.9110
   475.0000     0.0001   -58.5771   140.6110   -61.7984     5.0138     4.0452    56.8636
   475.0000     0.0001    18.5287   111.1700     2.0187    41.9289   205.3680  -174.2340
   475.0000     0.0001    26.2049    98.6013   -12.3265   -74.7745   215.0210  -300.3750
   475.0000     0.0001    14.0394    83.9882    -2.2047  -137.1390   138.7940  -237.6000
   475.0000     0.0001   176.2300    81.9593   212.0070    14.7059  -136.0590     8.2067
   475.0000     0.0001    37.1963   440.8470    40.3644   172.5550     8.6344    64.1565
   475.0000     0.0001    23.6032    86.9105    11.2190  -124.4370   192.4590  -293.2760
   475.0000     0.0001   237.5680   139.4450   128.6590    72.3947  -173.4000    50.4688
   475.0000     0.0001    90.9431    40.8096   137.0040   -84.4012   -93.6306   -87.7169
   475.0000     0.0001    44.2738    61.8567    76.3373  -104.7830    -3.8691  -223.3980
   475.0000     0.0001    27.7104   118.7580     1.4488    29.8173   234.9980  -171.2030
   475.0000     0.0001    56.0378    79.4232    68.8372   -99.0319  -120.8560   -96.6895
   475.0000     0.0001    17.7716    71.0154     1.7900  -130.4960   102.2630  -186.8080
   475.0000     0.0001    32.9169    72.7234    23.2038  -227.4570    50.6125  -193.5670
   475.0000     0.0001    42.1264    73.5346    99.5716    69.3432   109.9070    64.5536
   475.0000     0.0001    10.0267   101.3950    -1.3756   -49.2931   182.0980  -215.3810
   475.0000     0.0001   142.3940    37.7150   188.4360   -29.6073  -119.4950   -11.2006
   475.0000     0.0001   196.9520    50.5221   210.6480    11.8469  -145.7390    41.8108
   475.0000     0.0001    11.8292    90.6730     0.4003  -101.2610   183.9520  -176.5270
   475.0000     0.0001    29.4443   109.8450     4.5772   -28.4359   213.3320  -191.1040
   475.0000     0.0001    23.1413   108.0060     8.7140   -39.2463   235.7820  -189.1230
   475.0000     0.0001    30.4450    98.0656     9.4765   -58.8587   185.5050  -243.8300
   475.0000     0.0001    16.7060    84.7684     3.5637   -36.8208   180.6070  -224.7690
   475.0000     0.0001    20.3021   107.0110     2.8906   -91.4598   183.8940   -96.9426
   475.0000     0.0001    10.0047   138.8590   -22.1434   -66.7857   199.9920   -70.0506
   475.0000     0.0001   216.2250    56.1143   206.2830    33.9265  -144.7350    41.1729
   475.0000     0.0001    20.0542    84.3450     2.5998  -133.2370   171.8330  -248.6950
   475.0000     0.0001    27.3471    90.1320    -5.3486   -24.4000   118.9220  -199.4920
   475.0000     0.0001   -60.4253    98.7676  -105.7130    -2.9528   -26.3462    15.1056
   475.0000     0.0001    32.2220   103.6010     7.7159   -30.2032   194.9190  -207.1470
   475.0000     0.0001    61.6954   117.0420    74.5821    58.6336   212.1930   -91.6876
   475.0000     0.0001    22.2760    92.9977    16.3550   -82.3949   171.2420  -165.3260
   475.0000     0.0001   105.4990    41.9511   161.8840   -58.8712  -123.5540   -58.1221
   475.0000     0.0001   125.6660    90.8710    53.9053    54.2800    25.7160    79.3437
   475.0000     0.0001    19.7191   102.4560    12.3336   -16.6327   152.6860  -154.7210
   475.0000     0.0001    24.9494    90.5489    15.8295   -27.1856   173.5020  -297.7080
   475.0000     0.0001    22.6423    76.6656     7.4357   -97.2836   170.3820  -252.4150
   475.0000     0.0001    12.5083    90.8410    -4.8547   -90.7361   186.7160  -185.0110
   475.0000     0.0001   214.8550    78.3049   213.1190    32.9288  -147.2560    50.1571
   475.0000     0.0001    28.4179    89.4194     9.3640   -59.0935   219.3840  -295.1590
   475.0000     0.0001    40.9074    76.7471    19.2880  -143.6910    52.5326  -289.5680
   475.0000     0.0001    90.5502    33.2477   133.3580   -88.4134   -99.3186   -82.4420
   475.0000     0.0001   151.8030    30.9231   182.8180   -11.5802  -116.3940   -19.0434
   475.0000     0.0001   215.5660    70.7582   224.8430    35.5212  -146.7060    56.5124
   475.0000     0.0001   -45.3910   148.8170   -71.0671    14.8279     7.3623    56.1748
   475.0000     0.0001    14.6754    79.6343    17.9226  -105.0310   178.4980  -209.7760
   475.0000     0.0001     4.6457    83.7541    17.0699  -107.3210   172.7700  -231.5950
   475.0000     0.0001   182.8440   297.5330   101.1370   177.4320  -112.1550    51.0057
   475.0000     0.0001    69.8349    62.8376    96.0225  -128.2060   -79.8064  -156.8130
   475.0000     0.0001    18.4395   166.3490    -3.0806    30.8894   216.2660    12.0263
   475.0000     0.0001    63.8179    58.9045   108.9140   -83.7021   -54.4516  -169.6240
   475.0000     0.0001    15.0802    57.0874    38.2655   -75.4541    20.3879  -276.7510
   475.0000     0.0001     6.9715    87.7080     2.2511  -113.9510   196.6850  -243.8160
   475.0000     0.0001    30.0149    91.5059     1.3589   -59.8714   160.7590  -267.3990
   475.0000     0.0001    23.5900    74.5268    46.6972   -94.3087    39.1221  -295.9040
   475.0000     0.0001    22.6550    80.9570    11.6588   -79.7746   172.0900  -255.7640
   475.0000     0.0001    21.5918   126.0760    -2.9787    16.5657   244.7130  -113.8620
   475.0000     0.0001    26.9258   119.3020    -5.7364   -14.8204   219.0260  -159.1150
   475.0000     0.0001    24.4237   152.1340    -1.1179    21.5797   250.5930   -41.3954
   475.0000     0.0001    26.3921   107.6300     1.0499    22.0418   158.0080  -209.7980
   475.0000     0.0001     5.2080   115.1740   -10.8754   -24.4893   210.6820  -120.9750
   475.0000     0.0001    21.8225    74.5627    13.0343  -107.3680   154.3630  -255.1490
   475.0000     0.0001   239.0900   268.5990   117.6030   151.7680  -113.0750    67.2011
   475.0000     0.0001   237.5680   139.4450   128.6590    72.3947  -173.4000    50.4688
   475.0000     0.0001    20.6901    91.3501    -7.3087  -138.5090   148.5010  -296.4820
   475.0000     0.0001    30.9329    93.8273    -5.4817   -88.4162   189.3850  -158.3920
   475.0000     0.0001    26.3592   120.9920     2.4223    13.1188   257.4700  -146.8750
   475.0000     0.0001    31.9789    92.1875     5.5711   -93.9218   203.6600  -277.0040
   475.0000     0.0001    29.3194    88.6349    -0.7854  -125.7080   177.1980  -219.8850
   475.0000     0.0001    30.7467   100.2480     3.9499   -55.2706   144.3540  -241.0430
   475.0000     0.0001    37.3075    54.1565    27.9487  -156.7180    32.1877  -234.3410
   475.0000     0.0001    17.9707   110.7840    96.7906    92.4870   124.1140   -16.4365
   475.0000     0.0001    25.2522   100.6900    12.6192  -100.9980   214.0850  -202.0130
   475.0000     0.0001    10.5947    74.3971    27.4441   -73.5724    76.0785  -303.9830
   475.0000     0.0001    24.5751   101.2270    21.0563    59.7420   133.8430  -230.2760
   475.0000     0.0001    28.1575   102.8310    -5.1680   -71.6749   205.8670  -181.6540
   475.0000     0.0001    25.2369   114.4620    -5.1754   -52.6056   199.3020  -136.9890
   475.0000     0.0001    20.9643    82.5751     9.9210   -95.2079   157.3800  -280.9560
   475.0000     0.0001    37.3399    58.5112    50.8791  -115.1330    26.8383  -228.1040
   475.0000     0.0001    26.9632   116.4550    -2.1369     3.0904   225.1630  -160.5920
   475.0000     0.0001    15.9032    83.6955    -0.8200  -135.1140   183.8340  -193.9960
   475.0000     0.0001    30.0090   100.3140     7.4498   -55.6257   195.6220  -241.8750
   475.0000     0.0001    19.8485   101.9950    13.5965   -28.3276   217.5450  -272.3680
   475.0000     0.0001    27.7723   116.6160    -2.8173   -91.1557   230.3130  -164.1740
   475.0000     0.0001    18.7365   118.0630    -4.3716   -21.2847   198.5470  -184.2020
   475.0000     0.0001    17.4104   109.8390    -3.3325   -13.8292   204.7490  -184.2760
   475.0000     0.0001    27.6040   107.8720     9.5395    52.8476   222.6550  -224.2160
   475.0000     0.0001   103.2930    56.4379   148.1960   -63.1401  -110.5720   -86.4195
   475.0000     0.0001    -9.8988   162.3760   -69.2667    22.7512    91.6963   -26.5174
   475.0000     0.0001    29.2123   112.5600     0.3355    13.1117   203.0910  -146.3810
   475.0000     0.0001    18.9069   104.7500    10.4504   -20.5703   220.2610  -191.3550
   475.0000     0.0001   111.4600    45.8697   186.4690   -26.3013  -104.0390   -47.0778
   475.0000     0.0001   -74.0613    86.4262   -94.6720     8.4419   -34.1193    30.8764
   475.0000     0.0001    -4.7189   144.6200   -14.0003   -70.7066   198.6630    16.7355
   475.0000     0.0001   -20.7205   179.4820   -46.8324   -20.1525    58.4644    18.6715
   475.0000     0.0001    14.4272   120.0960   -14.9245   -80.0805   205.8550   -73.8434
   475.0000     0.0001   114.6330   366.3960    91.7109   191.7630   -59.1664    68.9024
   475.0000     0.0001    14.1926   120.0420   -30.0975   -98.1321   129.5480  -141.3700
   475.0000     0.0001    59.2730    64.2281    51.7672  -147.6360    -1.0808  -229.9590
   475.0000     0.0001    15.3865    86.6470    -2.0372  -158.5740   200.9060  -246.5260
   475.0000     0.0001    18.5603    92.6008    20.0364   -56.7039   176.8470  -157.5480
   475.0000     0.0001    78.6164    42.5271    56.3074   107.4530  -180.6590    96.5786
   475.0000     0.0001   -81.5046   132.9410   -52.7066    17.9572    -3.8710    60.2582
   475.0000     0.0001    19.1031    87.6453    -3.1012  -157.4540   180.8560  -254.5230
   475.0000     0.0001     6.6638    83.5940     2.8042  -138.4390   180.8330  -207.0190
   475.0000     0.0001    19.4143   111.0600    -0.7264   -70.3171   239.4040  -170.4880
   475.0000     0.0001    74.4310    58.3989    73.3983  -120.6680   -46.9269  -196.6130
   475.0000     0.0001    25.5822    81.1840    18.7941   -80.7300   170.2310  -286.8600
   475.0000     0.0001    13.8458   147.7440    -9.1408     6.9601   242.3280   -10.3042
   475.0000     0.0001    19.4507   104.7290    -5.7816   -66.3667   194.9030  -160.9670
   475.0000     0.0001    25.0818    86.5516    -6.1588   -89.2729   179.4470  -248.8670
   475.0000     0.0001    21.7469    87.3108    -6.6791  -147.9580   166.6210  -250.8710
   475.0000     0.0001    35.5852    48.8261    35.3936  -165.1610   -15.2499  -212.1590
   475.0000     0.0001    24.4748    68.9422    22.8374   -52.7066   113.1330  -257.4620
   475.0000     0.0001    92.1302    37.0872   126.9400   -71.5776   -78.0504  -105.6930
   475.0000     0.0001    68.7153    82.1542    63.1029   -91.6489  -172.2850   -87.5404
   475.0000     0.0001   239.0900   268.5990   117.6030   151.7680  -113.0750    67.2011
   475.0000     0.0001   -73.1053   121.7070   -75.8681    12.0843   -16.4945    49.5480
   475.0000     0.0001     9.5258   133.3280   -17.5026   -75.3419   215.6600    -6.3541
   475.0000     0.0001   158.7940    19.5810   209.6770     0.8257  -130.0760     8.3792
   475.0000     0.0001    12.9304    90.2615    -1.7659   -56.8437   197.8740  -194.3620
   475.0000     0.0001    12.6216    89.3648    -1.1026   -47.0311   193.1420  -198.2280
   475.0000     0.0001   108.6610    41.8796   112.4640   -60.6188   -87.1087  -123.8570
   475.0000     0.0001    13.9795   102.3670    -2.5639   -94.5643   207.7900  -262.3810
   475.0000     0.0001    30.6300    64.8486    31.4156   -74.3970    80.2296  -231.5910
   475.0000     0.0001    17.7230   111.9450    -6.0722   -93.1579   194.7810  -196.7140
   475.0000     0.0001    30.5709    76.9958     5.3963  -109.3550   104.8430  -227.5750
   475.0000     0.0001    15.6773   102.2140    -9.1509   -80.6567   215.3720  -215.4010
   475.0000     0.0001    10.4573    89.6382    -0.1414   -75.2360   198.2420  -221.4680
   475.0000     0.0001    13.5362    98.9448    -4.6313  -143.0510   192.2570  -193.4840
   475.0000     0.0001    98.2899    55.7380    95.2421    89.6461    15.9171   130.4130
   475.0000     0.0001    33.9109    70.6342    16.0833  -148.2770    39.2798  -283.7840
   475.0000     0.0001     9.1776    87.7356    -5.3908  -130.7460   159.3390  -235.6750
   475.0000     0.0001    21.5210   121.2840     3.1976   -15.3229   241.0700  -152.8700
   475.0000     0.0001    11.2098    90.1587     2.5509   -73.3252   225.7720  -207.4040
   475.0000     0.0001     6.8646   191.9740   -19.7776    23.8283   110.3650    11.2644
   475.0000     0.0001    19.2554    85.8311    -4.7090  -160.8270   178.5410  -249.6860
   475.0000     0.0001     5.9313    81.7720    14.4815   -84.3187   116.4020  -308.2920
   475.0000     0.0001    30.0165    97.1235     9.3428   -60.2705   182.6320  -261.8680
   475.0000     0.0001    21.1406    83.3881     3.5038  -137.9310   169.5040  -178.0520
   475.0000     0.0001    25.2826    84.5403    -3.5304  -148.8010   165.7150  -296.6580
   475.0000     0.0001    23.8269    90.9490    -9.3268   -96.8002   150.1210  -268.0880
   475.0000     0.0001    20.1975   115.6100   -10.4079   -33.9190   217.9930  -165.7830
   475.0000     0.0001    27.2832    55.4947     8.8236   -97.7394    56.9777  -278.4550
   475.0000     0.0001    25.0748   111.9010     5.1450     9.9004   203.3250  -237.0360
   475.0000     0.0001   115.7890    57.7222   171.8050   -44.5048  -109.5300   -56.7313
   475.0000     0.0001    24.8688    85.2896     4.5178  -175.0070   169.9060  -279.2870
   475.0000     0.0001    12.7252   109.2850    -6.1595     0.1827   208.2000  -135.2420
   475.0000     0.0001     9.3367   126.1490   -14.1874   -54.8226   203.2420   -88.8738
   475.0000     0.0001    63.8022    45.2618   120.5690   -96.4539   -90.0604  -131.7140
   475.0000     0.0001    22.9102    76.6398    11.6260   -55.7395   164.8000  -243.4540
   475.0000     0.0001    20.3050    84.8079    10.3870  -115.8290   173.4880  -197.7790
   475.0000     0.0001    32.6914   121.4990    -1.2607    47.7444   250.3250  -127.7340
   475.0000     0.0001    30.8027    88.8514    11.8934   -69.2673   174.9110  -311.2500
   475.0000     0.0001    11.9988    92.5096    -3.6663   -80.1107   158.3210  -163.1180
   475.0000     0.0001   -55.0311   140.0080   -80.7898    23.5998   -11.3256    53.3279
   475.0000     0.0001   275.7140   202.5250   147.8080   106.5800  -133.8390    59.3192
   475.0000     0.0001   -10.1969   109.7020   -75.6089    10.1174   -18.8917    58.2911
   475.0000     0.0001    12.5126    86.8458    -4.9491  -160.0500   170.7990  -244.1550
   475.0000     0.0001    21.4158    77.8330    16.4736   -45.2426   136.6180  -279.2420
   475.0000     0.0001    28.7409   119.6730    -3.3731   -51.9313   241.2980  -104.0410
   475.0000     0.0001    10.6419    91.5119    -0.6899   -85.4610   212.0560  -200.6750
   475.0000     0.0001    15.0802    57.0874    38.2655   -75.4541    20.3879  -276.7510
   475.0000     0.0001   168.9340    42.6248   218.6840    22.7587  -134.7680     6.9313
   475.0000     0.0001   -32.3042   169.0510   -50.4537    28.2590    16.7956    69.8312
   475.0000     0.0001    29.9897    84.8734     6.6139   -91.8877   140.4740  -259.6270
   475.0000     0.0001    16.9912    80.0242    -3.2819  -147.2730   135.7740  -240.0180
   475.0000     0.0001    10.6349    94.9841     6.5180   -10.5182   199.5470  -160.7990
   475.0000     0.0001    30.5878    95.4544    -1.7186   -37.9441   177.3080  -260.7500
   475.0000     0.0001    25.1164   105.2860    10.8633   -32.7700   174.7830  -109.2960
   475.0000     0.0001    31.0487    98.5499     0.7183   -31.9610   191.1180  -238.4200
   475.0000     0.0001   149.9480   389.1650    92.8359   180.1510   -50.4188    63.9032
   475.0000     0.0001    24.0346    62.2090    54.7152  -108.1310    42.7070  -246.8230
   475.0000     0.0001     8.3475   110.1500   -27.7591  -103.8210   139.9770  -100.7530
   475.0000     0.0001    21.8716   166.4870   -37.1631    38.4296   178.7500    -6.5393
   475.0000     0.0001    21.5884    84.3145    -0.9182  -108.0960   190.3900  -311.0500
   475.0000     0.0001    28.3937   110.1420     1.4281   -37.7601   191.1320  -122.7630
   475.0000     0.0001   125.8080    91.4091     4.0387   190.1210   -62.0664     9.3738
   475.0000     0.0001    28.9759   105.2010     3.1264     5.3067   186.5920  -204.8320
   475.0000     0.0001   134.5360    60.8559    67.2001   126.1170    11.3576   119.9640
   475.0000     0.0001    70.5161    49.7341    61.0126  -111.6570   -76.6450  -203.9070
   475.0000     0.0001     9.1625    97.2642     2.0632   -56.6651   189.4370  -177.7590
   475.0000     0.0001    13.9675    91.8979    -4.6547  -136.9270   201.9390  -205.0100
   475.0000     0.0001    31.5644    85.3208     9.5583   -80.2112   163.7150  -311.7970
   475.0000     0.0001    49.0029    59.7334    51.5870  -150.2380     0.0002  -228.8430
   475.0000     0.0001    22.9233   127.6640    -0.1149   -11.2825   265.2930  -106.3990
   475.0000     0.0001     8.6629    73.3676     4.9172  -133.6900   130.3990  -193.0010
   475.0000     0.0001    15.1567   108.6550   -13.7087   -79.0721   187.0540  -108.1540
   475.0000     0.0001    52.4237   112.7690    44.3633  -178.0380   123.2340   -27.4867
   475.0000     0.0001    -9.2981   114.4540   -23.8198   -73.8885   175.1400   -65.2728
   475.0000     0.0001    26.4961    97.9561    11.7871    -8.8448   141.6470  -183.9740
   475.0000     0.0001    10.3630    96.9661     4.1218   -56.4318   192.4920  -217.9090
   475.0000     0.0001   155.2420    13.6629   195.5880    -6.4787  -133.1030    -1.5325
   475.0000     0.0001   121.6280    26.3016   177.5620   -34.3716  -105.4530   -34.7032
   475.0000     0.0001    19.3534    87.3200    -2.8837  -141.5930   193.6250  -240.7370
   475.0000     0.0001    21.8785    91.6361    15.1896   -33.5164   204.6790  -255.7780
   475.0000     0.0001    18.8444   110.4330     0.7755    -0.5754   223.5080  -156.7120
   475.0000     0.0001    44.4411    59.1081    34.0029  -139.5020    51.5923   -45.5154
   475.0000     0.0001    17.8365    96.6327    -7.5702  -154.4520   194.9050  -228.9030
   475.0000     0.0001    19.1328    83.7080    -3.8417  -158.0580   167.1520  -247.9710
   475.0000     0.0001     8.8362    85.6945     2.8079  -116.8010   200.5700  -224.7400
   475.0000     0.0001    31.3901   100.7760     2.8016   -99.1727   167.2040  -208.5260
   475.0000     0.0001    48.2972   123.6790   -58.4030    46.5375   -10.9815  -167.8230
   475.0000     0.0001    14.0022    84.1961     1.2251   -91.8733   180.4610  -206.2660
   475.0000     0.0001     7.1323   172.2100   -35.9053    -4.0359   163.4550    18.0207
   475.0000     0.0001    -5.1354   147.2730   -26.6738   -40.8301   191.4990    14.6103
   475.0000     0.0001    21.6951   119.6560    -8.0770   -30.1465   232.8410  -165.0790
   475.0000     0.0001   155.9240    15.4005   207.4590    -2.3303  -127.9860     8.1837
   475.0000     0.0001    67.4588    61.6304   107.0440    76.0239    72.8870   106.1300
   475.0000     0.0001    28.5830   114.7730    -0.2891    -2.8835   204.7820  -171.9300
   475.0000     0.0001    16.1799    80.2585    -4.1030  -126.6710   149.2350  -218.6680
   475.0000     0.0001    94.0629    51.5316    97.9677    87.2185    19.9638   122.1440
   475.0000     0.0001    21.7908    83.7796     3.0722  -153.0730   197.5080  -223.9470
   475.0000     0.0001   105.6990    30.6074   155.3890   -64.2864  -120.2150   -55.5281
   475.0000     0.0001   114.4420    78.6721    85.9343    82.9208    12.1659   104.0920
   475.0000     0.0001    19.6399   109.1520     7.1807    18.7943   205.2020  -167.8900
   475.0000     0.0001    26.5695   106.2960     7.9724    -8.7916   189.8970  -192.1190
   475.0000     0.0001    21.6830    89.1385    -5.4357  -123.2130   173.3630  -203.6300
   475.0000     0.0001    13.9232    81.4850    -0.2510  -154.2260   161.0770  -218.7420
   475.0000     0.0001    20.3872    81.9191     5.1926  -101.7320   105.9210  -185.2230
   475.0000     0.0001    29.4976    79.6175     7.7495  -105.2500   121.4170  -316.7030
   475.0000     0.0001   133.7660    50.2963   175.3360   -37.6522  -119.7490   -35.5580
   475.0000     0.0001   211.8590    38.4131   166.9110    11.7376  -147.4730    18.8811
   475.0000     0.0001    80.4584    92.7761    90.1491   -38.9692  -192.1470   -26.9888
   475.0000     0.0001    24.4237   152.1340    -1.1179    21.5797   250.5930   -41.3954
   475.0000     0.0001   158.7940    19.5810   209.6770     0.8257  -130.0760     8.3792
   475.0000     0.0001    30.8388   100.0440     5.3198   -14.7588   160.3200  -219.2720
   475.0000     0.0001    27.7262    81.1722     7.3863  -104.1620   175.9270  -166.9430
   475.0000     0.0001    32.4938    95.7751    -0.6274   -95.0468   182.3930  -130.6820
   475.0000     0.0001    16.2701    84.3242    -3.2193  -119.7060   179.1700  -186.4260
   475.0000     0.0001    17.7848   104.5130    -5.1933   -99.5061   136.6560  -141.2310
   475.0000     0.0001    20.0153    81.3850    -1.8081  -154.5500   149.5180  -266.5220
   475.0000     0.0001    29.3865   130.8560     1.5771     9.9439   274.0240   -66.9657
   475.0000     0.0001   143.6780    39.8897   172.1190   -35.1597  -120.6020   -24.7672
   475.0000     0.0001    19.3121    87.4458    -5.7695  -158.7790   154.2570  -238.7470
   475.0000     0.0001   162.0770    44.6646   211.2850    -1.6264  -126.2710     6.3699
   475.0000     0.0001    17.9051   110.3660     2.0093    32.3211   203.4760  -180.6900
   475.0000     0.0001    23.7421    90.3420    15.5204   -47.5109   193.5520  -267.4050
   475.0000     0.0001    27.1802    84.4985     3.6381   -94.2744   163.2860  -210.6060
   475.0000     0.0001    19.1218   110.9200     0.7602   -13.5375   218.6160  -216.5470
   475.0000     0.0001   -21.9210   168.5980   -49.4126   -53.2732    66.3361    -2.5011
   475.0000     0.0001    14.5595   104.5960    -6.8735  -106.5880   189.5980   -57.1359
   475.0000     0.0001   181.0370    35.7802   210.8370    10.5965  -136.3460    17.7188
   475.0000     0.0001    29.7800   104.2890    -1.3013   -98.5636   181.0450  -191.7240
   475.0000     0.0001   251.1390   203.9820   117.3420   103.5500  -152.4260    50.5853
   475.0000     0.0001   117.3720    48.6501   113.6710   -72.7977  -105.1660  -106.2630
   475.0000     0.0001    57.6126    25.0062   114.3800   -82.0108  -115.2260  -133.5970
   475.0000     0.0001    30.2993   102.4830     6.9606   -41.6015   182.3630  -210.6070
   475.0000     0.0001   131.9620    61.5188   183.6250   -38.3258  -129.8090   -26.7190
   475.0000     0.0001    19.6296   107.5220     6.8106   -62.1764   208.6220  -137.6100
   475.0000     0.0001    14.9783   112.5140    -1.9566    -7.6257   200.7130  -141.4880
   475.0000     0.0001    54.6508   147.3260    12.0172   187.9370   -85.3353  -219.0650
   475.0000     0.0001   149.9740    41.4612   198.0470   -13.7919  -124.7080   -10.2449
   475.0000     0.0001    98.1241    50.3748    94.9298    84.3046    18.1345   114.2400
   475.0000     0.0001    30.0337    87.2577    10.5803  -113.0680   159.6110  -290.7890
   475.0000     0.0001   104.3180    49.7227   112.9110   -91.1897  -102.7450  -107.2720
   475.0000     0.0001   -39.1827   171.5610   -54.4388    11.9175    59.1567    38.3544
   475.0000     0.0001    18.6153    82.9497    -1.1449  -112.1840   129.5880  -237.0010
   475.0000     0.0001    62.8696   135.6540    65.5432   -71.1306   211.5320   -87.2528
   475.0000     0.0001    12.4029    97.9783    -3.7654   -52.5509   166.8380  -155.5030
   475.0000     0.0001     7.5920   141.8800    -9.9198   -97.8098   208.2230     6.6118
   475.0000     0.0001    26.4068    86.4833    32.0992   -97.8880   139.6120  -281.0140
   475.0000     0.0001   -83.7140    95.5836   -70.4452    11.8751   -32.6664    46.6788
   475.0000     0.0001    19.0950    85.0123     0.0099  -134.4130   174.4600  -262.8100
   475.0000     0.0001   254.5600   153.1020   145.2420    92.6534  -153.8800    62.0609
   475.0000     0.0001   173.6930    40.8904   206.6040     1.9332  -129.4890    10.4381
   475.0000     0.0001    98.6942    47.3976   101.2400    93.1856    10.6555   115.5100
   475.0000     0.0001    28.1619   101.3800    -4.3498   -73.6186   196.1280  -251.9490
   475.0000     0.0001    13.9763    85.7954    -1.2486  -157.0230   168.3080  -203.2890
   475.0000     0.0001    26.0687   112.8770     5.0463   -32.7315   229.1880  -175.6230
   475.0000     0.0001   -49.9156   154.7530   -48.1107    31.1398    -7.6876    74.1365
   475.0000     0.0001    31.9020    72.6712    30.3566  -157.8760    62.5165  -277.2400
   475.0000     0.0001     8.3247   151.7240   -11.0200   -36.2654   224.0220     2.2849
   475.0000     0.0001    14.3224    87.3553    -2.0433  -164.2200   191.2310  -290.4350
   475.0000     0.0001     0.6820    96.9906    -9.7611   -11.1567   148.6080  -150.4150
   475.0000     0.0001   166.4300    43.2501   198.0570    -2.9374  -132.6490    -1.2475
   475.0000     0.0001    19.6557    68.3155    -1.1154  -172.8330    75.1125  -237.2140
   475.0000     0.0001    18.0094    79.8629    -0.3371  -148.3760   141.5080  -246.4690
   475.0000     0.0001    28.2290    96.7913    -7.3508   -10.5839   195.9870  -265.4850
   475.0000     0.0001    32.3239    86.7590    18.2759   -65.2657   137.1310  -310.6910
   475.0000     0.0001    50.6985    51.0458   104.0300  -112.7970   -63.4066  -159.4770
   475.0000     0.0001   153.8520    23.3827   201.7390    -3.3068  -121.7600    -1.9566
   475.0000     0.0001     2.8165   136.0510   -20.5041  -106.5950   181.9520    -4.5996
   475.0000     0.0001    25.1164   105.2860    10.8633   -32.7700   174.7830  -109.2960
   475.0000     0.0001    10.3318    96.0468     1.3755   -60.0729   166.4590  -161.9240
   475.0000     0.0001     8.9180    83.3267     3.8843   -44.4886   170.4050  -208.7690
   475.0000     0.0001    47.1861     6.3860   134.7700   -49.0483  -123.8460  -110.7650
   475.0000     0.0001     8.6455    87.8400     0.1505  -122.5220   204.5230  -231.9700
   475.0000     0.0001    13.6502   105.5560    -4.4058   -46.2183   182.1160  -234.3810
   475.0000     0.0001    22.9631    63.9814    14.5870   -61.4345   108.0040  -234.4270
   475.0000     0.0001    26.1860   105.5140     3.4335   -13.6236   164.2530  -261.8540
   475.0000     0.0001    38.3892    70.1779    60.7170  -109.8720    -0.3551  -267.9530
   475.0000     0.0001    29.4760   105.1930     7.4962   -49.1158   188.4980  -199.3400
   475.0000     0.0001    11.7933    95.0088    -3.8437   -65.4171   226.1930  -266.1310
   475.0000     0.0001    24.4600    82.0089    -0.4049  -121.8040   110.8810  -238.4880
   475.0000     0.0001     7.6024    94.0766     0.6561   -50.4933   184.3060  -215.1910
   475.0000     0.0001   151.8030    30.9231   182.8180   -11.5802  -116.3940   -19.0434
   475.0000     0.0001    17.5165   112.6490    -4.3318   -87.1514   209.8660   -64.7143
   475.0000     0.0001    -1.6050   177.6250   -55.8013   -24.4688    65.9038    -6.1902
   475.0000     0.0001    41.3748    62.5753    65.8375  -101.8860   -35.0455  -254.0610
   475.0000     0.0001    47.1907    69.0059    50.0182  -135.2700     9.5601  -262.5090
   475.0000     0.0001    26.8712    94.3044    11.1960   -86.8254   234.0500  -190.9860
   475.0000     0.0001    18.3679    84.5714    14.3542   -86.7990   135.3000  -305.3690
   475.0000     0.0001    28.4338   100.2930     9.2344     3.4421   160.0400  -207.8440
   475.0000     0.0001    15.3865    86.6470    -2.0372  -158.5740   200.9060  -246.5260
   475.0000     0.0001   255.2250    65.6920   154.7330    43.0104  -156.2240    44.3408
   475.0000     0.0001    16.5689   115.0600     4.4854   -49.3759   224.3460   -70.1358
   475.0000     0.0001   -49.0366   399.5970    -3.0205   169.3610    35.0772    68.9323
   475.0000     0.0001    18.6262    91.8346    -8.8051  -150.9150   173.6150  -252.4990
   475.0000     0.0001    49.3323    66.7361    51.3952  -153.6280    17.8010  -238.0050
   475.0000     0.0001    12.9201   100.9300    -3.0030   -41.9545   179.3490  -137.7530
   475.0000     0.0001    45.9818   149.2470   -96.1437    27.9679    14.1686   -70.5877
   475.0000     0.0001    58.9848    52.6074    93.3832  -119.0300   -31.7032  -163.0910
   475.0000     0.0001    27.9459    92.8791    -4.7582   -91.4057   163.3000  -256.0980
   475.0000     0.0001    26.4548   102.6010    -4.9097   -67.7252   187.7760  -195.7790
   475.0000     0.0001     9.9534    52.5754    62.2610   -81.9231     1.9175  -232.5570
   475.0000     0.0001    14.8491    75.9692     9.0593   -99.3213   165.4850  -240.1680
   475.0000     0.0001    12.3536    89.3176     7.7306   -78.7050   198.7540  -262.1960
   475.0000     0.0001   143.8330    23.2016   173.9930   -27.5811  -120.9480   -23.9670
   475.0000     0.0001    27.1301   106.0910     6.7821   -26.8667   198.9430  -192.0390
   475.0000     0.0001    30.7970   104.7970     7.6231   -57.8733   199.0950  -209.2180
   475.0000     0.0001   -69.2193   114.4080   -85.0906    -3.3776    -8.9090    26.9067
   475.0000     0.0001    15.4625   101.7820    -9.2112   -57.9128   189.9920  -182.6430
   475.0000     0.0001    25.8490   104.4440    14.5128   -76.0420   220.2600  -248.2690
   475.0000     0.0001    24.3252    67.5719    17.5345  -182.9260    81.0592  -248.1840
   475.0000     0.0001   -16.7568    98.7338  -110.0290     4.0931   -30.3432    23.0083
   475.0000     0.0001   107.2930    47.1057   141.7490   -69.7518   -98.5494   -79.7470
   475.0000     0.0001    13.4244    91.9466    14.1920   -28.6451   185.1920  -226.2930
   475.0000     0.0001    14.6013    87.7972     3.2408  -136.1350   203.5870  -237.7440
   475.0000     0.0001    19.0824    84.4833     2.6562  -136.6230   178.8400  -281.1550
   475.0000     0.0001   129.9560    23.6894   161.4410   -42.0769  -117.7510   -39.2510
   475.0000     0.0001    26.0685   113.2890    -1.5310    12.4908   188.3370  -194.3810
   475.0000     0.0001    15.2108    82.6901    -4.5160  -151.0340   150.8980  -234.9750
   475.0000     0.0001    29.6526   109.6010     1.9783   -39.8125   189.1680  -171.4680
   475.0000     0.0001   -44.2430   154.5330   -66.6632     7.9047    23.3130    46.9624
   475.0000     0.0001    13.7977    87.5740     0.9085  -143.5420   173.2630  -210.7120
   475.0000     0.0001    15.1386    78.1370    11.0673  -155.2140   112.7930  -307.7980
   475.0000     0.0001    12.0194    91.6797    -0.8967   -49.9552   148.6920  -165.8940
   475.0000     0.0001    10.3841    94.8740     2.4096  -139.2140   221.6530  -239.5240
   475.0000     0.0001    26.1099   140.4180    -8.3184   -37.3927   241.1110   -79.8939
   475.0000     0.0001    12.2581    98.3684    -3.5202   -68.2996   170.6840  -148.9770
   475.0000     0.0001    26.6965    88.3116     6.6332   -89.0857   171.8690  -245.7560
   475.0000     0.0001    24.5742    92.0700    -6.1368   -93.2082   188.7540  -131.5650
   475.0000     0.0001     8.0977    73.4455     9.5834  -120.4970   127.2120  -203.0790
   475.0000     0.0001    22.6061   118.4070     3.5322    10.6499   254.6420  -156.5560
   475.0000     0.0001    11.4760   118.6860    -7.3449    11.7006   204.5480  -122.2470
   475.0000     0.0001    30.7759    90.5021     4.3687  -130.2930   182.4810  -306.5380
   475.0000     0.0001    11.4046    94.6315    -5.0043  -102.9380   188.6910  -183.1270
   475.0000     0.0001    37.6418    85.9115    13.4349  -164.7060   124.3720  -274.3990
   475.0000     0.0001    14.2286   112.4800   -10.6352   -49.3187   211.3180  -198.7030
   475.0000     0.0001   221.8520   267.7210   114.3570   150.8600  -129.7940    60.4992
   475.0000     0.0001    25.7076   118.1720     4.6322    -9.5074   254.6730  -133.0050
   475.0000     0.0001    15.7143    75.7047     4.1396  -130.2750   160.2570  -219.7230
   475.0000     0.0001    91.6853    59.9976    83.8389  -121.3430   -77.2425  -152.5990
   475.0000     0.0001    13.7513    95.3614    -6.2734   -95.4561   164.3180  -161.7190
   475.0000     0.0001    16.1134    69.0818    11.4832  -113.3120   131.2290  -232.2700
   475.0000     0.0001    29.0318   110.2960     1.2292   -66.4465   191.9740  -181.2400
   475.0000     0.0001    29.3784    91.0346     8.8733   -98.5674   180.1120  -285.4060
   475.0000     0.0001     6.8777    92.1621     1.8558   -67.8252   202.6530  -250.7520
   475.0000     0.0001     8.2280   118.9040    -5.4821   -10.2782   220.1750  -110.1420
   475.0000     0.0001    11.4526   173.8680   -17.6043    16.9821   190.1390    17.9883
   475.0000     0.0001   144.6080    22.2341   190.1280    -4.5606  -121.2990   -22.5544
   475.0000     0.0001    29.4481   104.2570     2.5307   -96.4451   200.7340  -235.8240
   475.0000     0.0001    14.0301    91.2112    -3.3017  -143.3140   222.0070  -232.0800
   475.0000     0.0001    21.6076    74.2492     5.0631  -145.4310   129.1970  -268.2250
   475.0000     0.0001    13.7572    83.4811     4.4384  -123.3540   140.4120  -216.9380
   475.0000     0.0001    10.1682   111.1690    -2.7398   -45.1656   199.4730   -92.5605
   475.0000     0.0001    31.5377    98.3750     1.0640   -76.3388   136.1000  -322.5000
   475.0000     0.0001    15.2965    79.4279     0.2903  -117.2140   155.2470  -311.6430
   475.0000     0.0001    17.7305   113.2090    -2.5124     5.4920   201.0860  -126.2950
   475.0000     0.0001   142.1260    20.8715   187.0300   -24.3208  -127.3260    -9.9021
   475.0000     0.0001    16.8325   106.3140     2.9517  -111.9590   264.3320  -232.5200
   475.0000     0.0001    15.2581   113.7990   -11.0853   -37.7294   203.8240  -170.6960
   475.0000     0.0001    24.2243    90.9633    -5.9083  -109.1670   157.5080  -255.4920
   475.0000     0.0001   225.3420   248.6880   116.1330   146.1530  -132.6720    66.6866
   475.0000     0.0001     2.3160   185.3630   -51.6060     0.1788    72.3329    26.6325
   475.0000     0.0001   115.4170    34.7703   150.8510   -62.6900  -112.1370   -56.6352
   475.0000     0.0001   118.2450    52.3808    48.2902   114.0770   -63.5513    76.1303
   475.0000     0.0001    25.5522    90.4762    -5.4583   -87.6706   180.6960  -109.8880
   475.0000     0.0001    30.6300    64.8486    31.4156   -74.3970    80.2296  -231.5910
   475.0000     0.0001    11.8985    76.2797     0.8570  -154.7710   140.3140  -277.6210
   475.0000     0.0001    10.9420   116.1100   -14.2479   -88.6726   202.2340  -102.8080
   475.0000     0.0001   147.0050    40.5570   189.8630   -21.5693  -122.8030   -14.8019
   475.0000     0.0001    15.2108    82.6901    -4.5160  -151.0340   150.8980  -234.9750
   475.0000     0.0001    31.0688    81.6425    33.4049  -126.8250   115.2800  -254.4300
   475.0000     0.0001    26.9114    73.4395    18.9520   -66.2187   135.5400  -266.9250
   475.0000     0.0001    12.7434    76.6383    10.1382  -145.8890   111.7340  -306.2140
   475.0000     0.0001    18.4250    99.2816    15.3474   -39.4206   230.6250  -243.0340
   475.0000     0.0001    25.4389    67.9131    20.2502  -157.7580    64.3442  -279.1690
   475.0000     0.0001     6.7922   174.6020   -42.5707    23.6695   136.0310    11.0275
   475.0000     0.0001    75.8035    12.4365   167.8490   -57.4022  -124.3190   -53.1732
   475.0000     0.0001    30.9132    89.1299     9.4957  -114.4690   151.0350  -254.7690
   475.0000     0.0001    25.4714   100.5790    14.7759   -76.7057   225.9550  -177.4590
   475.0000     0.0001    62.4862    70.1203   112.7980   -65.8716  -106.2130  -174.2530
   475.0000     0.0001    -6.5127   174.0330    -1.8531   -56.9639   153.4320    30.9826
   475.0000     0.0001    81.4421    45.2816   129.8330   -74.7069   -68.7106  -114.2770
   475.0000     0.0001    20.7015    97.7175   -13.1293   -52.1891   177.2340  -198.8660
   475.0000     0.0001    20.6962   113.3770    -7.5808   -22.6988   221.0460  -187.6480
   475.0000     0.0001    18.2041   106.8940    -0.1606   -28.3281   162.0020  -120.7480
   475.0000     0.0001    80.8287    51.6268    97.0522    76.1343    50.9346    87.9744
   475.0000     0.0001     4.6964   140.2860   -22.3380   -19.3111   204.8470   -55.8489
   475.0000     0.0001    13.7747   120.4040   -14.1026   -86.8928   197.8860   -79.1545
   475.0000     0.0001    13.7383    92.1481    -7.0848   -94.1933   162.5780  -174.4170
   475.0000     0.0001   112.5840    47.1886   149.2210   -61.1602  -136.5960   -65.1686
   475.0000     0.0001    25.9035   128.6590     1.2349   -34.3579   262.7550   -64.3544
   475.0000     0.0001    26.5425   135.0790    -4.8384    12.5298   263.3050  -142.1930
   475.0000     0.0001    16.4212    53.0186    14.9353  -132.1430    67.8586  -240.5900
   475.0000     0.0001    25.4361    87.0351    11.7244   -32.5725   217.4470  -249.0590
   475.0000     0.0001    -0.7740   161.9700   -69.1955   -21.7541    70.0870   -56.1936
   475.0000     0.0001    23.2877   112.2460    -0.4680   -48.0602   222.1440  -142.5990
   475.0000     0.0001    13.7969   105.1680   -13.4999   -75.4311   184.2090   -99.8951
   475.0000     0.0001    13.0310    89.0686     1.8847   -77.6749   192.6280  -187.4440
   475.0000     0.0001   108.9700    44.7239    75.9816    99.1691     7.5502   106.4400
   475.0000     0.0001    15.3336    92.6428    -6.0912  -168.4800   208.1290  -241.0790
   475.0000     0.0001    19.5855   107.7700    -3.1046    32.4220   201.3520  -113.4810
   475.0000     0.0001   173.9380    69.2638   206.0720    15.2337  -131.0920    -1.8297
   475.0000     0.0001   119.9600    33.1388    77.8222   116.5670   -97.3503    95.8577
   475.0000     0.0001    11.5301    87.0791    -4.4276  -121.8120   180.2370  -318.6320
   475.0000     0.0001    79.2949    46.1694   108.6500  -101.5220   -70.0251  -129.9540
   475.0000     0.0001   158.9160    32.5067   235.4420    16.3606  -136.2650    28.8476
   475.0000     0.0001    20.4792    86.6290    14.4565  -107.8430   139.9930  -266.6270
   475.0000     0.0001    10.2072   126.6740   -18.1753   -65.9568   201.9430   -79.4502
   475.0000     0.0001    61.7632    50.3801   117.9450  -101.7660   -85.4697  -138.1600
   475.0000     0.0001    13.1185    86.5315     0.7612  -109.7010   207.6730  -242.7200
   475.0000     0.0001   145.0380    73.9674   164.0140    -9.6967  -130.8740   -57.2176
   475.0000     0.0001    24.7514    76.5648    19.8738   -95.4533   119.6270  -296.5160
   475.0000     0.0001    11.5383    91.8332    -4.0781  -154.3920   184.8150  -200.8130
   475.0000     0.0001   -67.1542   166.3750   -42.9836    17.7113    25.6794    54.1594
   475.0000     0.0001    17.5365    89.1123    -8.0302  -121.1150   162.1480  -186.2860
   475.0000     0.0001     9.9726    69.6490    27.9240  -123.6920    80.5977  -276.7210
   475.0000     0.0001    14.8418   108.1970     5.0803    27.0583   204.8750  -131.8600
   475.0000     0.0001    16.8955   106.2850     5.2195   -83.8864   210.9280  -159.7910
   475.0000     0.0001    17.6733   106.6260     5.7776    15.5186   200.5260  -159.7880
   475.0000     0.0001    14.9914    80.7261    -3.0187  -129.0130   142.6280  -207.9920
   475.0000     0.0001    23.8743    78.0341     7.3518   -69.5315   185.5250  -210.3660
   475.0000     0.0001    21.9546   115.6560    -6.1738    21.6556   196.5780  -165.0500
   475.0000     0.0001     7.9099    94.3836     5.7974   -92.8713   208.9140  -197.9340
   475.0000     0.0001    17.0186   118.2100   -13.3456   -65.5351   175.1080  -150.0750
   475.0000     0.0001    17.0186   118.2100   -13.3456   -65.5351   175.1080  -150.0750
   475.0000     0.0001   150.6300   310.9950    90.1437   188.1540  -107.1250    60.9523
   475.0000     0.0001    14.4463    79.4087     0.0276  -118.0520   148.3110  -235.2570
   475.0000     0.0001    22.4280   119.6540     5.2807    35.9483   274.8670   -87.2652
   475.0000     0.0001    14.9007   100.8570    -7.0891  -127.0310   211.2180  -250.1920
   475.0000     0.0001    21.3471   124.3250    -7.6686   -17.7215   244.0640  -150.7250
   475.0000     0.0001   -13.5525   183.1840   -34.9568     8.2635    49.9846    72.4642
   475.0000     0.0001   -11.8670   187.4160   -24.0717    16.8804    20.0220    78.0697
   475.0000     0.0001    32.9760    55.1458    21.2542  -177.9550    30.7443  -213.3430
   475.0000     0.0001   191.9900    59.7573   201.8880     3.5978  -139.7810    29.7607
   475.0000     0.0001    24.6862    75.1922    33.4814   -99.2948    63.1160  -310.5780
   475.0000     0.0001    13.6375   104.8520     0.1210   -65.5383   200.0990  -209.8980
   475.0000     0.0001    36.4360    68.0179    22.0810  -170.4010    65.1194  -257.5460
   475.0000     0.0001    26.6726   113.3520     6.2078  -128.2750   240.4080  -102.7910
   475.0000     0.0001    22.5580   114.7590     1.2311    35.2614   225.8370  -166.8200
   475.0000     0.0001    20.7987    84.3176    -3.5596   -80.0496   184.0530  -153.7680
   475.0000     0.0001    27.2872   124.5450    -1.7692    46.8380   252.3560  -115.2120
   475.0000     0.0001    35.3689    85.1862    23.0293  -124.4540   123.7140  -296.4520
   475.0000     0.0001    35.4754    75.2951    12.6733  -134.7090   113.1960  -242.2700
   475.0000     0.0001    93.6445    38.9310   143.7700   -71.4329   -90.0863   -83.1045
   475.0000     0.0001   242.7960   243.3730   123.3770   130.1670  -136.8410    49.1953
   475.0000     0.0001    23.7000    73.9238     2.0436  -113.3010   111.9480  -234.7630
   475.0000     0.0001    28.8182   102.4590     8.6051   -46.2093   195.8380  -222.4190
   475.0000     0.0001    17.7716    71.0154     1.7900  -130.4960   102.2630  -186.8080
   475.0000     0.0001    25.3469   127.3930     0.6329    10.4520   267.4640  -142.1030
   475.0000     0.0001    64.4444    55.9549    92.1599   -84.2655   -30.3859  -189.4440
   475.0000     0.0001    23.0871   119.1740     1.0152    59.8410   243.0250  -145.3980
   475.0000     0.0001   113.3100    19.4016    55.0686   105.6120  -120.9610    68.3434
   475.0000     0.0001    27.6303    89.7895    14.5736   -57.2540   199.2090  -221.5640
   475.0000     0.0001    16.5029   124.8430    -7.8964   -25.0808   242.6490   -61.1029
   475.0000     0.0001    35.1019    86.4849     2.8390  -114.4490   149.0740  -233.6880
   475.0000     0.0001    25.4927    54.4817     5.8002  -109.2920    52.8709  -277.4080
   475.0000     0.0001    28.4338   100.2930     9.2344     3.4421   160.0400  -207.8440
   475.0000     0.0001    33.9435    71.8352    19.4095  -177.7690    64.0115  -263.8750
   475.0000     0.0001    14.5829    91.0176    -3.9218  -105.9900   164.0540  -162.7920
   475.0000     0.0001    17.4315    93.0521    -8.0787  -117.4780   154.2220  -176.9300
   475.0000     0.0001   205.9180    71.5122   230.9600    28.6776  -145.6590    59.8421
   475.0000     0.0001   183.6090    74.6000   208.3260     4.5960  -147.5070    34.4899
   475.0000     0.0001    76.9907    48.8139    85.4398  -108.4140   -48.1524  -168.2240
   475.0000     0.0001    87.5942    53.4214    80.1758    79.3062    77.6620    95.6705
   475.0000     0.0001    29.2748    65.0925    20.6698  -146.7170    49.0713  -271.8040
   475.0000     0.0001    14.1581    90.5251    -4.4219  -112.0440   184.7890  -163.5220
   475.0000     0.0001    14.8919    95.0319    13.2452    -5.9669   173.0140  -270.2150
   475.0000     0.0001    21.7644    83.0858    -4.7705  -138.9010   140.0230  -254.6590
   475.0000     0.0001    13.7519   111.6840   -14.3103   -36.3943   194.7880  -151.6700
   475.0000     0.0001    11.8888    89.9691    -1.6332  -112.5260   187.9600  -168.2300
   475.0000     0.0001    28.9454    71.4203     8.2528   -97.5259   101.5990  -159.0750
   475.0000     0.0001    17.5037   136.1260    -2.1251   -93.3976   244.3320   -17.2523
   475.0000     0.0001   118.4170    67.1780    83.2983    89.0450     4.5218   101.6680
   475.0000     0.0001    30.2044   105.1160     4.1330   -68.8449   173.2810  -204.9990
   475.0000     0.0001   212.1420   324.6210   122.9900   158.5380   -95.8616    64.8027
   475.0000     0.0001   169.0810    57.4523   213.6890     4.4737  -127.2940     7.9590
   475.0000     0.0001    14.2105    91.7825    26.7224   -21.5914   126.1520  -326.2020
   475.0000     0.0001   163.8060    77.4191   190.9840     2.1998  -130.1780   -18.4969
   475.0000     0.0001    17.1075    83.9112    14.3609   -27.6182   154.8730  -270.5610
   475.0000     0.0001    18.7817    86.3706     0.2255   -27.3935   186.4450  -232.0950
   475.0000     0.0001   189.5690    46.9346   190.3820     3.7625  -136.4940    15.2509
   475.0000     0.0001    10.8945    94.8822     7.0832   -28.5724   218.7270  -161.9220
   475.0000     0.0001    97.2916   394.8250    91.2124   187.2670   -32.2049    68.3083
   475.0000     0.0001   189.4270   293.5300    95.2552   171.8880  -109.9130    71.3405
   475.0000     0.0001    26.2940    86.7153     8.1205  -114.0570   182.0290  -210.7200
   475.0000     0.0001    26.2479    73.6947    15.6065  -161.6490    91.9715  -288.7130
   475.0000     0.0001   112.9550    44.2311   148.7870   -64.2759  -103.5170   -66.5865
   475.0000     0.0001    59.4510    49.9034    82.7529  -127.0040   -34.6994  -169.3140
   475.0000     0.0001    -0.3672   173.2420   -21.3765   -22.4699   167.3250    48.3355
   475.0000     0.0001    10.9170    99.1453     6.4059    -5.3487   170.0620  -239.4360
   475.0000     0.0001    13.9652   122.2650     0.8048    27.1032   241.8600  -105.4680
   475.0000     0.0001   115.7890    57.7222   171.8050   -44.5048  -109.5300   -56.7313
   475.0000     0.0001   113.7330     2.3867   173.0950   -44.3659  -128.9620   -20.8236
   475.0000     0.0001    22.3408    92.9157    -7.2799  -100.5400   186.5450  -199.3750
   475.0000     0.0001    15.8610    90.1171    -4.3748  -162.7200   190.4560  -246.5610
   475.0000     0.0001    17.8963   108.8330     0.2152     2.9702   187.9560  -112.3140
   475.0000     0.0001    17.3674    91.1146    -7.5970  -166.8860   183.1610  -248.0220
   475.0000     0.0001    15.0609    90.6252    -7.0782   -98.0991   166.9580  -216.5280
   475.0000     0.0001    25.9586   107.8050     5.1907    -2.5729   175.8120  -256.7030
   475.0000     0.0001    27.5209    87.7908    15.4641   -41.2974   165.6790  -303.2580
   475.0000     0.0001    27.3362   103.8200     7.1302  -136.3140   193.7850  -239.5270
   475.0000     0.0001   123.3810   129.4920    79.4894    48.1980  -208.8840    33.7657
   475.0000     0.0001   258.9590   135.2520   135.2380    66.2300  -160.3480    47.4481
   475.0000     0.0001    93.7194    56.0637    85.5337   -74.9445   -97.3321  -177.5390
   475.0000     0.0001   113.3460   103.5120    89.1173    18.4255  -195.1930    14.0075
   475.0000     0.0001   129.1670   119.8780    78.1749    47.6943  -192.0230    18.9314
   475.0000     0.0001    78.7938    46.7000   112.8860  -106.3660   -83.3943  -121.6180
   475.0000     0.0001    22.4107   109.0460     0.3494   -48.1664   173.9200  -115.4290
   475.0000     0.0001    24.7848   111.9550   -17.6020   -79.9246   184.7640  -107.3850
   475.0000     0.0001    18.4176    91.9436   -13.6772   -55.2696   153.5430  -199.1110
   475.0000     0.0001    17.0978    85.6967    -7.5186  -154.8530   177.5810  -260.4780
   475.0000     0.0001    31.8400    69.7463    16.5137  -150.3420    68.2692  -267.7630
   475.0000     0.0001    22.7704    73.6754     8.4991   -63.5270   160.6830  -224.5920
   475.0000     0.0001    28.4481    72.1842    24.2944   -54.3649   112.1650  -273.0810
   475.0000     0.0001    27.4259   113.1560     2.1397    14.6818   228.6410  -171.6740
   475.0000     0.0001   -73.2220   109.0310   -73.8181     6.8148   -21.1843    48.7267
   475.0000     0.0001    28.6777    70.3111    27.2476  -171.1440    70.5029  -261.8050
   475.0000     0.0001    10.4622    92.6559    -2.7790   -93.9073   204.2840  -204.7150
   475.0000     0.0001    17.0126   106.7640    -4.7455     2.4358   181.1520  -171.7200
   475.0000     0.0001    29.3748    95.6374    -3.1283   -89.8092   178.7160  -252.8970
   475.0000     0.0001    14.2330    97.8434    -9.0267   -90.7185   164.0170  -179.7350
   475.0000     0.0001    27.1611    90.5152    -3.6107  -141.6780   162.0220  -234.1520
   475.0000     0.0001    21.6977   112.8240    -4.7953   -12.6154   226.8120  -184.1720
   475.0000     0.0001    62.1685    64.9363    52.9453  -136.4930     4.8241  -232.2040
   475.0000     0.0001    29.1658   104.2890     1.1943   -27.2073   140.8300  -191.9170
   475.0000     0.0001    -8.1171   184.0520   -45.4666    19.3296    64.8877    60.1547
   475.0000     0.0001   166.3260    55.3110   208.4530    -4.6680  -128.3940     8.3449
   475.0000     0.0001    21.2807    87.9885    -8.9791   -73.4739   174.3100  -156.2740
   475.0000     0.0001    12.0601    91.2360     6.9493   -36.5742   174.6370  -186.4950
   475.0000     0.0001    24.8134    87.3075     6.4836  -135.7160   147.4100  -191.4440
   475.0000     0.0001    25.9662    66.3239    -5.6428  -156.5490    65.5741  -255.9150
   475.0000     0.0001     3.2080   151.5650   -31.8465   -44.7553   176.7970   -26.1961
   475.0000     0.0001   168.0870    37.2631   229.3060    13.6739  -129.2880    20.8434
   475.0000     0.0001    28.2949    98.0060    14.6712   -28.7955   201.7690  -221.6300
   475.0000     0.0001   -38.9118   178.3570   -32.9526     5.2359    53.8442    68.6842
   475.0000     0.0001    15.4603    94.7910    -8.7842   -83.8218   212.6950  -297.9120
   475.0000     0.0001   -38.4745   186.9520   -62.1614    31.1334    60.5395    24.6576
   475.0000     0.0001    74.3860    51.5451   132.2680   -68.8174   -74.3859  -128.7160
   475.0000     0.0001    75.1445    68.5430    95.2951   -13.5388  -173.7700    -6.1891
   475.0000     0.0001    31.7664   114.4910    -7.1160   -29.2053   229.9750  -115.6010
   475.0000     0.0001    12.0295    93.7092    -3.7998  -110.5560   192.6800  -165.2180
   475.0000     0.0001   -15.6559    39.2244    52.8501   -44.0825  -149.3130    61.0079
   475.0000     0.0001   123.2600    59.1066    78.7106   110.9940   -42.9382   103.1200
   475.0000     0.0001    17.9490   149.2840   -22.7996     8.8466   207.3610  -102.1020
   475.0000     0.0001    16.1793   119.0870     3.5236    20.2820   240.1160  -213.0660
   475.0000     0.0001    63.2715    40.1431   124.0170   -94.6197   -79.9728  -119.0380
   475.0000     0.0001   149.7520    36.2443   220.3170     2.4938  -127.1920     5.9564
   475.0000     0.0001    27.1551   127.3690    -2.3776   -40.4468   253.9920  -132.7140
   475.0000     0.0001    11.2405    86.9220    -5.5885  -121.4470   169.0090  -222.0660
   475.0000     0.0001    13.8800    68.8716     5.7552  -120.5620   105.4570  -188.2120
   475.0000     0.0001     9.9752   122.4350   -11.2975   -57.6645   218.4060   -58.4831
   475.0000     0.0001   168.0870    37.2631   229.3060    13.6739  -129.2880    20.8434
   475.0000     0.0001    14.6662    87.3883    -0.7254   -45.0722   197.3880  -182.5220
   475.0000     0.0001   116.3390    70.4530   115.5480    80.4095    50.4486   109.6110
   475.0000     0.0001    16.9545    84.8807     1.6358  -104.2800   151.9790  -304.6010
   475.0000     0.0001    73.6950    44.4918   142.0640   -80.5905  -103.8740  -100.3480
   475.0000     0.0001    46.2922   122.3760    66.2555    -4.2127   -50.9973  -183.8260
   475.0000     0.0001    20.0436    78.4243     7.5728  -199.2070   133.6160  -260.0560
   475.0000     0.0001    24.0255   121.4490     3.9037    10.7425   257.0930  -157.2870
   475.0000     0.0001   119.8100    28.4887   191.6570   -23.8899  -114.0550   -30.3575
   475.0000     0.0001    96.7732    58.5809    80.2002    -8.8358  -172.7550    -0.1980
   475.0000     0.0001    28.0854    87.6315     7.7919   -72.3456   219.7440  -293.1880
   475.0000     0.0001   119.7920    42.0184   173.5720   -54.0679  -125.9920   -29.1371
   475.0000     0.0001    26.7093   106.4760     7.2635    24.5673   193.1060  -254.0590
   475.0000     0.0001    39.4124    78.1290    26.9214  -237.4660    39.9778  -196.1880
   475.0000     0.0001    14.0615    84.8702     5.0998   -98.9536   189.7570  -238.5470
   475.0000     0.0001    22.9821   120.3550    -4.1184     6.8802   213.8780  -168.0130
   475.0000     0.0001    62.8211    63.8814    91.9472   -79.5191   -63.1031  -210.0040
   475.0000     0.0001    11.6966   101.4950     8.6250  -131.0850   197.9770  -206.2960
   475.0000     0.0001     9.4803    81.8024     2.4149  -135.4540   179.9200  -223.5180
   475.0000     0.0001    11.0192   124.9210   -15.0125   -62.8095   214.3630   -61.4606
   475.0000     0.0001    22.2785   108.2360    -5.9342   -89.0593   185.3490  -188.7540
   475.0000     0.0001   171.8050    36.4387   218.9450    14.1919  -137.8390    25.6133
   475.0000     0.0001   234.5850    65.8252   228.2230    48.9841  -138.3440    57.0083
   475.0000     0.0001    79.2227    51.8949    82.9489  -115.0380   -55.9340  -170.7140
   475.0000     0.0001   114.6320    68.6757    73.7905    98.3879    13.3557   104.9390
   475.0000     0.0001    25.2692    86.9042    -4.4192   -54.9800   158.8840  -230.3260
   475.0000     0.0001   174.6300    69.9602   221.2500     6.5022  -135.7950    23.2952
   475.0000     0.0001   130.6500    90.2046    61.5389    80.8480    20.9708    87.9710
   475.0000     0.0001    27.4903   139.1150   -18.2660    47.0164   211.9990  -151.5660
   475.0000     0.0001   108.1580    22.4344   174.3550   -33.6782  -109.1620   -49.6804
   475.0000     0.0001    21.8131   109.6380     1.1226     2.9137   188.4990  -136.6410
   475.0000     0.0001   147.3940    44.8770   198.2710   -13.5635  -121.8810   -12.6896
   475.0000     0.0001    29.4653    79.7631    33.0109  -115.4470   -10.7725  -178.0160
   475.0000     0.0001   -27.1356   167.8390   -60.3994    10.4295    44.6554    36.4721
   475.0000     0.0001   -20.9835   114.1020   -77.0356     6.9399   -13.0169    49.8688
   475.0000     0.0001    13.5667    81.0748    12.8106  -143.6450   182.2650  -152.6950
   475.0000     0.0001    65.6683    55.5686    53.7651  -131.9890   -17.4232  -217.1350
   475.0000     0.0001    21.5140   146.6870    -9.0630    66.7166   242.3610   -46.4326
   475.0000     0.0001    31.5566    59.6994    22.7445  -164.3530    53.7963  -241.8910
   475.0000     0.0001    26.8437    91.4443    -5.1798  -106.0880   156.7440  -252.0200
   475.0000     0.0001    10.8285    90.3558    -5.9739   -73.0208   192.7550  -295.4560
   475.0000     0.0001    11.3818    80.9795     0.1970  -121.1210   136.4530  -233.3200
   475.0000     0.0001    72.7780    59.5535    75.6385  -124.8330   -36.2638  -190.6890
   475.0000     0.0001    90.7550    56.3911    96.0193    79.8968    26.4872   123.7540
   475.0000     0.0001   278.2730   178.7320   143.1940   101.4220  -140.1030    56.6291
   475.0000     0.0001    29.5370   108.2890     5.5934   -17.8377   189.8390  -190.6560
   475.0000     0.0001    78.2335    41.7585   131.9750   -87.3117   -76.3075  -101.9220
   475.0000     0.0001    27.5186    79.5921    14.4689   -50.9257   150.5240  -296.5530
   475.0000     0.0001   214.8390    64.7874   201.1430    25.6630  -147.8010    40.5696
   475.0000     0.0001    22.8354    90.8287    11.5820   -98.8392   180.2710  -190.9890
   475.0000     0.0001    54.3742    66.1454    38.4388  -130.2370   -15.4887  -259.9350
   475.0000     0.0001    24.5996   119.2570     6.7173   -12.4314   268.2580  -163.5410
   475.0000     0.0001    24.1972   107.1350     0.1099   -95.0031   197.4170  -182.5480
   475.0000     0.0001    19.1396   125.7900     1.3096    19.4269   239.7560  -101.2690
   475.0000     0.0001    62.5598    68.2000    40.5476   -99.6706    -8.4907  -270.2220
   475.0000     0.0001    23.4550    84.1060    -5.0059  -161.8400   159.4650  -283.8340
   475.0000     0.0001    10.4132   102.3900     5.0810   -40.3335   210.5750  -191.0390
   475.0000     0.0001    28.5756    84.9126     0.1517  -103.3470   137.1540  -255.9800
   475.0000     0.0001    31.5760   106.7100     5.3383   -58.5706   200.6370  -208.0140
   475.0000     0.0001    26.9258   119.3020    -5.7364   -14.8204   219.0260  -159.1150
   475.0000     0.0001    19.4600   112.3850    -2.1645   -43.8630   215.6020  -142.2180
   475.0000     0.0001    16.5689   115.0600     4.4854   -49.3759   224.3460   -70.1358
   475.0000     0.0001    17.7771    62.3423    32.1581  -150.6470    10.2592  -259.0110
   475.0000     0.0001     6.9715    87.7080     2.2511  -113.9510   196.6850  -243.8160
   475.0000     0.0001   182.0500    60.1025   228.2250    24.0457  -130.3040    20.6495
   475.0000     0.0001    18.7128   140.7130   -13.7859   -35.4052   220.6480  -129.0730
   475.0000     0.0001    23.1614    88.7903    -9.4028  -108.9140   141.4050  -263.0820
   475.0000     0.0001   225.4380   268.5570   118.4460   150.1870  -126.7190    51.6562
   475.0000     0.0001    32.0130    71.2732    33.0113  -168.5730    61.3069  -262.0260
   475.0000     0.0001    14.8424   105.2450     9.1688   -93.1640   225.0630  -287.8460
   475.0000     0.0001    21.5625    91.4661    -7.3972  -115.4170   162.0140  -234.4200
   475.0000     0.0001    14.7418    85.1333     2.3524  -189.2600   179.4480  -229.7230
   475.0000     0.0001    16.0747   112.4150     1.1669   -51.5580   251.8840  -225.0050
   475.0000     0.0001   121.4580    82.6542    79.1637    85.6395    11.6444   101.6520
   475.0000     0.0001    19.1263   130.6090   -19.4660   -59.4878   213.2420   -88.2935
   475.0000     0.0001    21.2830    81.6730     0.0205  -160.1560   162.5910  -271.2800
   475.0000     0.0001   -80.3126   148.0100   -57.3307     9.1876    15.6675    43.6556
   475.0000     0.0001   -62.6298   103.4260  -104.8160     0.0770   -24.3080    18.0885
