#         t          m          x          y          z         vx         vy         vz
   450.0000     0.0001    39.4617    89.3294    60.9279  -137.0010   -62.7148  -192.0020
   450.0000     0.0001    41.6261    63.9876    43.6455   116.1690  -104.3030   194.1890
   450.0000     0.0001     8.7966    98.5435     7.3330  -185.8510    78.4037  -225.4110
   450.0000     0.0001    68.5142    81.1651   127.0800   -85.6942  -110.8660   -88.7159
   450.0000     0.0001    68.2468    68.8109    47.4077   199.0640   -66.4410   187.0180
   450.0000     0.0001   104.5280   369.7730    78.3262   205.1040   -28.0887    61.7005
   450.0000     0.0001    66.2942   101.5430    76.6721   -72.8586  -141.2400  -172.1710
   450.0000     0.0001    42.8804    59.4959    47.3073   130.6500  -108.7740   189.4410
   450.0000     0.0001    51.2947    93.4492   100.7660  -114.4340   -91.9832  -162.4570
   450.0000     0.0001    82.2955   172.8720    66.6461   178.4180  -183.7430   150.0080
   450.0000     0.0001   137.9820    72.6311   165.5200    -1.4024  -153.8780    16.6884
   450.0000     0.0001   237.3030   187.0320   123.4180   136.5290  -144.7350    75.7966
   450.0000     0.0001   201.6670   236.3960   109.0360   145.8360  -142.9500    81.0685
   450.0000     0.0001   -74.9086   115.8020   -75.8452   -54.3583   -39.3440   -16.8273
   450.0000     0.0001    53.5632    90.5113   114.4860  -112.2320  -104.7250  -134.8640
   450.0000     0.0001    85.7574    83.1503   109.7990   -40.3434  -186.0130  -124.5770
   450.0000     0.0001    56.7101    83.4385    52.8419   -72.9965   -75.3387  -171.3710
   450.0000     0.0001    49.1576   100.8800    95.9455   -57.1056   -94.1633  -139.6450
   450.0000     0.0001    43.5145    88.2640    69.1258  -123.0750   -74.8489  -143.7440
   450.0000     0.0001    43.8546    81.0417    69.5541  -122.4050   -73.1596  -158.0800
   450.0000     0.0001   178.6570   269.2730    99.1671   183.5200  -118.0340    67.1793
   450.0000     0.0001    25.0538   157.6690    15.4701    37.8158  -483.7850    -0.7688
   450.0000     0.0001   137.2980    57.4909   172.9250     4.9527  -158.2800    25.9212
   450.0000     0.0001   -32.9847   126.3490   -94.7282   -35.6041   -13.6203   -71.3943
   450.0000     0.0001   182.3530   134.8530   201.2160    59.9561  -123.9810    71.6365
   450.0000     0.0001    61.5724    83.9699    19.6421   220.2320  -264.1810    48.2956
   450.0000     0.0001   133.3820    84.1041   185.6640    -9.8850  -165.9470    58.6950
   450.0000     0.0001   178.9610   112.1700   210.2050    60.6268  -139.0910    85.1012
   450.0000     0.0001    63.5279    99.6492    44.5553   215.4790  -115.8510   176.4650
   450.0000     0.0001   234.5400   151.3360   127.3630   117.6870  -162.6700    72.9222
   450.0000     0.0001    83.6757    90.4970    91.7629   -71.2937  -189.0560  -135.5010
   450.0000     0.0001   217.6910   171.7460   136.2990    92.1116  -161.0580    72.4809
   450.0000     0.0001    42.1576   101.5030    79.7540   -96.4587   -78.2087  -184.0330
   450.0000     0.0001    59.0849    79.4917    31.5879   228.5530  -135.1640   191.4630
   450.0000     0.0001   144.8560   103.0570   160.8280    13.7921  -151.5720     1.0850
   450.0000     0.0001    47.2999    96.4678    50.6988   -88.0033   -38.8221  -202.9650
   450.0000     0.0001    43.4310    91.2133    71.2002   -46.5126   -90.4889  -238.1610
   450.0000     0.0001    98.1666   101.0800    84.8665   -60.0149  -156.3510  -130.0110
   450.0000     0.0001   108.5840    99.7261   163.9770   -36.9588  -144.0850    -3.6863
   450.0000     0.0001    71.8186    94.9049    83.3443  -118.0400  -122.4760  -195.3920
   450.0000     0.0001    88.2873    95.5035   114.4810   -71.3311  -129.2190  -108.4930
   450.0000     0.0001    67.0599    95.1918   101.2090   -44.5658   -92.5385  -157.9830
   450.0000     0.0001   166.5090   126.5010   201.4780    42.4196  -150.5620    71.6921
   450.0000     0.0001   207.6340    94.9189   203.9400    81.9076  -150.9820    87.1602
   450.0000     0.0001    41.3442   103.1690    49.8699   -72.6473   -60.6818  -268.0660
   450.0000     0.0001   -42.9703   120.7370  -101.6000   -42.5913   -31.2035   -69.2924
   450.0000     0.0001    81.2009    86.9123    90.6752   -81.0386  -189.5640  -136.2720
   450.0000     0.0001    77.0475    89.0228    91.3225  -101.3780  -130.6250  -173.1190
   450.0000     0.0001    66.5634    74.7493    92.2510   -87.2251  -149.5660  -106.6330
   450.0000     0.0001    68.3566   107.8600   105.1710   -31.4513  -139.3940  -157.5370
   450.0000     0.0001    47.5985    95.8547    48.2406  -102.0390   -68.4815  -224.0050
   450.0000     0.0001   211.8660   220.7730   134.5850   121.8550  -138.5140   101.8890
   450.0000     0.0001    45.4825    83.6257    96.8669   -47.3204  -101.0950  -159.5860
   450.0000     0.0001   178.3150   127.4940   215.0640    58.3220  -136.7310    80.0918
   450.0000     0.0001    72.4379    90.5401    88.9292   -88.6235  -165.1270  -164.9890
   450.0000     0.0001    78.6162    73.9420   113.8580   -96.8296  -103.3730   -78.9851
   450.0000     0.0001   185.4980   106.7080   168.7040    44.8748  -160.3700    61.4591
   450.0000     0.0001   141.3750    96.7786   174.2980     2.5727  -159.0020    27.0810
   450.0000     0.0001    38.9395   108.5590    36.6259   -83.8721   -91.0104  -319.5350
   450.0000     0.0001   -46.6504   112.1700   -85.2147   -66.9834   -28.3449   -70.9618
   450.0000     0.0001    99.7740    82.1574   132.8150   -79.1188  -173.4990   -18.6165
   450.0000     0.0001    58.8646    96.0198    58.5838   -20.9543   -64.1893  -195.2480
   450.0000     0.0001    89.9820    97.8556   125.2410   -28.7874  -145.3920  -103.2970
   450.0000     0.0001    44.2740    83.6844    71.3788  -137.9420   -87.1108  -181.5290
   450.0000     0.0001    54.2165    76.6789    71.6276   -64.5791  -101.4140  -174.1650
   450.0000     0.0001   178.9610   112.1700   210.2050    60.6268  -139.0910    85.1012
   450.0000     0.0001   -31.7296   145.2790   -70.1372   -55.4176    32.0271   -59.3547
   450.0000     0.0001    78.1674    84.9850   115.9450  -101.2840  -116.3270   -91.2449
   450.0000     0.0001    44.8610    97.7985    63.8601   -21.9153   -65.1371  -200.3050
   450.0000     0.0001    66.0900   395.5790    68.3769   197.3170    -2.0917    68.5992
   450.0000     0.0001   159.3030    92.0810   193.2130    37.5008  -153.8670    46.3355
   450.0000     0.0001    92.2206    77.5665   129.8550   -70.8622  -120.6380   -51.3956
   450.0000     0.0001     9.2626    86.9513    57.2337   -11.0437    25.1649   105.2990
   450.0000     0.0001   235.9760   226.5480   116.1790   144.3360  -128.8730    67.2709
   450.0000     0.0001   127.2760    76.8694   164.3970   -30.2893  -161.9060    39.7940
   450.0000     0.0001   136.3740    84.4085   158.6740    -9.7129  -158.8880    11.2005
   450.0000     0.0001   193.6540   125.2070   190.7190    69.0435  -157.9520    90.6206
   450.0000     0.0001     4.0906   150.9880   -33.5305   -69.9346   164.5570  -103.6530
   450.0000     0.0001    74.4956    77.5082   113.8810  -108.9920  -130.7280   -88.7418
   450.0000     0.0001    86.9364    88.2190   101.2250   -76.6179  -141.7020  -137.0240
   450.0000     0.0001   123.3720    74.8048   192.2020     5.2484  -143.6680    28.0031
   450.0000     0.0001    89.7611    79.9337   193.2650   -23.5314  -181.3990    38.7483
   450.0000     0.0001   118.7870    86.3370   150.3990   -33.8481  -145.1160   -10.0574
   450.0000     0.0001    42.3006    63.3974    46.9395   127.6540   -94.8727   199.0600
   450.0000     0.0001     0.0095   135.3010   -55.4577   -45.4926    23.9507  -104.5090
   450.0000     0.0001    56.6998   106.2810    50.3579  -120.9380   -63.6098  -198.1880
   450.0000     0.0001    69.3976    91.4281    99.6606   -52.7498  -124.2200  -197.4600
   450.0000     0.0001   121.4500    79.3405   152.8790   -28.1982  -136.2050    -7.0338
   450.0000     0.0001   102.0460    95.9110   120.2170   -30.3332  -133.2090  -101.2300
   450.0000     0.0001   210.6080   166.4910   126.2100    97.5414  -171.8410    72.2645
   450.0000     0.0001    37.9501    95.6952    76.6407  -101.4270   -60.9798  -150.3800
   450.0000     0.0001    74.1546    95.3435    99.0833   -33.7692  -107.7130  -161.9650
   450.0000     0.0001   161.5390   108.4980   215.8890    63.3904  -144.5510    60.8584
   450.0000     0.0001   114.2150    78.0387   120.6560   -73.5443  -170.0710    -9.3396
   450.0000     0.0001    -3.7647   143.6020   -41.5447   -68.8400   129.1210  -123.0380
   450.0000     0.0001   -31.5776   140.7590   -76.2998   -57.4772    38.6699   -73.8697
   450.0000     0.0001   107.8250    87.5389   144.3390   -47.2464  -137.9000   -27.5448
   450.0000     0.0001    50.0628    91.3633    58.8260   -86.2597  -105.0340  -178.7260
   450.0000     0.0001    63.1373    68.2723    95.6342   -97.1612  -110.8770  -112.8780
   450.0000     0.0001    57.4788    86.9884   117.6970   -77.8342   -82.9055  -130.0880
   450.0000     0.0001    83.8367    65.0714   160.1890   -54.8474  -150.6780    -9.8704
   450.0000     0.0001    91.7995   132.3690   146.6770    22.4222  -147.2640   -60.7519
   450.0000     0.0001   168.1960   106.5590   196.8800    30.1046  -151.8000    77.8261
   450.0000     0.0001   235.3270   107.5810   141.9640   100.4540  -166.3590    72.6974
   450.0000     0.0001    33.2646   105.6750    47.2318  -100.1830  -123.9070  -282.6980
   450.0000     0.0001    23.9539   141.4590    17.2917    66.6464  -171.1520  -218.5800
   450.0000     0.0001   242.3650   166.6410   136.6740   130.1500  -147.0650    82.9226
   450.0000     0.0001   172.5390    92.2548   236.7990    65.0598  -145.5110    95.3403
   450.0000     0.0001   154.4640    78.2796   188.2170    21.9237  -153.1080    47.6353
   450.0000     0.0001   105.9950    93.0351   129.5720   -18.5177  -135.9290   -83.6876
   450.0000     0.0001    66.7968    72.5929   170.6990   -42.9533  -139.2450   -17.1422
   450.0000     0.0001    96.8722    95.2858   160.1680   -47.8679  -158.7550   -13.7334
   450.0000     0.0001   191.7090   104.1380   184.9460    62.1662  -154.6110    67.2559
   450.0000     0.0001   -52.4562   120.3600   -74.2959   -77.8485   -12.4267   -64.5909
   450.0000     0.0001    41.9265    99.5837    44.3722   -95.5052   -36.2835  -245.7650
   450.0000     0.0001    57.7935    92.0318    64.5486  -111.0670  -120.1920  -153.6780
   450.0000     0.0001   176.8960    95.6648   182.7120    40.9291  -170.0990    69.9850
   450.0000     0.0001   -90.8245   123.5060   -59.1238   -80.0903   -11.0627   -21.8947
   450.0000     0.0001    58.2977    87.9791   107.0690   -95.8450   -71.5187  -157.8670
   450.0000     0.0001   155.6050   126.3860   188.0130    44.2088  -142.1790    35.4264
   450.0000     0.0001    16.5781    92.1504    29.7164  -145.5430   -29.7600  -252.7830
   450.0000     0.0001    75.7109    72.5210   137.5110   -65.0833  -178.6300   -65.5350
   450.0000     0.0001    47.9114    90.9177    67.1132   -61.7639   -84.6541  -148.3010
   450.0000     0.0001    38.9395   108.5590    36.6259   -83.8721   -91.0104  -319.5350
   450.0000     0.0001    75.1633    94.8800   100.1280   -87.3783  -132.9060  -165.5000
   450.0000     0.0001    70.0737    79.8117   106.7390   -65.9666  -112.3640  -122.1070
   450.0000     0.0001   131.9220    86.2379   202.6490    13.1317  -143.8630    43.2539
   450.0000     0.0001   102.5760    80.0078   146.6650   -56.4028  -137.6250   -15.3528
   450.0000     0.0001    -1.2032   123.5300    28.5621   218.2390   124.6720   -94.6857
   450.0000     0.0001    75.9455    94.5766   136.5490   -80.6610  -139.9690   -66.1401
   450.0000     0.0001    12.0682   108.4990     1.8540   -51.2115    86.2398  -313.1660
   450.0000     0.0001   198.0990   129.1530   207.3990    85.7796  -149.8320    95.8492
   450.0000     0.0001   152.3140    79.3811   199.9750    33.7268  -143.5630    50.4949
   450.0000     0.0001    74.6373    69.4288   170.2880   -39.0008  -134.7680   -14.6192
   450.0000     0.0001    47.4713    84.6560    57.4357   -80.7410   -61.5165  -176.3860
   450.0000     0.0001    67.7959   123.1570    99.7687   -15.9335  -173.1570  -159.0170
   450.0000     0.0001    46.7141    89.3293    67.4201  -122.5060   -78.9735  -142.0750
   450.0000     0.0001   188.6930    97.0243   173.0920    50.4747  -155.2270    56.9743
   450.0000     0.0001     0.2011   139.4810   -17.1329  -168.7970   187.0110   -97.6742
   450.0000     0.0001    36.2509    92.1970    87.5400   -88.1367   -99.2826  -165.3010
   450.0000     0.0001    34.6079    96.0367    42.7999   -60.5891    -5.8467  -255.7470
   450.0000     0.0001   136.5770   115.7610   186.3260     7.3974  -148.5210    32.5089
   450.0000     0.0001    41.7561   100.7660    76.6918   -39.5298   -72.2555  -166.7300
   450.0000     0.0001    49.1741    74.1416    87.0164   -53.1714  -100.6980  -144.6730
   450.0000     0.0001   168.2620    80.7589   220.6790    57.2949  -148.0770    78.7946
   450.0000     0.0001    23.0245   119.3940    -2.1138   -81.5124    87.8295  -350.3520
   450.0000     0.0001    68.8072    76.4033    96.5885   -51.0028  -142.6810  -107.1190
   450.0000     0.0001    45.5613    78.8528    92.8250   -83.2915   -82.2639  -144.9390
   450.0000     0.0001    74.6280    87.6619    97.8317  -117.7340  -128.9740  -145.6340
   450.0000     0.0001   113.6720    77.0879   142.9200   -41.4495  -152.8870   -20.1224
   450.0000     0.0001   143.4400   112.8250   180.3980    12.8861  -143.7960    27.6122
   450.0000     0.0001   144.8540   132.0980   188.1750    50.0620  -140.5260    26.0094
   450.0000     0.0001   -69.2318   105.5900   -88.3057   -55.2972   -49.2241   -32.2454
   450.0000     0.0001   133.0980    86.6784   175.0700    -5.0953  -138.0970    19.7894
   450.0000     0.0001   162.2820    93.4182   189.5860    37.7918  -152.1210    42.9362
   450.0000     0.0001    53.8007    84.8749    60.1401   -66.1640   -85.0012  -175.8720
   450.0000     0.0001    67.6779    80.5523    72.8718  -102.7520  -163.6670  -123.5820
   450.0000     0.0001    84.9253    91.5784   106.5970   -81.9937  -137.5300  -124.8520
   450.0000     0.0001    47.2623    99.5860   104.2910   -23.7394   -94.3788  -184.8720
   450.0000     0.0001    -9.1612   149.8100   -54.8240   -30.4235    86.2019  -148.1450
   450.0000     0.0001    33.5675    94.0609    95.1025   -42.2801   -48.6990  -160.0190
   450.0000     0.0001   -22.7946   145.4430   -50.3408   -90.3434    82.7607   -77.1696
   450.0000     0.0001    60.6832    73.8753   107.6570   -91.7054  -115.1780  -101.6650
   450.0000     0.0001    51.8601    73.1717    86.5390   -50.6898  -101.7660  -144.6520
   450.0000     0.0001    90.5081    88.5286   118.9930   -58.8228  -118.0030  -103.4070
   450.0000     0.0001    79.2777    94.7322   100.0770  -110.7330  -131.7140  -130.7830
   450.0000     0.0001   164.3960   132.3690   200.4700    52.3771  -144.3900    57.0451
   450.0000     0.0001    94.3115    79.0632   138.6550   -66.1971  -126.3870   -35.0785
   450.0000     0.0001   131.1540   121.1050   200.6600    25.4018  -135.5250    40.1955
   450.0000     0.0001    56.0636    91.0321    65.7600   -59.8172   -94.6779  -206.3480
   450.0000     0.0001   -37.6414   145.9960   -49.0129   -98.5481    50.0906   -39.9669
   450.0000     0.0001   130.1780    82.5178   159.3990   -18.3121  -151.5710     8.5401
   450.0000     0.0001    43.3804    67.3915    43.9375   152.5710  -140.4790   213.1040
   450.0000     0.0001   134.8330   136.4150   213.3400    59.6079  -134.6120    47.2768
   450.0000     0.0001   -70.6447   141.5610   -56.9539   -87.7568    28.0362   -21.2016
   450.0000     0.0001    85.3858    65.9847   140.4670   -58.4584  -123.9570   -38.2069
   450.0000     0.0001   138.3010    71.9613   153.1380   -23.4585  -167.1780    38.7700
   450.0000     0.0001    46.3713   100.7140    51.0765   -85.1807   -13.0818  -213.6800
   450.0000     0.0001    72.8049    90.8867    91.3377   -89.6513  -160.2380  -172.5630
   450.0000     0.0001   124.9630    98.6682   193.5850     5.9631  -126.2960    25.0833
   450.0000     0.0001    85.2017   125.1710   125.7140     2.1343  -164.1500   -94.6237
   450.0000     0.0001    99.8623    94.0620   117.6500   -76.1993  -142.6260   -61.3436
   450.0000     0.0001    94.0748    95.7325   160.2600   -42.6183  -166.5100   -20.4818
   450.0000     0.0001   194.4840   295.0500    90.7603   180.8140   -97.5036    68.1683
   450.0000     0.0001   152.3670   101.3960   185.2790    24.5041  -146.4810    35.3637
   450.0000     0.0001    21.3977   114.7740    36.4902    19.7874  -158.0960   178.5420
   450.0000     0.0001    49.9606    81.1999    36.9363   193.3900  -153.8100   203.8970
   450.0000     0.0001   217.6910   171.7460   136.2990    92.1116  -161.0580    72.4809
   450.0000     0.0001    74.9659    94.7814   112.2020     0.9836  -153.3230  -153.5660
   450.0000     0.0001    37.5187    87.7245    61.5637   -64.1640   -80.1637  -190.3840
   450.0000     0.0001   135.7320    80.3139   170.6240    -3.0331  -137.8030    18.3853
   450.0000     0.0001    62.2251    97.4201    30.1070   264.2710  -121.4100   167.5140
   450.0000     0.0001   -45.8890   114.5890  -101.3790   -48.6440   -27.3947   -81.3872
   450.0000     0.0001   171.9730   105.2470   218.6170    57.6383  -144.4450    75.7623
   450.0000     0.0001    41.8416    84.3289    71.7152   -58.3546   -99.0331  -153.2230
   450.0000     0.0001    48.6155    90.4380   102.0060   -56.7476  -105.0250  -125.6670
   450.0000     0.0001   -73.0351   103.5580   -84.9117   -52.5016   -51.9144   -28.1610
   450.0000     0.0001    76.9007    81.8743    84.4901  -117.7760  -170.1170  -118.3400
   450.0000     0.0001    50.7505   103.2630    64.1806   -44.3751   -85.2331  -191.1660
   450.0000     0.0001    88.8137    86.1738   130.1840   -79.9601  -133.8200   -54.8965
   450.0000     0.0001    88.8363    90.4681   115.9920   -60.9350  -120.5720  -111.5130
   450.0000     0.0001    65.5690   162.5860    50.3037   173.6810  -231.4360   183.5790
   450.0000     0.0001    62.7053   105.4370    74.2498   -86.0102  -128.5550  -178.8280
   450.0000     0.0001    86.4136    75.7132   122.7150   -84.2988  -127.6890   -63.1366
   450.0000     0.0001   192.2430   208.7820    93.2925   157.2830  -161.3000    45.1707
   450.0000     0.0001    72.6094   100.8420   129.2640   -65.4129  -148.9960  -102.0720
   450.0000     0.0001    41.0590    96.2056    28.0553   -96.6896   -10.2812  -264.5210
   450.0000     0.0001    53.8284    86.4609   -76.7594    84.4411   -75.8250  -112.1510
   450.0000     0.0001   158.4330    97.4620   182.1880    33.2373  -161.5720    59.6039
   450.0000     0.0001    57.1395    91.8907    58.8622   -66.4864   -95.3146  -183.9680
   450.0000     0.0001    29.3798   119.4480    16.6985   343.9320  -363.2970    98.9214
   450.0000     0.0001    70.1572    89.6225   101.3350   -68.6677  -152.6690  -161.4230
   450.0000     0.0001   -12.5984   154.1390   -64.6499   -24.6151    98.4638   -99.5314
   450.0000     0.0001   117.9740    88.2076   149.4860     2.7304  -139.9350   -46.5315
   450.0000     0.0001    61.4442    83.5555    68.3183   -68.6358   -70.3615  -140.3390
   450.0000     0.0001    47.4962    89.6343    61.7282  -134.2700   -74.7165  -171.4150
   450.0000     0.0001     1.6442   149.2100   -46.4949   -49.1501    87.8592  -111.0870
   450.0000     0.0001   150.0860    81.5529   200.0200    33.8183  -165.4990    50.1293
   450.0000     0.0001    45.3173   101.4890    48.8934   -51.7601  -112.5250  -268.2130
   450.0000     0.0001    52.7616   143.6150    61.6003   111.6530   -46.2160   185.0270
   450.0000     0.0001    47.4771    91.1137    57.4211   -88.4819   -59.6115  -172.7870
   450.0000     0.0001    89.7068    92.9697   108.0540   -65.9526  -148.6830  -122.9880
   450.0000     0.0001    72.0679    95.1831   112.9870   -17.8548  -130.7370  -151.8160
   450.0000     0.0001   171.9320   102.4600   207.9690    49.1999  -144.7270    67.2451
   450.0000     0.0001     5.3765   146.3120   -54.7659   -15.1019    98.5853  -136.9660
   450.0000     0.0001    60.1168   368.0970    61.4055   204.0330   -23.5185    79.1974
   450.0000     0.0001   146.1700   123.5880   181.1620    11.2957  -160.5130    53.3564
   450.0000     0.0001    43.9782    93.0522    62.6981   -78.2150   -85.9349  -237.7430
   450.0000     0.0001   200.0060   251.3880   104.0910   167.1050  -128.9690    69.5940
   450.0000     0.0001   115.8920    93.4815   163.0050   -31.5930  -141.6750     1.1669
   450.0000     0.0001    25.8569    61.0993    54.6524    79.5644   -30.3039   166.1620
   450.0000     0.0001    49.2804    99.6010    60.9879   -76.2595   -82.3216  -230.8720
   450.0000     0.0001    62.4347    81.1610    21.7865   226.4410  -141.3680   116.9400
   450.0000     0.0001   156.0120   103.6910   187.6240    29.5202  -144.2310    38.6354
   450.0000     0.0001    42.0612    91.0720    67.2011   -55.0821   -48.2952  -158.9410
   450.0000     0.0001    62.3105    72.9640    83.1627  -115.7870  -128.7050  -120.1100
   450.0000     0.0001    14.6700   184.2140    44.2999    64.1727  -300.8850  -112.7860
   450.0000     0.0001   122.7190    86.5418   156.3480   -18.6304  -134.7630    -9.9423
   450.0000     0.0001    25.1281   118.9780     4.4399  -135.9030    65.7806  -358.3850
   450.0000     0.0001    49.6353   106.4710    91.2436   -58.0361  -122.9050  -180.2560
   450.0000     0.0001    19.9163   107.8180    13.7084   -70.4441   114.6130  -310.6410
   450.0000     0.0001   101.3010    84.2524   159.8610   -47.4315  -148.0310    -7.2360
   450.0000     0.0001    43.1059   110.6440    37.9089   -60.8416   -79.6765  -325.4960
   450.0000     0.0001   -48.3290   123.0110   -81.0404   -75.5419    -4.0917   -67.7669
   450.0000     0.0001    36.0511    87.3088    71.0059   -54.6596   -75.4296  -191.3770
   450.0000     0.0001    46.4323   122.7630    73.9280   -31.3488  -187.1220    56.1279
   450.0000     0.0001    55.6248   105.9170    75.1115   -50.3900  -117.8200  -199.4920
   450.0000     0.0001   103.9940    91.4835   158.3640   -43.8843  -155.7260   -11.8661
   450.0000     0.0001    54.6784   108.0560    76.3446   -68.9188  -102.4630  -184.9960
   450.0000     0.0001    57.4926    86.3404    50.1477   -70.1380   -62.7646  -182.4170
   450.0000     0.0001   173.1260   101.9310   218.4610    51.6263  -143.7530    80.0119
   450.0000     0.0001    56.0669    94.2715    65.3305    -2.9061   -69.4794  -193.7880
   450.0000     0.0001    61.8496    83.5114    68.7458   -70.8685   -78.2327  -140.9540
   450.0000     0.0001    61.7955   103.1510    71.3466   -80.5337  -132.2470  -179.3280
   450.0000     0.0001   -34.0215   139.2140   -68.4572   -74.0282    45.8918   -74.9124
   450.0000     0.0001     7.1299   134.1740   -25.7803  -132.2660   119.9780  -207.1780
   450.0000     0.0001   140.7370    70.7859   189.4040    27.5904  -149.4970    27.7866
   450.0000     0.0001    48.4903   100.8640    50.2976  -110.4650   -26.6138  -202.0780
   450.0000     0.0001    45.3173   101.4890    48.8934   -51.7601  -112.5250  -268.2130
   450.0000     0.0001    52.0855    92.3908    59.1867   -92.2412   -75.5232  -163.2210
   450.0000     0.0001    11.5095   132.5020   -14.3588  -147.8110   207.3330  -168.4390
   450.0000     0.0001    38.0923   102.9460    49.8272   -56.4990   -20.3415  -251.8870
   450.0000     0.0001   -36.4926   137.8800   -59.3705   -87.2438    67.2173   -91.0148
   450.0000     0.0001   101.4560   148.7670   141.2370   -31.9768  -139.3680   -21.9058
   450.0000     0.0001   -33.1090   143.8420   -54.2820   -87.0449    64.8682   -70.8305
   450.0000     0.0001    43.2371    77.4236    96.0416   -92.8057  -136.8060  -123.6380
   450.0000     0.0001    50.2147   107.0360    49.8387  -101.9160  -138.1550  -252.5200
   450.0000     0.0001    45.5725   105.1580    58.4009   -97.8440   -70.5465  -245.5580
   450.0000     0.0001   137.2730    85.9279   211.6320    31.7639  -144.0140    50.9977
   450.0000     0.0001   159.5810    79.6728   210.6340    41.2107  -145.8440    64.8577
   450.0000     0.0001   101.3600    64.4152   151.1060   -59.2555  -159.4260    13.7299
   450.0000     0.0001    99.5567    95.8898   121.4740   -52.1754  -135.5280   -88.2977
   450.0000     0.0001   105.2700    82.1049   160.6180   -38.5599  -136.6350   -10.1528
   450.0000     0.0001    41.4486    97.7199    64.3860  -116.3780   -61.4594  -169.0980
   450.0000     0.0001    55.7754    76.7467    96.8307   -33.6563   -95.0595  -159.6980
   450.0000     0.0001   178.0460   106.7480   196.0380    54.5944  -151.6810    74.0266
   450.0000     0.0001   156.8050    78.3251   220.5870    51.9058  -154.7060    71.0510
   450.0000     0.0001    79.9143    90.7743    99.9307   -89.6635  -132.3230  -150.5400
   450.0000     0.0001    64.7501    82.3173    61.2033   -97.9613  -133.6510  -142.1260
   450.0000     0.0001   195.3280   124.9480   128.0850    47.5929  -182.6820    57.3078
   450.0000     0.0001    45.7677    91.4485    99.8354   -76.4411  -101.1350  -133.6540
   450.0000     0.0001   102.1080    64.9901   156.7120   -33.1487  -138.5010   -12.3379
   450.0000     0.0001   152.7130    91.3113   204.6710    38.1877  -151.9990    65.2017
   450.0000     0.0001    97.3267    93.4592    97.5218   -76.3010  -145.6480  -106.4310
   450.0000     0.0001    60.1084    69.5042   153.8670   -69.3640  -153.4080   -35.9799
   450.0000     0.0001    56.3574    90.3936    63.3276   -85.2218   -69.9003  -151.3990
   450.0000     0.0001    77.5368    90.3613   102.7210   -96.0935  -109.1270  -140.6930
   450.0000     0.0001   104.7630    92.0594   165.7270   -37.6007  -140.2710    -5.7854
   450.0000     0.0001    10.2690   103.8250    -7.4768  -164.2440   103.2430  -210.6520
   450.0000     0.0001   129.6920    80.4016   199.8730     9.3688  -146.1130    43.0326
   450.0000     0.0001   101.6100   123.4390    55.3538    96.5771  -228.0730    61.7052
   450.0000     0.0001    38.0718    88.0918    74.7309  -120.8550   -88.8748  -107.6320
   450.0000     0.0001    52.6440    89.1648    54.8678   -77.4700   -75.1757  -193.9410
   450.0000     0.0001    93.9560    91.8182   148.9760   -56.9078  -170.1940   -25.0634
   450.0000     0.0001    50.1837    97.2038    63.1669  -132.3370   -93.3181  -192.1050
   450.0000     0.0001    55.6721    62.1714    44.2450   186.1100  -123.2320   180.0720
   450.0000     0.0001    88.6132    80.7086   108.2660   -89.8848  -152.7150   -87.7757
   450.0000     0.0001   132.8790   101.1350   171.1040    -7.2846  -147.9740    19.1907
   450.0000     0.0001   181.4810   101.3440   236.8110    69.2992  -144.7960   101.2320
   450.0000     0.0001    -7.8401   151.1580   -38.6676   -71.7005    99.1069   -99.6508
   450.0000     0.0001   -80.9139   108.4340   -65.2830   -40.7527   -48.7039     4.2111
   450.0000     0.0001    82.5759    74.3249   115.5940  -113.7840  -159.7290   -48.7073
   450.0000     0.0001    41.7377   100.8210    79.4202   -56.7454   -79.0428  -167.0620
   450.0000     0.0001   141.5200    93.6097   166.0680     5.0128  -145.3460    11.1737
   450.0000     0.0001    40.2500    94.0395    73.5081   -79.7757   -43.9571  -148.3210
   450.0000     0.0001   210.9200   139.2290   116.0030   115.6180  -177.8680    63.3972
   450.0000     0.0001    56.0957    91.0880   100.6890   -35.5273  -117.0640  -175.0260
   450.0000     0.0001    41.3586    64.6033    45.1854   127.3220   -81.9654   212.2000
   450.0000     0.0001    42.1075    99.6562    58.5436   -38.2484   -48.7307  -219.8110
   450.0000     0.0001   137.3510    81.5545   185.4680     1.8238  -173.3320    56.1989
   450.0000     0.0001   219.1050   195.0930   137.5300   106.9840  -150.7340    73.1597
   450.0000     0.0001    82.3176    98.6993   119.2650   -29.8251  -158.9410  -120.7890
   450.0000     0.0001    68.5084    67.4457   136.4840   -62.7174  -177.2240   -73.1619
   450.0000     0.0001    38.0828   104.2330    58.3580   -85.4765   -17.1966  -210.6980
   450.0000     0.0001    66.2301   100.8230   105.9390   -42.8326  -126.8220  -142.2930
   450.0000     0.0001   137.7000   348.0980    88.3754   193.7070   -61.8604    68.1436
   450.0000     0.0001    54.5307   100.5940    99.6862   -42.2641  -108.1600  -137.9550
   450.0000     0.0001   237.3790   135.8210   129.2750   121.5860  -166.4080    68.1934
   450.0000     0.0001    89.0036    92.1684   155.6530   -38.1696  -119.5960   -44.4693
   450.0000     0.0001    45.2434   103.4950    88.9741   -80.6261   -82.3859  -158.8420
   450.0000     0.0001    76.4525    87.2844   141.4680   -76.8021  -133.1360   -56.2260
   450.0000     0.0001   143.4400   112.8250   180.3980    12.8861  -143.7960    27.6122
   450.0000     0.0001    45.5121   103.8270    48.6457   -88.9320   -55.8781  -248.7800
   450.0000     0.0001   103.7370    87.0529   141.4610   -52.4695  -141.9950   -33.3116
   450.0000     0.0001    59.0266    95.0778    35.9576   239.2700  -125.2960   191.4330
   450.0000     0.0001   129.2120    83.7611   223.2270    29.4910  -145.4630    67.4122
   450.0000     0.0001   193.2770   132.5710   184.0810    69.6121  -154.8700    83.0226
   450.0000     0.0001   219.1620   145.6530   146.7030   101.5970  -164.1980    87.1813
   450.0000     0.0001   129.4900    86.1672   177.6530    -9.8383  -144.8250    23.2467
   450.0000     0.0001    77.5678   119.8410   129.3960    11.4212  -163.9810  -100.9250
   450.0000     0.0001    35.7414   186.6890    35.0181     1.8050  -333.1300   -62.7377
   450.0000     0.0001    45.9593    99.3000    51.8205  -102.9840   -51.0765  -204.6010
   450.0000     0.0001   159.3030    92.0810   193.2130    37.5008  -153.8670    46.3355
   450.0000     0.0001   221.1630   110.5810   144.4220    81.8081  -169.7820    76.1313
   450.0000     0.0001   155.3230    99.8334   196.5230    26.6487  -143.2570    52.6849
   450.0000     0.0001   158.0220    85.8430   186.1610    27.2614  -154.2480    44.2281
   450.0000     0.0001    41.6379    96.6077    68.6325   -68.8400   -32.7094  -168.2230
   450.0000     0.0001    65.6558    72.6322   105.2350   -74.9431  -128.4490  -101.3270
   450.0000     0.0001    99.7437    82.7774   146.2930   -56.2994  -135.4070   -26.1491
   450.0000     0.0001   151.0190    98.3170   170.6590     9.4788  -153.9660    28.4689
   450.0000     0.0001    51.9446    74.8880    99.5297   -64.5512  -131.5860  -121.1580
   450.0000     0.0001   153.8570    79.7010   229.4900    48.5272  -158.8140    85.3829
   450.0000     0.0001   171.8960   116.0400   197.3680    44.7141  -140.8540    62.6175
   450.0000     0.0001    37.8368    96.3350    41.1398   115.9990  -262.9450   189.4090
   450.0000     0.0001    74.8539   158.3790    63.3925   157.5570  -228.7840   168.1260
   450.0000     0.0001    61.0761    84.9776    63.2313   -90.7681  -106.7160  -172.6310
   450.0000     0.0001    23.7807   172.2130    80.0102    50.8420  -213.5760  -162.3720
   450.0000     0.0001    45.7379    82.6249    60.9649   -59.3535   -91.1274  -212.2870
   450.0000     0.0001    59.2011    79.4908    99.7772   -63.1318  -172.3380  -183.8970
   450.0000     0.0001    81.0146    76.4707   146.2380   -58.3494  -188.3990   -31.4283
   450.0000     0.0001    52.6375   130.7600    72.8692     0.0538  -209.7380   123.9660
   450.0000     0.0001    35.6223    86.8017   101.9290   -76.7264   -97.3266  -176.6270
   450.0000     0.0001   114.8480    80.0889   196.3260    10.0231  -145.4480    18.7862
   450.0000     0.0001    74.7629    88.3386   125.6710   -80.6530  -114.5710   -95.9894
   450.0000     0.0001    72.2224    86.6647    89.6900   -81.4830  -137.1830  -120.7410
   450.0000     0.0001     4.4027   134.6500   -19.2198   -66.6833   215.7170  -165.6510
   450.0000     0.0001   143.2090    83.4416   177.0880     0.4696  -171.5380    54.6980
   450.0000     0.0001    42.7791    98.5693    73.1381   -43.4883   -56.6670  -155.6520
   450.0000     0.0001    51.4858    71.6599    86.5282   -88.2369   -78.6291  -144.5760
   450.0000     0.0001    13.7693   122.4620    -1.7689  -220.1910   175.1190  -194.5430
   450.0000     0.0001   162.5350   104.0710   183.8970    23.2379  -140.8650    51.9855
   450.0000     0.0001    42.9966    83.8622    55.4353  -125.2710   -64.5603  -197.1870
   450.0000     0.0001   162.0640    98.7784   192.0970    38.1657  -145.6740    44.1949
   450.0000     0.0001   -15.1360   165.9130   -18.9870   -84.4841   134.3140   -14.8370
   450.0000     0.0001    26.1935   131.1820     5.3956     2.5397  -122.0580  -456.7070
   450.0000     0.0001   116.8850    71.8433   158.4460   -19.6874  -137.5960    -9.5399
   450.0000     0.0001    33.0210    89.2755    18.8151  -112.1080    -2.7470  -255.3620
   450.0000     0.0001    79.3259    90.4495   107.1460   -99.3651  -119.6010  -123.5470
   450.0000     0.0001    60.1425    80.8710   104.1540  -141.2020  -136.0580  -132.8080
   450.0000     0.0001    70.7653    95.3695    96.0842  -115.9960  -113.8030  -169.8190
   450.0000     0.0001    82.1279   184.8020    56.4396   218.0300  -145.3910   107.4610
   450.0000     0.0001    96.0736    83.2803   116.4270   -69.2504  -147.6090   -62.9734
   450.0000     0.0001    95.7911    72.9437   178.4420    -7.0840  -145.0320   -11.3990
   450.0000     0.0001   195.1050   138.0290   152.0280    51.4957  -170.8960    63.5485
   450.0000     0.0001    36.5785   101.9510    45.6277   -92.5658   -35.6072  -264.9000
   450.0000     0.0001    13.7488   144.3350   -29.0418    -8.1049   166.0420  -200.7760
   450.0000     0.0001    82.9160   127.3030   118.8040    -0.6733  -163.6330  -109.9450
   450.0000     0.0001    48.3688   106.6770    65.4002   -71.3677   -76.1636  -244.4760
   450.0000     0.0001    54.2759   101.8070    53.6129   -60.5550  -146.0840  -241.2420
   450.0000     0.0001    72.6939    87.8308   114.6120  -111.3420  -117.3470  -101.5180
   450.0000     0.0001    37.9743   104.0080    45.2530   -66.9933   -14.6490  -263.5520
   450.0000     0.0001   107.5610    92.1102   128.9690   -38.2567  -136.0950   -69.4289
   450.0000     0.0001    36.2624    97.6591    74.3598   -65.8188   -65.5340  -166.6320
   450.0000     0.0001    73.0747    97.5286    21.8018   296.7960  -172.6880    81.4099
   450.0000     0.0001    83.3433    90.6286   107.4360   -92.4374  -126.5500  -120.4120
   450.0000     0.0001   179.5790    96.9845   163.2140    35.9781  -158.7750    45.9195
   450.0000     0.0001   -57.2498   157.5210   -57.7128   -64.5386    56.6111   -19.6439
   450.0000     0.0001   127.2350   113.2880   179.0230     3.1397  -173.0220    32.7681
   450.0000     0.0001   125.5670    67.3154   172.1830   -10.2784  -159.1300    17.7589
   450.0000     0.0001   -48.3290   123.0110   -81.0404   -75.5419    -4.0917   -67.7669
   450.0000     0.0001   218.5170   118.4540   163.5230    78.6464  -163.3540    87.2649
   450.0000     0.0001    62.5582    94.0406    22.6307   271.3740  -243.0910    77.1317
   450.0000     0.0001    40.2152    96.2605    45.5498  -124.7190   -57.3049  -231.2930
   450.0000     0.0001    99.0018   365.5740    75.6260   201.0450   -34.7484    76.1681
   450.0000     0.0001    66.6013   102.9930    84.4066   -61.3801  -139.9220  -167.0760
   450.0000     0.0001    82.4546   188.5720    54.4960   230.9010  -133.9120   125.8540
   450.0000     0.0001   112.0210   139.9390   184.8110    12.4751  -136.1580    18.3773
   450.0000     0.0001    71.1020    81.1608   116.2720  -110.4040  -110.1640   -89.8415
   450.0000     0.0001    80.9006   187.2640    54.9844   224.1380  -134.0460   131.9440
   450.0000     0.0001   122.3510   101.9500   142.9230   -33.8388  -169.4530    -4.1507
   450.0000     0.0001    43.2349    59.4661    50.1589   137.4150  -118.1750   187.6090
   450.0000     0.0001    51.3682    78.1554    98.5827   -55.5977  -103.8430  -138.4480
   450.0000     0.0001   -13.3405   142.2850   -33.8718   -88.2538   165.0880   -96.0148
   450.0000     0.0001    67.9223   134.0650   104.7070   -10.6315  -176.8480  -140.3350
   450.0000     0.0001    66.0538    85.6683   120.9920  -112.1020  -116.2620   -91.0966
   450.0000     0.0001   137.1880   106.7670   157.3960     8.1040  -159.4030    -4.4716
   450.0000     0.0001    69.0407   101.1820    29.9407   280.6540  -113.0090   136.0980
   450.0000     0.0001    61.7228   100.3240    69.9011   -85.8883   -65.2974  -139.4830
   450.0000     0.0001    84.2090   136.6840    72.0451   126.1490  -235.6180   118.3680
   450.0000     0.0001    55.1297   104.4790    62.2182   -65.5822   -59.0157  -193.8400
   450.0000     0.0001    19.7836   162.7750    48.8273    89.3377  -306.9100  -204.3750
   450.0000     0.0001    53.5680    87.0022    60.0644   -71.3453  -103.3560  -196.8110
   450.0000     0.0001   178.3150   127.4940   215.0640    58.3220  -136.7310    80.0918
   450.0000     0.0001   122.9750   109.6220   196.3560     8.0818  -139.9680    25.1866
   450.0000     0.0001   200.5430   117.8320   196.4810    79.2708  -152.5420    83.7410
   450.0000     0.0001     0.2011   139.4810   -17.1329  -168.7970   187.0110   -97.6742
   450.0000     0.0001    93.3325    72.5420   127.5960   -69.5594  -122.6600   -50.4738
   450.0000     0.0001    49.8429    85.0026    60.5147   -63.8356  -106.0860  -205.3470
   450.0000     0.0001    36.9861    90.6535    38.6043   -63.0933   -25.2007  -251.4010
   450.0000     0.0001    61.9032    87.8003    33.4878   237.2000  -249.8100   131.2070
   450.0000     0.0001   157.9380   140.2240   193.7810    41.0531  -149.8170    57.4673
   450.0000     0.0001    17.4423   134.9350   -18.9809   -50.7492   198.3340  -226.0960
   450.0000     0.0001   102.8130    80.5414   139.2800   -51.8937  -129.4310   -35.6344
   450.0000     0.0001    97.3062   137.7310    61.4349   130.5050  -227.2490    66.0235
   450.0000     0.0001   116.4720    76.3825   146.3450   -32.3186  -134.2970   -19.2635
   450.0000     0.0001    33.5675    94.0609    95.1025   -42.2801   -48.6990  -160.0190
   450.0000     0.0001   101.0980    78.6096   139.4320   -44.8060  -122.8760   -42.4699
   450.0000     0.0001   145.3740    65.4597   179.4750    18.2006  -148.7050    30.6539
   450.0000     0.0001    65.5983    86.8962   120.4070   -87.5043   -97.1731  -114.1860
   450.0000     0.0001    40.3082    85.8847    62.3182   -31.1229   -56.8478  -193.1540
   450.0000     0.0001    42.3717   103.1940    79.0477   -70.2900   -74.6607  -169.1400
   450.0000     0.0001   209.9330    85.2302   155.7880    70.6793  -180.4240    72.1917
   450.0000     0.0001    -2.6816   103.1880    10.0068   -91.7619    82.4100  -278.0150
   450.0000     0.0001    52.7612    81.9813   117.9310   -95.0755  -140.7530  -132.4040
   450.0000     0.0001    84.9449    82.8894   117.2510   -94.0529  -122.9910   -74.4835
   450.0000     0.0001    66.9280    73.4365   104.0210   -68.9523  -125.4120  -109.4870
   450.0000     0.0001    87.7615    82.6498   141.6190   -69.1455  -167.4310   -36.1423
   450.0000     0.0001    64.5528    98.1750    71.3863   -51.8672  -128.8540  -182.0170
   450.0000     0.0001    68.3051    53.0198   -68.8347   125.1070  -113.5860   -74.1617
   450.0000     0.0001    73.0794    94.4772    89.2254   -62.0930  -153.1200  -206.4690
   450.0000     0.0001    71.2938   102.5380     6.7294   312.5830  -174.6310   -15.1923
   450.0000     0.0001    85.7561   124.9590    50.8420   124.7480  -264.0570    25.2975
   450.0000     0.0001    56.4850   106.5500    75.9277   -40.7980   -73.8069  -197.5010
   450.0000     0.0001    46.2635   120.9550    56.8346   -65.4168  -222.1690    -7.6174
   450.0000     0.0001    63.3763    76.2239   101.0080  -129.7320   -97.7401  -110.5940
   450.0000     0.0001    -3.4639   130.2660   -20.3190   -87.7532   200.3070  -149.7790
   450.0000     0.0001    -5.3089   121.6200   -30.8036   -75.1989   148.1850  -175.3970
   450.0000     0.0001    85.5894   102.5930   134.9380    -0.6851  -136.8180   -89.0099
   450.0000     0.0001    58.7927    92.1756    54.9059   -52.8103   -83.2103  -186.6750
   450.0000     0.0001    57.9369    81.5739   109.4240   -93.8810   -81.3021  -141.0360
   450.0000     0.0001    53.8345    84.0370   102.8470   -72.0746   -88.8691  -150.6780
   450.0000     0.0001    74.4748    74.9631    93.2739   -91.3929  -102.6600  -118.8820
   450.0000     0.0001   155.4660   102.5240   201.3900    27.3579  -146.7930    57.1874
   450.0000     0.0001    91.2881    53.2843   130.2670   -73.3077  -133.1770   -12.9946
   450.0000     0.0001    50.9405   106.8920    80.0967   -57.2064  -101.3220  -178.6010
   450.0000     0.0001   102.2700    91.4054   124.7950   -37.9982  -144.8230   -84.6381
   450.0000     0.0001     8.5643   108.0480    -9.3919  -142.6830   131.7530  -210.2980
   450.0000     0.0001   -45.8890   114.5890  -101.3790   -48.6440   -27.3947   -81.3872
   450.0000     0.0001    31.8371   122.1550    12.1684  -184.0950   -10.0856  -378.5390
   450.0000     0.0001    93.8463    96.8962   114.9570   -62.7413  -123.4680  -104.5580
   450.0000     0.0001    61.3732   147.7100    66.3679   111.7460  -242.9970   192.5720
   450.0000     0.0001   130.2060    85.0271   203.5340    13.8078  -140.0580    42.5896
   450.0000     0.0001   170.3060    94.2109   201.6570    45.5008  -151.0580    62.9282
   450.0000     0.0001   152.7130    91.3113   204.6710    38.1877  -151.9990    65.2017
   450.0000     0.0001    43.0479    70.0713    58.0916   130.1400   -90.6570   237.8020
   450.0000     0.0001    20.8336   132.4350    16.2271   454.3030  -371.1440  -161.1220
   450.0000     0.0001    64.1345    78.2341   118.1540   -99.0287  -105.3070  -103.9410
   450.0000     0.0001   -78.7544   104.5890   -68.7588   -60.7889   -48.0133    -5.5525
   450.0000     0.0001    68.5576    83.1564   100.5680  -142.2560  -116.3570  -117.0590
   450.0000     0.0001   155.4660   102.5240   201.3900    27.3579  -146.7930    57.1874
   450.0000     0.0001   243.6670   175.8940   121.3640   135.3690  -147.9300    67.6199
   450.0000     0.0001    53.6830    62.3213    46.7725   176.4970  -117.1480   191.1910
   450.0000     0.0001   145.4910    81.4849   200.4730    26.4276  -152.4170    47.0658
   450.0000     0.0001   143.2110   110.9630   158.1240    23.0786  -151.1280    -5.0791
   450.0000     0.0001    58.0491    95.0397    64.7365  -100.7640  -123.0200  -166.1530
   450.0000     0.0001    51.0441    74.1428    73.5752   -62.3265  -104.6890  -167.9190
   450.0000     0.0001    72.6390   105.9230   105.1310   -31.0758  -150.7010  -155.8080
   450.0000     0.0001    82.7715    89.1082   121.2690   -94.1616  -140.2760   -75.5892
   450.0000     0.0001   166.0850    82.0883   124.3390    -6.9840  -174.0010    30.5246
   450.0000     0.0001   168.4300   110.2910   193.2170    41.9507  -170.3420    88.5978
   450.0000     0.0001    54.7447    75.5226    95.4631  -121.0650   -96.0926  -135.6030
   450.0000     0.0001    27.7265   133.2420    28.6829    62.9014  -246.5770  -465.7250
   450.0000     0.0001   101.3880    81.8262   120.9110   -67.0731  -143.3250   -61.0793
   450.0000     0.0001   111.6540    75.8462   189.4340    -2.1748  -138.6090    17.0206
   450.0000     0.0001   116.3390    64.8884   198.1790    -3.7563  -174.1630    58.6137
   450.0000     0.0001   150.9620    97.5682   180.1420    12.0999  -151.7410    39.5827
   450.0000     0.0001    46.4043    74.5793    58.8007   138.8520   -88.1648   240.1450
   450.0000     0.0001   127.2350   113.2880   179.0230     3.1397  -173.0220    32.7681
   450.0000     0.0001    64.8351    83.8288   105.0000   -64.6969  -118.9960  -117.3170
   450.0000     0.0001   158.3570   104.8470   180.7050    30.2593  -143.2240    31.4144
   450.0000     0.0001    13.8325   122.5310   -14.1732  -136.6270    71.6524  -287.6030
   450.0000     0.0001   101.1970    86.5550   124.6120   -66.5618  -147.8040   -51.5425
   450.0000     0.0001    48.9734    90.2746   113.2620   -98.7936  -122.0350  -151.8320
   450.0000     0.0001    58.7850    92.5350    60.8214   -46.4089   -77.7452  -191.3410
   450.0000     0.0001    74.9725    90.2221    97.9647   -96.9570  -152.8600  -158.3870
   450.0000     0.0001   158.4330    97.4620   182.1880    33.2373  -161.5720    59.6039
   450.0000     0.0001    56.1330    76.2900    16.8168   250.3560  -158.3280    98.5176
   450.0000     0.0001   145.1810    96.5378   171.2600    16.2440  -142.7590    13.9283
   450.0000     0.0001   146.5260    99.7667   214.2780    33.3365  -135.9230    57.0892
   450.0000     0.0001   124.2070   102.2840   140.5580   -12.0442  -165.5520   -30.8874
   450.0000     0.0001    32.8457   106.8590    22.1170   -94.5625    22.5303  -323.2680
   450.0000     0.0001   104.9670    70.2664   165.7680   -21.3803  -137.3750   -12.9937
   450.0000     0.0001    93.4482   154.8810    92.1249   -96.9105  -151.7180   -66.0843
   450.0000     0.0001    60.9984    97.7444    65.6912   -56.9384  -113.7710  -205.5080
   450.0000     0.0001   147.2320    80.6351   229.0090    48.3011  -150.8140    73.9917
   450.0000     0.0001    61.0402    89.7089   100.3520   -62.5042  -156.3320  -174.5050
   450.0000     0.0001    22.0715   109.5560    14.9236  -100.0460   112.9750  -307.9320
   450.0000     0.0001   105.9580    90.0970   163.3890   -33.6875  -176.3860     3.9981
   450.0000     0.0001    76.4710   103.1200   102.7420   -21.4611  -165.4720  -159.1330
   450.0000     0.0001    -6.6893   139.2110   -41.3354   -79.2812   134.3310  -121.0750
   450.0000     0.0001   102.5620    94.8551   122.7310   -27.4180  -134.2000   -97.4671
   450.0000     0.0001   133.9030    84.8160   215.0260    28.8196  -144.5770    52.9676
   450.0000     0.0001   108.5840    99.7261   163.9770   -36.9588  -144.0850    -3.6863
   450.0000     0.0001    46.7816    93.2410    47.3788  -100.1020   -48.3082  -214.1020
   450.0000     0.0001    48.6360    89.1360   102.3050   -43.1823  -100.5890  -128.1590
   450.0000     0.0001   157.1920    96.0947   160.5760     5.8688  -153.6840    33.7675
   450.0000     0.0001   -44.1567   123.3110  -100.3400   -37.2231   -28.0735   -57.5274
   450.0000     0.0001    46.4650    91.5772    65.3949  -132.8180   -95.2611  -160.8640
   450.0000     0.0001   101.1970    86.5550   124.6120   -66.5618  -147.8040   -51.5425
   450.0000     0.0001   245.4570   182.4530   127.4040   137.5510  -142.3220    73.4681
   450.0000     0.0001    45.5089    84.7538    60.4874   -32.1453   -65.3991  -186.2100
   450.0000     0.0001   158.3570   104.8470   180.7050    30.2593  -143.2240    31.4144
   450.0000     0.0001   132.9510   320.5880    89.1370   201.3860   -78.7468    76.5771
   450.0000     0.0001    53.0909   107.3050    83.6873   -48.8267  -116.3290  -194.7920
   450.0000     0.0001   129.7920    71.8043   164.0310   -12.0765  -147.5600    10.7162
   450.0000     0.0001   199.5530    94.6225   154.1010    58.7021  -165.9020    53.6919
   450.0000     0.0001   245.4570   182.4530   127.4040   137.5510  -142.3220    73.4681
   450.0000     0.0001    57.2085    84.7871    26.7671   234.4170  -141.4600   149.9270
   450.0000     0.0001    41.5493    89.5865    73.0756   -92.9839   -68.2802  -177.7070
   450.0000     0.0001    57.1961    88.7491   102.8570  -152.3980  -136.7060  -142.8230
   450.0000     0.0001   -31.1625   145.9040   -44.7111   -82.4626   126.7310   -90.1247
   450.0000     0.0001    60.9370    85.2308   134.3710   -83.5392  -133.6610   -85.1250
   450.0000     0.0001    30.6094   113.2270    13.8214   -99.9678    26.0257  -366.4640
   450.0000     0.0001   -14.4273   143.9680   -43.1751   -72.7212   117.7380  -132.3730
   450.0000     0.0001   106.7450    83.5490   124.3690   -57.7172  -156.5470   -52.7408
   450.0000     0.0001    82.3176    98.6993   119.2650   -29.8251  -158.9410  -120.7890
   450.0000     0.0001   -63.0651   127.1230   -79.1121   -69.7247   -13.7369   -36.4955
   450.0000     0.0001    -4.8078   123.0050   -30.6845   -64.5069   114.8400  -213.9400
   450.0000     0.0001    23.0199    98.6011     3.0278  -150.1730    85.9311  -233.7520
   450.0000     0.0001   173.2390   259.7150    88.8517   190.3920  -124.8610    66.8767
   450.0000     0.0001   -78.7544   104.5890   -68.7588   -60.7889   -48.0133    -5.5525
   450.0000     0.0001   182.5310    95.8338   166.7180    39.8144  -156.4250    48.3860
   450.0000     0.0001   109.3680    70.2813   145.3940   -47.7622  -144.9200   -11.9156
   450.0000     0.0001   131.5650   109.1760   180.6010    -2.9523  -143.0160    22.0133
   450.0000     0.0001    51.0904    92.9993    52.3295   -91.5339   -80.6331  -211.2080
   450.0000     0.0001   127.7780    80.7133   153.3170   -13.9846  -147.4430   -10.0999
   450.0000     0.0001    50.3641    83.5460    64.3383   -60.9165   -64.0163  -166.6600
   450.0000     0.0001    49.6154    76.0215    95.1029   -50.4937   -98.3504  -151.6360
   450.0000     0.0001    54.4526    95.4262    61.5459   -89.4453   -76.4393  -173.9440
   450.0000     0.0001    48.1669   107.6060    69.7713   -87.9379   -63.3103  -231.0410
   450.0000     0.0001   162.3460    96.7912   216.8890    57.3023  -147.3600    69.8214
   450.0000     0.0001    85.8111    90.4974   109.8320   -75.6264  -116.8750  -121.7580
   450.0000     0.0001    45.2017   101.2090    91.5531   -50.3129  -113.8760  -171.5960
   450.0000     0.0001   101.9380    91.8506   103.7390   -69.5750  -147.0040   -70.2249
   450.0000     0.0001    76.3687    86.1110   130.8970   -68.4316  -110.1990   -86.4682
   450.0000     0.0001   118.9920    73.5471   190.3730   -12.3816  -171.3280    46.8317
   450.0000     0.0001    52.4633   105.5510    14.3441   344.5760  -190.4340    51.9112
   450.0000     0.0001   204.1440   136.6220   143.1920    55.4662  -166.6780    58.4456
   450.0000     0.0001    76.4701    86.1390    95.7412  -108.2520  -141.6910  -153.6090
   450.0000     0.0001   137.9260    95.9984   155.7770    -5.6917  -141.5040     0.0591
   450.0000     0.0001    41.5257    80.8111    28.8375   192.8560  -176.1250   198.5070
   450.0000     0.0001    95.2070    90.5750   116.1330   -54.5662  -125.8490  -104.8740
   450.0000     0.0001   158.9560   180.2520   163.4570    30.5634  -108.2350    42.6337
   450.0000     0.0001   143.2050   108.2350   180.8470    14.8294  -148.5700    26.5615
   450.0000     0.0001    86.2436    86.1644   160.2980   -39.8460  -122.3490   -34.1724
   450.0000     0.0001   137.3510    81.5545   185.4680     1.8238  -173.3320    56.1989
   450.0000     0.0001     6.9394   139.3920   -28.2760   -95.0473   132.8310  -205.2960
   450.0000     0.0001    35.7414   186.6890    35.0181     1.8050  -333.1300   -62.7377
   450.0000     0.0001    58.7927    92.1756    54.9059   -52.8103   -83.2103  -186.6750
   450.0000     0.0001    74.5256    99.5721    91.3749   -55.4431  -176.5680  -168.9720
   450.0000     0.0001    -5.4759   155.6190   -51.4382   -46.2255   106.0790   -86.3733
   450.0000     0.0001    42.5632    82.1098    74.2850   -64.1925   -83.8438  -156.2300
   450.0000     0.0001    53.2912    84.3544    65.9083   -86.8194   -68.9650  -132.2960
   450.0000     0.0001   142.4720    87.9151   178.7380     3.3895  -155.5770    36.5725
   450.0000     0.0001   -33.6181   137.9730   -55.0863   -99.3744    59.6493   -80.9101
   450.0000     0.0001    53.3635    73.0483    80.3122   -64.0185  -107.0890  -156.5780
   450.0000     0.0001    77.6347    86.1616   140.9590   -75.9107  -133.2380   -57.0371
   450.0000     0.0001     5.5051   144.0660   -21.2122  -138.8810   166.0120  -166.0450
   450.0000     0.0001    56.7742    67.5138    89.1365   -93.4595   -96.0584  -125.6870
   450.0000     0.0001    62.2251    97.4201    30.1070   264.2710  -121.4100   167.5140
   450.0000     0.0001    57.8893    94.8081    26.8587   270.3460  -243.2430   124.2560
   450.0000     0.0001    81.2009    86.9123    90.6752   -81.0386  -189.5640  -136.2720
   450.0000     0.0001    52.6103    88.9336   106.9890   -99.3513   -73.3369  -161.3810
   450.0000     0.0001    76.5517   110.0020   110.6720   -13.1956  -168.8300  -135.4260
   450.0000     0.0001    56.3138    81.2075    44.8404   185.9490  -145.6360   173.8270
   450.0000     0.0001    46.7984   107.2600    80.4621   -75.2464   -74.1393  -183.7210
   450.0000     0.0001    58.4740    88.5682   103.8180  -113.8940   -69.3103  -161.1750
   450.0000     0.0001   229.7310   247.7530   123.3580   151.5830  -117.8300    77.7144
   450.0000     0.0001   -30.1975   135.1250   -83.3610   -44.4726    12.5249   -75.2381
   450.0000     0.0001   101.0320    92.6467   125.1960   -40.1715  -131.5030   -87.0211
   450.0000     0.0001    43.0844   102.4450    20.1158   273.3790  -262.5420   127.2320
   450.0000     0.0001    75.3314    91.5364   102.5460   -93.3836  -147.3730  -151.7880
   450.0000     0.0001    98.5555    83.0878   156.7150   -46.2642  -134.2320   -19.6987
   450.0000     0.0001    85.8292    90.9358   143.5830   -55.9461  -129.2670   -61.3624
   450.0000     0.0001    46.7625    86.8815    99.2772   -48.9530  -103.1160  -139.6860
   450.0000     0.0001    92.1457    93.5651   117.4460   -61.2239  -131.3910  -103.5470
   450.0000     0.0001    68.6660   112.7430    93.8333   -39.0503  -183.9280  -162.6220
   450.0000     0.0001    47.3757   104.5580    54.1858  -102.5100   -15.8219  -201.1730
   450.0000     0.0001    51.7111    86.0114   100.6560   -34.9622  -104.1710  -143.5590
   450.0000     0.0001   105.3060    90.5065   159.4870   -42.3881  -156.8020    -8.7335
   450.0000     0.0001    85.7579    84.3181    96.2724   -95.2342  -173.1830  -103.6970
   450.0000     0.0001   -27.8080   144.8780   -54.1968   -89.3499    93.3749   -73.1127
   450.0000     0.0001   -64.8532   112.0970   -85.3602   -64.8534   -38.0199   -40.4496
   450.0000     0.0001    72.6770    99.0046    20.6301   255.4640   -90.5807    97.4587
   450.0000     0.0001    57.5595    79.2681    32.6154   218.9180  -144.2410   163.3580
   450.0000     0.0001   178.9610   112.1700   210.2050    60.6268  -139.0910    85.1012
   450.0000     0.0001    71.8358    96.8797    88.4485   -84.7712  -163.6340  -159.5310
   450.0000     0.0001   135.4970    78.1526   155.0250   -26.6919  -170.4510    38.2578
   450.0000     0.0001    70.2711    78.1134    86.2194  -102.8040  -134.2340   -92.9405
   450.0000     0.0001    60.9967    95.8371   116.8900   -80.8154  -108.6040  -143.3800
   450.0000     0.0001   183.4710   110.1410   193.2810    46.4718  -147.6500    74.6100
