#         t          m          x          y          z         vx         vy         vz
   535.0000     0.0001    93.4921    94.9488    67.6708   263.3540  -365.4300   -11.7642
   535.0000     0.0001    77.5447    71.3895    64.7103    11.1630  -249.7920  -143.4450
   535.0000     0.0001   100.3030    -8.6613   111.4860   -98.3088     9.0485  -158.9700
   535.0000     0.0001    81.7279   151.6070    73.3096   103.8570  -223.3530   163.4730
   535.0000     0.0001    69.7580    62.1272    54.2571  -123.8460   -83.8061  -133.8640
   535.0000     0.0001    77.1514   100.1360    72.6164    74.0859  -406.2010   -52.6791
   535.0000     0.0001    33.8624   233.5730     3.2750    93.9016    54.9978   144.6120
   535.0000     0.0001    64.9818   251.4800    -2.9731   126.0450    87.6353   129.1630
   535.0000     0.0001   129.0810    62.5706    41.3510  -151.3690   104.8250   100.2720
   535.0000     0.0001     8.1730   248.7960   -58.1621    59.3437   147.7070    38.1691
   535.0000     0.0001    90.4377   -19.9548   118.1970   -95.3701     3.9950  -145.6150
   535.0000     0.0001    -9.5174   253.7120   -62.5158    32.8205   151.5590    30.7610
   535.0000     0.0001    72.5138   265.5620   -70.2846    75.6536   141.1990    13.4052
   535.0000     0.0001    69.5075    67.7782    58.1419   -95.9256  -220.4210  -140.8580
   535.0000     0.0001    61.6102   163.3800    60.3596   108.2690  -150.0270   215.4120
   535.0000     0.0001   312.6480     1.3100   165.7330   -12.6452  -127.3490     7.7738
   535.0000     0.0001    21.6854   270.6060   -31.8711    41.5721   149.9470    64.3950
   535.0000     0.0001    74.8981    67.6847    69.9898   -30.1175  -176.5580  -148.1630
   535.0000     0.0001    68.6006   146.5760    57.7742   117.8510  -258.2370   159.1090
   535.0000     0.0001     6.3183   273.2660   -27.1187    28.9696   125.5250    72.8457
   535.0000     0.0001    19.7486   107.4800    37.9880   331.2120   -14.2456   197.7250
   535.0000     0.0001     3.3930   244.8280   -39.8505    42.6271   103.3820    69.9093
   535.0000     0.0001    74.8473   191.2850    45.0728   121.2970   -80.1376   124.5330
   535.0000     0.0001   -18.0550   251.1140   -69.3006    33.9057   150.2640    12.1943
   535.0000     0.0001   107.1550   -40.7941   155.6660   -50.2183   -23.0452  -125.6060
   535.0000     0.0001    16.8059   268.5820   -27.0890    69.8870   125.8070    69.2522
   535.0000     0.0001     8.9579   238.4760   -30.4507    58.6928    98.7501    89.3219
   535.0000     0.0001    15.2377   226.5590   -67.7404    68.9857   152.3030     7.6065
   535.0000     0.0001    41.6699   115.2500    -5.2992    52.9360   296.0530   -41.6702
   535.0000     0.0001    71.6291   251.8110    14.2629   136.6360    67.1612   145.0120
   535.0000     0.0001    77.7704    86.6765    78.0852   -19.3193  -313.7730   -62.3073
   535.0000     0.0001    10.1363   281.2040   -74.6386    21.2991   174.2130     7.6710
   535.0000     0.0001    94.5123    42.5253    44.7145    56.4556  -199.8130  -109.9950
   535.0000     0.0001    78.4439    61.5143    65.1883   -41.2891  -103.5630  -127.8160
   535.0000     0.0001   125.2640   122.2070   108.6680  -170.8370    69.9597   -96.4101
   535.0000     0.0001   -10.1187   267.5250   -45.0799    35.5761   140.6860    44.5228
   535.0000     0.0001    14.3983   189.9770   -32.6870    56.2491   174.3850    42.5885
   535.0000     0.0001    27.4977   179.1000   -31.4461    95.2212   183.7500    27.6183
   535.0000     0.0001    77.2676   124.9420    74.6245    22.5432  -406.4040   115.6450
   535.0000     0.0001   262.8110    86.7002   130.8770    -2.3572  -191.7220     2.9418
   535.0000     0.0001   104.3550   -20.5224   117.6730   -96.0107     4.3579  -138.5810
   535.0000     0.0001   298.5440    20.7074   144.0140   -21.6662  -138.0250     3.7256
   535.0000     0.0001    77.5803    -7.5242    88.7210  -111.8350    40.6324  -163.4520
   535.0000     0.0001   183.7580   -32.7909   224.2180   -39.0960   -80.6643   -55.7627
   535.0000     0.0001   116.7550   -60.3630   165.3590   -73.0798   -52.3603   -87.7467
   535.0000     0.0001     0.3207    93.1832   -12.1710   172.8030     5.1189   213.9440
   535.0000     0.0001    67.9577   160.1700    56.5246    79.0941  -210.9790   154.4590
   535.0000     0.0001    -7.6643   155.2030   -47.5927    -0.9837   173.9820    30.1666
   535.0000     0.0001    46.5293   230.7830   -20.4307   116.9960    46.3133    93.4859
   535.0000     0.0001    78.2742    89.7504    67.7108    59.1318  -375.4250   -85.7394
   535.0000     0.0001    55.8913    24.7782    61.1279   -91.3110   107.8510  -222.8870
   535.0000     0.0001    34.3863   251.5940   -27.9467    79.3463   148.2310    72.2375
   535.0000     0.0001    32.3664    68.2413    16.3656   -12.4498   247.5330  -178.0240
   535.0000     0.0001    61.2677   229.5780    18.9282   131.9930   -29.7354   130.7610
   535.0000     0.0001    26.3847   254.6910    -0.2979    92.0262   105.3290   113.7200
   535.0000     0.0001    61.3187   179.7390    56.4880    95.7098   -99.4821   172.5290
   535.0000     0.0001    44.5248   267.2280   -25.2595    66.9186   103.8930    63.8869
   535.0000     0.0001     6.1410   236.2930   -33.9269    60.5025   114.4390    81.9194
   535.0000     0.0001   151.9000   -47.3076   170.5490   -65.5587   -54.3677   -84.5578
   535.0000     0.0001    -6.7775   259.4340   -46.1785    38.2612   141.9130    49.7410
   535.0000     0.0001    13.3443   216.5320   -49.3370    60.9216   115.1190    73.9479
   535.0000     0.0001    47.8405   102.4100    -2.2393     3.2133   268.7520  -153.9660
   535.0000     0.0001   216.7910   -43.5134   224.6940   -31.2061   -81.4164   -33.6745
   535.0000     0.0001    63.8514   189.3750    35.9525    83.6145   -67.1572   158.1080
   535.0000     0.0001    86.8998    90.1792    74.4333    82.7216  -306.8900  -122.7070
   535.0000     0.0001    -7.5075   126.3950   -60.2402    64.5911   161.7860   -57.9478
   535.0000     0.0001    60.6891    65.8192    59.2893  -101.3090   -68.4583  -168.3180
   535.0000     0.0001    78.1735   241.5500    14.9261   137.0930    38.8272   154.1600
   535.0000     0.0001    67.5894     9.2199    84.0651   -76.4089    77.2170  -201.9850
   535.0000     0.0001    62.8839   163.5050    41.7830    72.5728  -213.7480   145.0900
   535.0000     0.0001    68.1007   258.1810    10.5208   113.2800    91.5130   148.6320
   535.0000     0.0001    37.0145   228.2160     1.9071   112.1880    43.4765   136.2480
   535.0000     0.0001    44.6764   248.3900   -34.1167   102.2540   108.1120    85.9552
   535.0000     0.0001    22.9750   246.4740    -6.6537    92.9853    91.1060   107.3970
   535.0000     0.0001    32.0600   101.4420   -20.3101   -30.9653  -164.6450   -48.7864
   535.0000     0.0001    29.2600   276.2260   -58.4978    59.1815   166.7450    34.6812
   535.0000     0.0001   -17.8904   262.0630   -58.4555    15.4217   145.6700    33.7082
   535.0000     0.0001    62.0284    63.0015    44.1429   -93.7416   -59.8918  -167.0350
   535.0000     0.0001    68.2059   141.8550    54.8022  -169.0310   -81.3631  -288.8350
   535.0000     0.0001    48.6114    12.6320    51.1916   -90.9013   138.5410  -168.2280
   535.0000     0.0001    76.0517   141.1920    66.2309    90.3492  -249.1050   235.4520
   535.0000     0.0001   178.4470   -49.9734   184.9740   -55.9724   -82.6651   -57.7226
   535.0000     0.0001    52.0275   243.7470   -10.8356   121.8670    84.1157   118.2960
   535.0000     0.0001    18.1076   252.9470   -17.9059    82.7152   115.5090    85.1579
   535.0000     0.0001    73.0409    76.9193    65.6458   -77.8162  -264.0050  -161.9020
   535.0000     0.0001    -7.4213   157.2110   -45.0176    43.7433   174.7480     9.1545
   535.0000     0.0001     8.0203   272.3740   -51.7179    51.6971   162.9020    36.3732
   535.0000     0.0001    15.5219   239.5290   -14.5515    69.3126    72.1131   106.2740
   535.0000     0.0001    26.4060   250.2070    -0.3164    98.9091    72.1729   100.5080
   535.0000     0.0001    62.6560   243.9380    14.0541   111.4230   121.2100   148.3610
   535.0000     0.0001    51.1593   227.8900    -0.6223    93.7277    28.7488   149.4830
   535.0000     0.0001    21.8367   249.6730   -16.6586    88.2287   109.7760    92.3358
   535.0000     0.0001    76.6722   117.5120    71.6220   113.1040  -411.6030    72.4952
   535.0000     0.0001    52.5800   193.1260    43.2785   115.3940   -45.1624   132.1130
   535.0000     0.0001    64.6101   238.7990    26.3870   112.1100    65.9876   202.1930
   535.0000     0.0001    13.7248   241.3200   -47.5406    61.6773   138.0420    61.1502
   535.0000     0.0001    43.9883   237.6980    -5.0786   123.3770    89.9558   119.4770
   535.0000     0.0001    75.1714   130.6670    76.9948   141.4850  -299.2270   155.0500
   535.0000     0.0001    85.2152   152.4790    69.2191    75.3478  -257.7100   120.6250
   535.0000     0.0001    70.4488    69.0360    74.9375   -62.2004  -206.7950   -88.5558
   535.0000     0.0001    61.5298   246.6110    18.0378   129.4040    37.0868   140.9880
   535.0000     0.0001    78.3419   240.2740     9.3833   141.8500    19.7056   104.8880
   535.0000     0.0001    64.6924   234.0840    10.3489   113.0250   -15.0601    98.5184
   535.0000     0.0001    57.5813   133.1310    27.4729  -136.9470  -133.0680  -267.0450
   535.0000     0.0001    52.6018   235.0720   -18.9570   116.4510   139.5310    88.1057
   535.0000     0.0001    71.3608   270.8310    21.8210   107.1380   111.7000   139.5300
   535.0000     0.0001    31.4008   155.0350   -66.1040    75.1916   173.4600   -15.2639
   535.0000     0.0001    83.1516   254.1430    28.2433   105.3510    47.6686   136.9540
   535.0000     0.0001    83.1620   -26.2926   105.1080   -95.4807    26.9112  -136.9880
   535.0000     0.0001    11.8749   248.0680   -64.0363    68.0355   150.6840    24.9401
   535.0000     0.0001    54.6749   258.9500    22.4327    82.6111   105.1030   164.7860
   535.0000     0.0001    70.7003   238.4930    29.2278   143.9000    12.0778   159.8470
   535.0000     0.0001    52.1696   231.9380  -108.7440    67.8352   142.2020   -15.9297
   535.0000     0.0001   148.4010    51.7831    61.9802   183.3630  -149.1720    15.2054
   535.0000     0.0001    86.0457    81.3017    61.4595    21.2547  -255.9770  -224.4430
   535.0000     0.0001    80.9508   -10.2057    91.4001  -107.8610    39.4410  -158.9020
   535.0000     0.0001    38.9596   271.7860   -10.2397    98.8104   108.3890    76.6889
   535.0000     0.0001    78.7275   185.5400    56.5835   105.7290  -116.8080   137.7540
   535.0000     0.0001   207.1880   -32.0179   215.9590   -43.7175   -94.9908   -35.1774
   535.0000     0.0001    56.7492   227.2760    13.2941   127.5960   -11.0451   157.0690
   535.0000     0.0001    24.0853   235.1440   -17.7093    83.0660    73.3336   106.7500
   535.0000     0.0001    28.2754    85.7508     0.6157    34.0371   256.0280  -141.5290
   535.0000     0.0001    23.7143   262.0660     6.2581    81.9153    96.3027   109.3290
   535.0000     0.0001    60.7255   231.4070    18.5691   132.2210     1.4387   143.5740
   535.0000     0.0001     9.4382   252.6490   -89.6832    53.5054   150.6790    -0.8897
   535.0000     0.0001    54.8468   230.2020    13.8800   119.6350    22.9903   149.6220
   535.0000     0.0001    33.7698   220.7210    17.3365    83.1003    20.0715   172.7420
   535.0000     0.0001   136.6530   -43.0131   170.2500   -67.1622   -52.8533   -87.8430
   535.0000     0.0001   -22.3028   179.9290   -58.1816    41.5445   152.4910     9.5350
   535.0000     0.0001    30.0880   265.6370    -6.6093    86.3416   103.6140    95.2543
   535.0000     0.0001    64.5366   228.5670   -36.2144    98.2305   136.1430    51.5503
   535.0000     0.0001    42.8823    77.2915   -15.3898    11.6516  -117.6630   124.7730
   535.0000     0.0001    66.6399   -10.7309    96.6524   -84.4401    19.3868  -180.2760
   535.0000     0.0001    19.4094   180.0070   -30.5396    89.3910   180.1530    29.9199
   535.0000     0.0001    85.3559   153.9040    70.7705    73.0175  -288.9950   140.1610
   535.0000     0.0001    -8.5828   206.1760   -35.1707     4.5583   128.2630    71.8197
   535.0000     0.0001    37.0840    34.7596    29.9705   -79.3563   186.6770  -167.0110
   535.0000     0.0001     3.0399    65.3871   -65.8199    62.1428     4.2145   114.0320
   535.0000     0.0001    78.0026    80.7807    67.6718    41.5902  -311.1190  -130.9120
   535.0000     0.0001   143.5300   -50.5132   141.1360   -82.6959   -38.9190   -85.5256
   535.0000     0.0001    76.7834   129.2460    65.0025   184.5090  -339.8810   129.4800
   535.0000     0.0001   -26.7510   256.2490   -73.6116     2.9906   154.8020    14.7116
   535.0000     0.0001     0.9329   251.9280   -42.9249    32.8250   109.2920    63.2641
   535.0000     0.0001    71.4255   190.1030    29.0708     4.8366  -110.3090   181.7070
   535.0000     0.0001    82.3229   113.5110    72.7575  -253.2790   141.7800  -263.6120
   535.0000     0.0001   301.9920   -53.9204   247.6080     8.0943  -121.0410    20.1463
   535.0000     0.0001    66.0828   260.3010    15.8788    88.8635    69.8572   143.1790
   535.0000     0.0001    27.9694   188.1430    -7.1333    70.9375   194.4630    67.5641
   535.0000     0.0001    34.7968    60.5860    11.2929   -19.6901   216.1600  -193.5830
   535.0000     0.0001    62.2665   208.0030   -33.3938   117.6180   149.5910    52.4996
   535.0000     0.0001    39.9390   239.3970    -8.6529    75.9516    48.6483   128.5030
   535.0000     0.0001   -13.2749   208.2160   -66.2973    20.8973   147.2200    15.2210
   535.0000     0.0001    48.8237   125.3560    21.9545   103.5870   294.4350    77.1520
   535.0000     0.0001    87.2612   153.1980    76.5894    45.6123  -231.9710   148.0880
   535.0000     0.0001    47.8844    32.5228    48.7343   -90.7075   156.6280  -205.8550
   535.0000     0.0001    36.6060   175.8650   -83.2798    77.8444   154.7970    -6.3908
   535.0000     0.0001    60.4936   252.6570    32.8444   104.1920    90.9338   182.5450
   535.0000     0.0001   111.4000    46.3634    58.9948   121.6120  -216.1840   -38.3612
   535.0000     0.0001    71.1297    82.1220    71.1891   -90.2610  -282.4330  -153.0140
   535.0000     0.0001    63.3097   183.8440    35.2623    51.4239   -74.6397   165.4970
   535.0000     0.0001    65.4369   176.2840    59.6257   120.7320  -119.9780   159.8850
   535.0000     0.0001    34.3191   117.5060   -12.9105    85.6107   259.3140   -64.2708
   535.0000     0.0001    66.9768    62.8538    59.8272   -70.8281  -128.9630  -155.8920
   535.0000     0.0001     9.0339   267.4340  -113.0510    29.4839   153.3460   -32.4677
   535.0000     0.0001    39.8458   227.7300     7.0498   115.1270    45.8568   148.5370
   535.0000     0.0001    81.2537    77.0768    69.9930    17.8969  -297.2810   -40.1875
   535.0000     0.0001    62.5248   277.9150   -26.8563    73.4455   114.2400    74.0226
   535.0000     0.0001   -25.4168   237.1540   -68.1633    36.7267   134.2400    10.2094
   535.0000     0.0001    64.7238   232.1550     6.4714   116.1170     7.0238   140.8320
   535.0000     0.0001    73.2120   153.9130    68.8628    62.3248  -292.2030   154.8670
   535.0000     0.0001    67.2172   238.6790    13.2893   123.8640     8.1227   134.7670
   535.0000     0.0001   -40.8363   186.5240   -93.9260    -6.3614   131.0800    -6.3496
   535.0000     0.0001    82.5561    76.1785    65.4811    57.5288  -272.7320  -135.7280
   535.0000     0.0001    76.2275    70.9109    62.1530   -17.2785  -228.4390  -171.5370
   535.0000     0.0001    95.4954   125.2640    89.1645  -152.2800   115.1980  -227.8250
   535.0000     0.0001    54.0155    99.6606   -13.8366   -46.6981  -202.5080   -83.0282
   535.0000     0.0001    78.1567    60.7427    48.4023   -38.7806   -98.1517  -154.3910
   535.0000     0.0001    65.6020   263.5980    -2.0521   110.1660    85.4685   113.2510
   535.0000     0.0001    84.1984   179.4400    63.2762    60.0603  -146.9210   149.6330
   535.0000     0.0001    59.0982   162.2990    48.7848    96.9416  -159.2010   184.2900
   535.0000     0.0001    72.7162   157.5190    69.8719   148.6120  -256.1910   118.7680
   535.0000     0.0001    30.8045   105.0390    -4.5731   -33.8228  -220.1330   -67.2004
   535.0000     0.0001    67.8680   200.4550    49.9875   125.7680   -49.2757   160.6500
   535.0000     0.0001   169.9900   -66.4795   224.5230   -23.4679   -74.7794   -57.3510
   535.0000     0.0001    32.3564   174.7770    25.6169   161.3430  -106.0550   193.6430
   535.0000     0.0001    83.6894   102.6360    70.1328    82.1111  -448.7420   -66.6264
   535.0000     0.0001   -38.8534   197.2660   -79.4493     7.7123   134.1660     5.2959
   535.0000     0.0001   -22.6300   230.5950  -107.8370    18.1164   157.0700   -36.3019
   535.0000     0.0001    44.8312   178.3550    31.7580    86.5549   -86.0332   154.4970
   535.0000     0.0001    12.7940   278.8540   -58.7465    22.7182   148.6560    35.8055
   535.0000     0.0001    33.8625    86.0540    29.8511     6.4714   305.7420   -38.1986
   535.0000     0.0001    78.5558    69.3912    63.8279    -1.9626  -228.8430  -131.5070
   535.0000     0.0001   105.1760    78.6499   109.6510   -75.6576   142.7500  -119.6240
   535.0000     0.0001    34.7694   272.1260    -9.8427    70.0768    98.1410    93.2579
   535.0000     0.0001    77.9571    68.2075    65.9138     4.0410  -189.2270  -168.3430
   535.0000     0.0001   276.9300    66.5388   163.6380   -25.3401  -158.5610    11.3555
   535.0000     0.0001    86.4098    84.0494    76.7553   -46.1977  -314.0930    36.3500
   535.0000     0.0001    36.7119    30.5208    39.0042   -58.3836   163.3090  -196.5210
   535.0000     0.0001    76.6394    91.8694    70.8486   -10.6624  -385.7640   -25.6616
   535.0000     0.0001    86.7389    -4.7703   111.0100   -97.6909    -1.2094  -172.0410
   535.0000     0.0001    84.7315    83.4848    70.1059   -42.3349  -323.9170   -95.7973
   535.0000     0.0001    14.2687   142.0320   -74.2652    57.3006   170.2780   -31.8838
   535.0000     0.0001    22.9594   233.6040    -7.8295    59.6936    47.2282   125.0440
   535.0000     0.0001   109.8440    92.1069    60.2507  -272.2530   122.0420    68.6960
   535.0000     0.0001    48.4336    51.8517    38.8038  -162.6520   178.2510   -80.3016
   535.0000     0.0001    58.7122   234.7490   -74.8353    55.5770   134.8020    27.5312
   535.0000     0.0001    35.5780    74.4864     1.7708    73.4516   252.1680  -147.9750
   535.0000     0.0001    -7.7811   220.2600   -46.9934    39.8022   148.5520    32.0472
   535.0000     0.0001   146.3870   -72.8712   198.7050   -46.5704   -68.7000   -64.4412
   535.0000     0.0001     6.4211   256.7690   -23.6861    60.7286   122.9670    81.0359
   535.0000     0.0001    72.6907    63.2782    61.9324   -48.5869  -177.8640  -145.0990
   535.0000     0.0001    42.7484   197.1530    26.4319    91.5779   -22.1068   144.5290
   535.0000     0.0001    19.0077   186.2040   -10.6916    77.5829   178.7290    47.2902
   535.0000     0.0001    41.7656   146.9520   -14.9112   109.8280   239.4350   -18.5631
   535.0000     0.0001    31.4305   242.1400    -8.5490    82.2659    52.9422   109.4570
   535.0000     0.0001    38.7486   245.7800   -16.1056   107.7400    92.5168   104.1230
   535.0000     0.0001    45.5697   253.7570    -2.3383   110.2980   110.3820   114.4730
   535.0000     0.0001   155.3510   -47.5436   205.5350   -41.0409   -61.3138   -75.3962
   535.0000     0.0001    62.6642   243.7050    -9.8340   109.6350   132.0440   107.8940
   535.0000     0.0001    43.9830   263.0780   -18.5499   100.4640    98.2795    85.9777
   535.0000     0.0001    80.9879    95.9011    63.6375    34.6901  -467.1260   -78.7744
   535.0000     0.0001    81.5960   152.4480    68.6340    59.3716  -257.7160   134.3900
   535.0000     0.0001    85.1050   169.4230    41.7010   141.7330    46.8492   190.4670
   535.0000     0.0001    80.8877    94.8659    71.6722    92.9526  -361.5710  -104.0490
   535.0000     0.0001    32.0600   101.4420   -20.3101   -30.9653  -164.6450   -48.7864
   535.0000     0.0001    74.9508    70.6339    58.2288   -50.6839  -201.3050  -182.7050
   535.0000     0.0001    78.5933    97.5149    74.3539   -55.7753  -379.8650   -71.4169
   535.0000     0.0001    81.6139    87.6835    61.4811   -28.7537  -347.1040  -195.4280
   535.0000     0.0001    49.2778   278.2080   -33.1304    82.9724   151.8560    71.5830
   535.0000     0.0001     3.0336   231.9270   -55.0086    42.5530   148.2700    24.3364
   535.0000     0.0001    97.2777    -7.7123   126.7090   -92.1521   -11.0095  -157.6770
   535.0000     0.0001   251.2260   -32.5639   194.4830   -37.3874  -116.2850    -5.1141
   535.0000     0.0001   -13.9273   207.1200   -91.8676    52.8784   140.7540   -32.8433
   535.0000     0.0001    72.8664    62.7936    56.4504   -69.6507  -157.8430  -158.0430
   535.0000     0.0001    78.2155   109.5420    78.9680   -24.4185  -382.1490    23.9000
   535.0000     0.0001    63.4214   227.8760    11.3918   119.3520   -20.6330   143.7290
   535.0000     0.0001    87.1741    78.9658    70.9050    -5.4741  -304.6240   -12.8194
   535.0000     0.0001    21.1157   260.0300   -41.3412    71.5497   150.5850    41.2486
   535.0000     0.0001    91.2927    82.9378    82.2715   -37.9603  -279.1480     6.2580
   535.0000     0.0001    68.2824   259.1630   -48.5924    67.3565   141.1630    65.5039
   535.0000     0.0001    57.5348   248.3400     5.6328    86.0145   117.9150   152.3770
   535.0000     0.0001    89.0252   148.6280    57.5179    85.6307  -207.7880   230.8560
   535.0000     0.0001   156.6290   -46.5775   212.2100   -33.0644   -62.0141   -74.7018
   535.0000     0.0001    14.2757   281.1070   -17.2355    27.8011   144.4290    85.6154
   535.0000     0.0001    49.8216   149.8200    46.1983   212.3470  -219.0290   206.8730
   535.0000     0.0001    62.4266   185.9530    25.0460   121.0670   -37.2321   161.0950
   535.0000     0.0001    47.1760   255.3150     2.3840   115.4770    72.1293   112.8040
   535.0000     0.0001    12.2459   262.6360   -34.2772    30.5044   107.1740    69.8743
   535.0000     0.0001    46.9175   249.0130   -39.8451    78.5496   145.6490    63.4350
   535.0000     0.0001    42.1700   172.1740   -12.4536   106.0800   213.5840    37.3929
   535.0000     0.0001    73.5733    -5.1304    88.3202  -121.6290    49.5417  -155.1370
   535.0000     0.0001    25.7758   214.3540   -98.3806    80.8142   136.7280   -27.7025
   535.0000     0.0001    58.9716   246.5360    14.6898   110.4900    25.2580   131.2340
   535.0000     0.0001    66.5081   264.2160    17.9096   110.5950    82.8018   139.3160
   535.0000     0.0001    -8.0658   272.7570   -62.5562    11.3299   155.3820    26.4452
   535.0000     0.0001    81.0562   143.8800    76.1294   134.3390  -302.5340    87.7320
   535.0000     0.0001    94.4707    80.8023    64.2862   141.3530  -335.0340  -115.0790
   535.0000     0.0001    16.6818   155.8190   -12.8899    17.3989   222.1700    50.3354
   535.0000     0.0001    42.6550   254.0350    -2.2271   118.3110    91.9693   103.0240
   535.0000     0.0001    31.9538   247.9270    10.8132   104.0030    73.7758   123.6470
   535.0000     0.0001    50.8603   241.0220     4.5126   130.2620    53.8710   129.8770
   535.0000     0.0001    74.9034   173.2740    30.7495   122.3710   -82.9249   198.3810
   535.0000     0.0001    70.7414   181.7330    30.2962    69.4779   -82.6758   154.0810
   535.0000     0.0001    18.3518   253.3670   -55.6512    74.2915   139.8920    40.1800
   535.0000     0.0001    80.1985    89.9128    71.8410    24.7064  -346.6310   -96.8152
   535.0000     0.0001    74.1277   139.0600    64.1480   164.1890  -296.0830   132.7180
   535.0000     0.0001    30.4461   275.0930   -48.4931    48.0693   161.7130    43.9988
   535.0000     0.0001    28.8431   247.1640   -16.8223    96.9536    93.3473    97.9100
   535.0000     0.0001    46.2355   216.8120   -40.6786   107.8260   146.5040    38.6459
   535.0000     0.0001    79.4512   127.6770    70.2180    17.3455  -375.3580   117.8780
   535.0000     0.0001    32.8962    96.8528     4.5219     4.4626   291.6410  -101.2210
   535.0000     0.0001    35.7892    54.9845    35.3319   -71.2725   215.1420   -79.5533
   535.0000     0.0001    68.0310    18.1265    76.3104   -84.1850    85.1869  -218.5120
   535.0000     0.0001    80.3874    96.2038    73.6682   119.5180  -371.1890   -44.8379
   535.0000     0.0001    70.4729   151.3080    53.4087   130.8660  -266.9410   151.8610
   535.0000     0.0001    76.9578   132.5150    70.9490   162.3850  -348.3400    91.4600
   535.0000     0.0001    74.7547   128.0860    66.4725   199.0320  -385.7080   133.9710
   535.0000     0.0001   -12.8294   244.3380   -37.1656    45.8968   133.0370    58.1998
   535.0000     0.0001    21.6334   280.0460   -20.8864    65.0658   132.0620    71.0036
   535.0000     0.0001    45.3010   122.8330    33.4035   267.4040   -95.1027   336.7600
   535.0000     0.0001    88.7367   106.4160    60.3069   519.0860    12.4014     1.0428
   535.0000     0.0001    16.4932   243.4340   -83.5160    42.2254   155.4800     3.8866
   535.0000     0.0001     8.8806   234.3890   -63.2202    40.3403   112.4150    51.0602
   535.0000     0.0001    44.4978   147.9420    -7.7859    94.8932   257.2120    -6.1329
   535.0000     0.0001    41.1245    86.0113    25.3575    14.1847   309.7060   -38.7777
   535.0000     0.0001    81.4020   120.8100    75.1149    58.6333  -353.9250   143.5650
   535.0000     0.0001    57.1761   228.0440    18.1479   117.1880     8.2995   144.7980
   535.0000     0.0001    36.3638   263.1820   -20.1858    86.3581    93.7020    84.4365
   535.0000     0.0001    80.9573   146.3530    76.5859    70.9265  -238.7410   185.8330
   535.0000     0.0001    55.7224   216.2760    12.4913   109.3900    -8.7474   187.4250
   535.0000     0.0001    83.9468   117.2540    64.4658    22.2652  -392.9620   204.4770
   535.0000     0.0001    80.1928   121.6290    66.7432  -330.4650   120.8630  -219.3750
   535.0000     0.0001    59.3399   226.5320    15.1096    80.6689    -0.4747   134.0760
   535.0000     0.0001   101.7740   123.6590   101.8910  -160.3470    92.0562  -166.1950
   535.0000     0.0001     8.0603    13.1664    -0.8341   -12.9765   135.5050  -149.2570
   535.0000     0.0001    63.6153   232.7300    36.3680    85.6269   -27.4022   141.9260
   535.0000     0.0001    71.6762   224.1970   -33.6495   120.3770   133.4730    53.1626
   535.0000     0.0001    77.7495   124.5010    72.8306    28.6465  -382.4290    91.7063
   535.0000     0.0001   157.9560   179.0250    52.1636   117.7600    74.4332    -5.4262
   535.0000     0.0001    76.0250   142.3390    53.3332  -123.3300   -68.8120  -314.7630
   535.0000     0.0001    80.3602   119.1690    63.0855    97.7287  -398.4530   197.9950
   535.0000     0.0001    -7.5458   253.7400   -49.8390    22.6107   121.4200    51.2787
   535.0000     0.0001    69.9367    74.0527    68.5559   -88.2092  -208.5210  -169.1470
   535.0000     0.0001    20.6130   221.2270    -5.9954    76.3622   140.6540    67.6953
   535.0000     0.0001    53.1277   248.0660    -7.4731   124.1710    86.0670   115.3950
   535.0000     0.0001     8.8591   245.1880   -28.1701    64.0197    98.9700    83.2149
   535.0000     0.0001    66.3363   154.5180    54.5109    79.1654  -192.9010   230.2560
   535.0000     0.0001    76.6722   117.5120    71.6220   113.1040  -411.6030    72.4952
   535.0000     0.0001    50.9287   182.0450     2.4689   123.0440   -72.6009   216.1770
   535.0000     0.0001    82.8071   137.6570    78.2902   114.8150  -328.0490    84.8200
   535.0000     0.0001    47.4037   253.2860    25.4105   108.4910    67.0286   149.0800
   535.0000     0.0001    23.8591    47.6980     7.7979   -25.8535   191.2430  -167.4700
   535.0000     0.0001    46.2494   262.1710   -17.0384   100.0780   124.3520    97.1818
   535.0000     0.0001    26.0281   245.3540   -47.1540    59.1660    94.9819    64.6690
   535.0000     0.0001   -15.6612   208.0150   -59.3886    52.3696   135.8630    32.4912
   535.0000     0.0001    75.6492   -26.3707   102.8150   -68.7221    33.3315  -156.1720
   535.0000     0.0001    10.7417   272.5520   -38.0206    27.8434   123.4050    61.7990
   535.0000     0.0001    55.5072   201.2070   -21.3888    90.6611   171.0050    51.7053
   535.0000     0.0001    23.2782   113.7660    26.0692   269.9020   -25.4825   261.5240
   535.0000     0.0001    73.6907    64.5215    64.1483   -51.4319  -226.5180   -60.9318
   535.0000     0.0001    16.2522   228.2080   -54.0217    59.7572   148.0510    24.7148
   535.0000     0.0001    14.8013    89.6084   -18.4698    92.4815   210.9970  -108.1160
   535.0000     0.0001    51.8523   256.7660    -4.2746   118.6990    78.7263   103.4710
   535.0000     0.0001    33.7845   251.3000     9.2598   106.4130    77.8946   120.5840
   535.0000     0.0001    40.1885    76.0923   -21.1448   -18.5351  -153.4300    56.5779
   535.0000     0.0001    52.5147   251.1720    -3.8000   113.8250    57.7809   107.8050
   535.0000     0.0001    59.1447   181.8310    41.2996    49.8904  -104.1140   146.6440
   535.0000     0.0001    24.7095   282.2210   -63.2924    28.7308   157.2720    29.8808
   535.0000     0.0001    37.9509   266.9000   -35.0349    42.5306   141.7250    70.9103
   535.0000     0.0001   108.5510    93.4595   105.8210  -121.5330   128.0150  -128.8010
   535.0000     0.0001    63.2523   185.4530    32.4033    64.2513   -85.6592   114.6330
   535.0000     0.0001   292.8190   246.1840   142.6500   103.0380  -152.9080    38.2919
   535.0000     0.0001     0.0717   241.9970   -53.3060    51.9901   137.3140    47.2020
   535.0000     0.0001   -33.1078   196.8760   -89.9656     2.2248   143.7950   -18.1069
   535.0000     0.0001    75.9692    84.8960    69.9169   -78.9901  -322.2130  -122.8350
   535.0000     0.0001    62.5229   227.6630    44.7541   143.4140    -9.9907   166.4650
   535.0000     0.0001    32.3409   243.6540   -56.5157    60.9958   152.6540    36.0753
   535.0000     0.0001   -18.3083   203.8810   -36.0520    58.5633   124.4950    58.6123
   535.0000     0.0001    16.0264   241.1730   -15.3586    65.1233    72.8978   106.2940
   535.0000     0.0001    49.7225   177.3710   -15.6397   117.4690   202.1630    51.6390
   535.0000     0.0001    93.2109   -46.1399   130.8460   -45.8144    -4.1433  -139.4190
   535.0000     0.0001    97.2777    -7.7123   126.7090   -92.1521   -11.0095  -157.6770
   535.0000     0.0001    23.1628   270.7620  -109.6170    45.6320   155.7960   -30.4981
   535.0000     0.0001    82.7911   128.5050    81.1714  -262.8160    16.9868  -191.4470
   535.0000     0.0001    32.5734   247.0560   -15.0470   108.0860    97.7386    97.0717
   535.0000     0.0001    73.5377    58.9849    67.1583   -31.3031  -150.7880   -97.5405
   535.0000     0.0001    79.3222    69.6209    61.6802    -2.7302  -236.8690  -150.6350
   535.0000     0.0001    63.2365   225.5650    17.2698   117.9340     1.5814   116.7490
   535.0000     0.0001    17.9813   219.1320    -8.5494    56.3900   144.9000    76.7463
   535.0000     0.0001    26.3355    65.3764    10.6467   -32.9479   247.2740  -132.8140
   535.0000     0.0001    25.2633   236.0220   -17.5180    84.1717    65.0565   104.2860
   535.0000     0.0001    -5.2463   238.5250   -75.3256    46.4294   145.9620    13.8779
   535.0000     0.0001    44.8521   275.6540   -29.0537    68.2965   112.1840    75.6224
   535.0000     0.0001    43.6638    98.5615    42.2565   352.9650    30.0760   316.5110
   535.0000     0.0001    24.6320   118.2020    -8.1890    75.9388   260.9650   -50.6614
   535.0000     0.0001    47.1000   197.1070   -84.5169    75.1875   128.5280    13.8591
   535.0000     0.0001    43.3912   194.0840   -25.5784    60.3696   165.5290    57.9466
   535.0000     0.0001    79.6595   108.5610    67.6514    48.5211  -451.0810    94.8891
   535.0000     0.0001    31.0328   139.5980    -6.2727    78.0209   259.9920     1.3824
   535.0000     0.0001    41.0775   231.1520   -48.4216    87.5141   120.5780    74.5684
   535.0000     0.0001    76.3913   141.8000    63.0844   145.9350  -310.8110   133.3010
   535.0000     0.0001   206.1140   324.9890   121.2780   158.9300  -129.3420    52.0971
   535.0000     0.0001    87.8037   117.9530    76.2336    79.4576  -379.2810    61.6385
   535.0000     0.0001    90.4594    73.3798    61.2775     3.3980  -231.9100  -138.8770
   535.0000     0.0001    37.1545    98.3712    -2.6509    41.3601   286.3640   -95.0131
   535.0000     0.0001    65.6869   231.3100    17.0037   128.9260   -11.5698   158.2010
   535.0000     0.0001    88.0655   141.5800    71.2964   -12.5479  -317.4520   177.5600
   535.0000     0.0001    62.0323   161.4800    33.6610   125.9370  -122.0320   210.5590
   535.0000     0.0001    71.0944   179.6750    34.3991    48.4257  -105.8470   163.2850
   535.0000     0.0001    34.4856   246.1920   -13.4074   103.2250   110.8050   107.4800
   535.0000     0.0001    41.5444   188.0100    22.1670    81.2431   -55.8314   139.1870
   535.0000     0.0001    46.3011   249.4020    19.7544   119.1820    58.4639   132.3930
   535.0000     0.0001    45.7159   136.4170   -30.9795   142.8260   213.9190   -16.2561
   535.0000     0.0001    85.8079    95.4931    87.1725   -16.0210  -302.4090    14.2235
   535.0000     0.0001    28.7303   161.0090   -18.4966    32.0752   190.3020   -61.5557
   535.0000     0.0001    69.1151   196.3350    55.2228   103.5670   -73.1309   137.2100
   535.0000     0.0001    74.0509    75.1637    64.5114   -52.1580  -260.0650  -155.3270
   535.0000     0.0001    40.8511   224.0470    36.8132   112.4840   -16.1605   132.1790
   535.0000     0.0001    75.0185   147.9850    71.7009   127.9760  -230.0720   178.6110
   535.0000     0.0001    44.5741   116.1790    -2.0559   -60.8999  -191.1620  -148.6240
   535.0000     0.0001    90.2541    97.0345    68.8630   383.2670  -260.5750   133.2070
   535.0000     0.0001    43.2735   272.4950    11.0992    64.8289   129.0680   132.0630
   535.0000     0.0001    63.2665    30.6596    56.3680   -75.6713   139.8360  -228.0930
   535.0000     0.0001    38.2245   194.1160   -39.0981    52.2917   142.6360    47.5193
   535.0000     0.0001    13.5055   232.0150   -14.4297    96.4159   105.6920    95.5243
   535.0000     0.0001    19.5671    65.4248   -18.8412   -18.6684   205.0910  -104.5270
   535.0000     0.0001    68.0504   139.7120    66.9533   129.7820  -272.2250   176.3050
   535.0000     0.0001    25.5151   197.5320   -19.6052    20.5027   155.5800    90.8283
   535.0000     0.0001    75.1777   138.1440    68.1795    40.4159  -315.7240   155.4380
   535.0000     0.0001    93.9743   138.8770   -13.2855   -42.3990   -58.8342   227.6480
   535.0000     0.0001    25.5151   197.5320   -19.6052    20.5027   155.5800    90.8283
   535.0000     0.0001    90.4980   116.9330    80.9926  -268.3290   100.3180  -178.0190
   535.0000     0.0001    -1.5742   258.5770   -28.2065    17.9290   121.5920    71.8537
   535.0000     0.0001    28.6047    88.2127     3.2458     6.3343   284.2970   -86.5060
   535.0000     0.0001    85.0736   121.8170    79.2889   118.8750  -365.7670    21.4064
   535.0000     0.0001    58.5222   257.0740   -41.7210    62.8035   139.1760    68.5930
   535.0000     0.0001    18.8297   100.9440    16.0043   235.5680    13.8794   256.5690
   535.0000     0.0001    76.5867   185.4480    42.5862   201.9900   -91.4911   173.2470
   535.0000     0.0001   172.3520   -48.3283   158.3550   -76.3674   -77.2201   -64.5609
   535.0000     0.0001    73.0995   186.7710    75.8346   173.3210   -91.1662   159.9380
   535.0000     0.0001   118.0650   -71.8088   183.7260   -56.5534   -71.5109   -77.4126
   535.0000     0.0001    59.1447   181.8310    41.2996    49.8904  -104.1140   146.6440
   535.0000     0.0001    65.9813   172.0640    55.9368    95.8996  -150.8330   153.6150
   535.0000     0.0001   181.4470   -42.1368   261.5960   -13.6863   -85.5484   -41.4276
   535.0000     0.0001   113.5840   -29.3849   124.6170   -85.7044    -9.5905  -131.6550
   535.0000     0.0001    77.7886   119.9010    76.0714    31.0242  -409.1280    27.0557
   535.0000     0.0001   150.6670   -15.6653   155.9330   -69.9118   -52.0105  -116.5110
   535.0000     0.0001    16.7366   241.2270   -37.5631    76.0399   117.7870    76.2393
   535.0000     0.0001    72.5474   244.5540    31.6290   119.5460    26.6455   159.7630
   535.0000     0.0001    63.1381    41.8582    51.6897  -191.9580   108.2620  -100.9250
   535.0000     0.0001    81.4819   -22.5795    91.0679   -98.2008    41.7072  -143.6920
   535.0000     0.0001    23.3217    91.4494     5.9054   -14.5115  -168.2500  -120.5190
   535.0000     0.0001    55.1790   265.8170   -30.7040   105.4830   100.3080    65.6886
   535.0000     0.0001    88.5108   125.3000    83.7206  -201.2650   105.9800  -227.7750
   535.0000     0.0001    58.4773   222.3030     8.4697    80.0871     8.4453   176.9100
   535.0000     0.0001     7.0805   256.2160   -54.5405    33.4847   158.4010    32.5131
   535.0000     0.0001    79.7050    73.5323    63.5593   -31.3718  -267.6880  -119.5600
   535.0000     0.0001    51.5780    61.7582     3.3159     9.7696   -80.4629   182.1730
   535.0000     0.0001    32.3564   174.7770    25.6169   161.3430  -106.0550   193.6430
   535.0000     0.0001    94.7060   239.6800    26.0867   122.5430    29.2527   146.3100
   535.0000     0.0001    81.5856    77.1288    73.6558     6.8725  -258.6380  -107.3090
   535.0000     0.0001    64.8061   167.5630    58.7431    75.0876  -161.7580   173.5240
   535.0000     0.0001    18.5714   246.6210   -38.1865    49.3708    87.0625    77.2750
   535.0000     0.0001     8.6796   239.7740   -18.7053    51.4400    81.0351    98.9709
   535.0000     0.0001    65.7869    62.6219    57.7346  -106.4330  -147.4200  -139.7360
   535.0000     0.0001    81.4243    75.7015    73.6049   -29.4124  -270.8010  -110.5910
   535.0000     0.0001    54.3037   173.8210    31.8942   135.4200   -79.4860   172.1770
   535.0000     0.0001    44.1451   250.1370    17.6358   122.2060    58.0969   121.1690
   535.0000     0.0001   -21.9573   187.6290   -37.9926    13.3062   147.8120    49.2551
   535.0000     0.0001    70.3984   224.6740   -25.6448   101.1890   135.3230    58.9302
   535.0000     0.0001    39.4439    29.5092    45.2329   -68.5453   163.5990  -193.5200
   535.0000     0.0001    -0.7401   247.4980   -27.1031    52.9435   110.3780    79.7307
   535.0000     0.0001    19.0970   100.1890   -11.4373    11.8663   250.5860   -66.9964
   535.0000     0.0001   -23.8047   259.2910   -73.1083    -0.3735   159.8440    13.1576
   535.0000     0.0001    34.7173   284.7370   -45.4867    47.3118   151.5530    55.0750
   535.0000     0.0001    82.4677   138.3600    67.6785   125.0560  -307.2350   105.8760
   535.0000     0.0001     6.7306   244.4640   -27.6907    64.3119   104.7740    83.9444
   535.0000     0.0001    72.0623    63.5041    55.1055   -72.9547  -157.8580  -163.6050
   535.0000     0.0001   130.2170   -26.1604   102.0820    30.7860    -2.4881    30.2695
   535.0000     0.0001    44.8462   260.5650   -22.7969    76.7119   144.0820    96.3437
   535.0000     0.0001    40.9028   259.0670   -63.4988    85.6048   139.4070    30.4838
   535.0000     0.0001   149.9280    72.3684    10.6060    45.9898   -33.7244   -18.5442
   535.0000     0.0001    27.5015   241.4340    -3.5918    98.8428    90.4922   114.3310
   535.0000     0.0001    68.4136   127.1120    67.1116   132.8090  -349.2150   164.5650
   535.0000     0.0001    83.3448    59.6696    68.2677   -51.2662  -123.8840   -90.6362
   535.0000     0.0001    96.7147    53.2349   104.1660   -34.9426   142.8040  -103.1900
   535.0000     0.0001    83.9299   117.4360    78.7628   116.3320  -369.7020   -48.2953
   535.0000     0.0001   -27.8676   266.8940  -107.5020    -0.6040   172.4090   -37.2829
   535.0000     0.0001    62.7356    64.0211    64.2117   -96.2588   -90.8322  -146.3900
   535.0000     0.0001    73.9002    79.0352    64.6398  -134.9560  -286.2900  -109.5140
   535.0000     0.0001    55.4896   233.9030    27.9719   144.5270     0.3103   133.0090
   535.0000     0.0001   -21.2102   203.6040   -25.3504    24.2331   142.3550    62.3922
   535.0000     0.0001    85.1997   106.2810    69.4190    91.7413  -428.0710    28.9164
   535.0000     0.0001    55.0369   230.3350    15.8187   130.2660    23.4728   140.9190
   535.0000     0.0001    40.7285   154.1660   -26.4011   126.8320   206.7540    -7.6586
   535.0000     0.0001   103.8170   -18.0754   137.3990   -63.4638   -11.8414  -152.3160
   535.0000     0.0001    13.3318   254.8460   -29.7399    71.7454   115.9970    74.9669
   535.0000     0.0001    74.1298   147.4030    71.5964   138.9020  -302.0600   113.4630
   535.0000     0.0001    74.8294    83.1542    73.8021    -1.0045  -328.8270   -73.9373
   535.0000     0.0001    67.4943    67.6780    73.8979  -111.9890  -200.2420   -53.0421
   535.0000     0.0001    40.2089   223.7130    22.7092   104.8510    10.2544   178.2790
   535.0000     0.0001    22.1029    73.1010   -12.4825    72.1441   218.8660  -124.0520
   535.0000     0.0001    11.2744   203.7070   -56.4794    81.1128   151.7410     9.8268
   535.0000     0.0001    50.2445   191.7780    42.6528   116.2030   -38.5172   160.4920
   535.0000     0.0001    67.9823    67.7907    60.5776   -55.2825  -120.1350  -195.4980
   535.0000     0.0001    31.5107   268.0420    -9.2891    53.7995   137.1090    96.8854
   535.0000     0.0001    58.1666   164.5730    59.6664   119.5760  -156.8620   172.1050
   535.0000     0.0001    -3.8653   270.1910   -51.4503    11.1928   142.0620    45.4471
   535.0000     0.0001    11.0994   102.7900   -37.4235    67.5960   200.2190   -71.4226
   535.0000     0.0001    59.8008   132.7980    32.5753  -159.9520  -118.0700  -278.7980
   535.0000     0.0001    47.8145   216.2880    10.6494    68.1784    12.8773   185.7930
   535.0000     0.0001     9.9924    46.2553    -3.3696    14.3741   174.5150  -150.5720
   535.0000     0.0001    40.7285   154.1660   -26.4011   126.8320   206.7540    -7.6586
   535.0000     0.0001    50.9337   241.8800    10.2889   114.0980    25.5289   131.1170
   535.0000     0.0001    21.6625    38.7879    -9.7790    50.2186   173.5600  -151.1670
   535.0000     0.0001    83.8137   107.7810    73.7633    46.5469  -411.1540   -90.2536
   535.0000     0.0001    67.2014   151.8980    65.2472   170.2910  -212.9180   149.1660
   535.0000     0.0001    27.5086   140.4670   -18.3093    86.9493   231.8910   -21.4696
   535.0000     0.0001    22.2680   248.6540   -24.2995    85.4175   123.5250    83.2145
   535.0000     0.0001    56.2121   234.2700    35.8999   108.5290   -17.6189   121.6760
   535.0000     0.0001    68.8160    69.6938    65.9269   -92.5718  -195.3220  -149.7960
   535.0000     0.0001    94.3408   -16.4794   121.4960  -107.9840    -4.5199  -136.2260
   535.0000     0.0001    -6.2330   261.6330   -46.4688    41.7425   140.3670    48.4074
   535.0000     0.0001    59.4436   228.8820     0.2219    92.9602    23.3652   158.3570
   535.0000     0.0001    15.7679    30.4300    35.3767    10.6245   151.2280  -192.7690
   535.0000     0.0001   -17.8288   219.7850   -25.0173    11.9153   106.4800    73.9949
   535.0000     0.0001   107.1550   -40.7941   155.6660   -50.2183   -23.0452  -125.6060
   535.0000     0.0001    62.0145   171.9590    38.4276    82.2965  -181.0200   114.5350
   535.0000     0.0001    32.8731   236.9170   -15.1946    59.6761    90.7241   133.2230
   535.0000     0.0001    18.0029   254.4570   -22.4247    81.1221   101.6620    81.5347
   535.0000     0.0001    78.7452   195.8920    35.9369    39.9230   -82.3488   132.0950
   535.0000     0.0001    61.4405   184.2080    48.8732   121.3010   -58.9378   183.7640
   535.0000     0.0001     3.1404   246.4410   -67.1219    53.2398   150.1810    24.6723
   535.0000     0.0001    56.6542   -19.8652    73.4247  -126.3310    28.6615  -143.0510
   535.0000     0.0001    57.3157   173.6310    56.2482   138.1450  -116.7040   160.4680
   535.0000     0.0001    22.2601   213.9720  -114.6520    29.4983   120.9830   -26.1128
   535.0000     0.0001    72.0117   -13.6906    98.7499   -68.8941    41.2143  -174.5940
   535.0000     0.0001   -22.3028   179.9290   -58.1816    41.5445   152.4910     9.5350
   535.0000     0.0001    81.3152   174.9340    65.6121    88.6922   -92.9470   216.5250
   535.0000     0.0001    13.8211   236.6700   -22.7780    67.1575    95.4681   102.3910
   535.0000     0.0001    50.4571   137.7960    44.5615   294.8840  -166.6850   260.0300
   535.0000     0.0001    59.4910   205.1600   -24.0108   115.6570   160.9450    64.7528
   535.0000     0.0001    91.8304   104.0840    79.4837    56.5841  -358.6090   -43.7720
   535.0000     0.0001    85.1050   169.4230    41.7010   141.7330    46.8492   190.4670
   535.0000     0.0001    41.7633   258.5060   -15.7370   105.7440    99.3432    93.6372
   535.0000     0.0001    57.4309   168.9940    42.2475   169.5780  -168.3320   209.9030
   535.0000     0.0001    48.9541   256.1180   -11.7211    62.3222   135.1980   110.7760
   535.0000     0.0001    26.1977   215.0540   -40.0334    80.5326   116.9960    91.8590
   535.0000     0.0001   264.7720     0.1171   140.7780   -43.6650  -137.2150    -6.4977
   535.0000     0.0001    53.0147    66.0047    23.8336   -73.6536   214.1560  -249.5210
   535.0000     0.0001    45.4341   225.2240    21.7076   139.5000    20.3856   161.9150
   535.0000     0.0001    68.9711   152.9420    51.8715    84.3430  -223.2870   179.8210
   535.0000     0.0001    53.7668   222.1610     2.0073    99.8002   -16.6551   127.0340
   535.0000     0.0001  -140.6930  -124.6400  -222.8470    37.0771    34.8922    47.5804
   535.0000     0.0001    84.7561    65.5141    65.0616   -31.6250  -231.3760   -70.1483
   535.0000     0.0001    35.3798    72.8811    -3.3462    24.4822   258.6960  -116.1000
   535.0000     0.0001    82.9612   137.2740    69.0906   126.3340  -350.0550    77.5541
   535.0000     0.0001    23.1420   235.0930    -9.9955    85.6170    68.2084   117.2970
   535.0000     0.0001    74.6126    16.0768    56.2459    59.0708  -109.7620   -45.7262
   535.0000     0.0001    57.8887   189.0550    49.2697   144.8150   -57.8953   147.8810
   535.0000     0.0001    83.4662   227.2470    32.4792    91.5097   -20.3738   149.8760
   535.0000     0.0001    80.6040    93.0928    74.8297    73.8899  -347.9570   -82.7307
   535.0000     0.0001    27.7660   246.8780   -51.1138    79.0565   142.7440    54.8361
   535.0000     0.0001   155.3510   -47.5436   205.5350   -41.0409   -61.3138   -75.3962
   535.0000     0.0001    63.3948   240.1970     8.2826   120.3560    11.3334    93.3318
   535.0000     0.0001    98.1240   179.4830    76.5490   130.8030  -137.7500   143.4830
   535.0000     0.0001    84.1540    79.4125    71.5822    52.1901  -258.7030  -142.6880
   535.0000     0.0001    50.5263   166.6630    64.1783   203.6860  -186.9470   144.5740
   535.0000     0.0001    80.9022   -48.3744   109.9740  -107.0000     5.9805  -100.5990
   535.0000     0.0001    82.6707    64.4383    69.3390   -39.1416  -162.1880  -107.5590
   535.0000     0.0001   281.5930   142.0160   121.7240    50.3549  -188.5140     4.6354
   535.0000     0.0001    21.4581   207.5340   -14.8089    95.9864   108.7450   117.6430
   535.0000     0.0001    80.1496   137.7740    51.5901   112.1730  -286.4650   194.4340
   535.0000     0.0001    27.3334   216.2400   -73.3537   100.7710   135.6830    11.4732
   535.0000     0.0001    84.2470   162.8030    66.7295   107.2780  -185.7280   174.1600
   535.0000     0.0001    48.6206   262.0730     3.1284    63.1950   126.6610   132.5930
   535.0000     0.0001    70.9454   238.7820    17.0855   124.1590     1.3280   119.4710
   535.0000     0.0001    49.6959   282.6540   -43.1932    61.8132   149.1090    58.2357
   535.0000     0.0001    32.8771   263.5630    -9.6719    94.2932   115.4970    98.5179
   535.0000     0.0001   168.9020    17.7490   101.3950   -46.0689    59.0803    16.8165
   535.0000     0.0001    73.9755   237.2340    20.0703   138.3290    11.2783   158.0060
   535.0000     0.0001    82.9904   203.7010    37.6087   104.7070   -69.5266   148.9300
   535.0000     0.0001    49.9655   219.0340   -21.6355   100.4870   123.9370   114.8490
   535.0000     0.0001   304.9160    14.1006   228.5860     4.4064  -126.1180    16.3667
   535.0000     0.0001    -4.7548   273.2470   -67.1609    27.7398   167.3910    16.8562
   535.0000     0.0001    82.3506   117.8240    81.7924    94.7669  -336.8160    68.4217
   535.0000     0.0001    79.3389    85.2969    80.7078   -50.5800  -293.2060   -24.6344
   535.0000     0.0001    35.8657   262.4910     5.6169    91.1623    75.5758   100.4230
   535.0000     0.0001    30.6808   253.2340   -38.7129    75.0140   140.7230    74.4856
   535.0000     0.0001   147.4690   -70.9937   220.2240   -35.9513   -66.3626   -56.3986
   535.0000     0.0001    40.6521   162.3990   -42.2125   145.3900   169.8510     4.4958
   535.0000     0.0001    40.1264    28.8069    36.6529   -58.9093   146.1080  -210.2490
   535.0000     0.0001    19.3973   288.3280   -69.3797    29.7924   155.7130    12.1507
   535.0000     0.0001   -18.3732   267.3460   -56.9614    10.5166   151.8620    34.4622
   535.0000     0.0001    76.9094   204.2340    47.0060   100.9210   -68.5671   105.3950
   535.0000     0.0001    47.2927   256.1770    -6.0784   112.1240    71.7481    97.5080
   535.0000     0.0001    44.8521   275.6540   -29.0537    68.2965   112.1840    75.6224
   535.0000     0.0001   -28.0087   184.3370   -44.0915    11.0279   146.0500    41.4005
   535.0000     0.0001    53.5702   112.4340    53.3263   485.1670   -98.1581   206.1900
   535.0000     0.0001   138.5320   -34.6492   163.4600   -84.0198   -54.2147   -90.4625
   535.0000     0.0001    81.2958    73.7016    68.1754  -111.0930  -215.7920  -107.8500
   535.0000     0.0001    41.6051   200.4360   -86.3071    93.6899   140.3320    -5.9021
   535.0000     0.0001    59.4910   205.1600   -24.0108   115.6570   160.9450    64.7528
   535.0000     0.0001    80.0619   120.3990    81.7911    76.1356  -367.0000    51.1094
   535.0000     0.0001    54.9656   237.0740    22.3665   150.6660    29.7883   143.5260
   535.0000     0.0001    95.5156    94.5785    64.2058   343.2090  -299.8200   -22.1436
   535.0000     0.0001   245.2400   -12.2057   141.2180   -73.3113  -112.7820   -17.3071
   535.0000     0.0001   -27.6447   240.6430   -93.7614     8.8984   157.3140   -12.5755
   535.0000     0.0001    57.4828   178.8110    39.4599    80.8488   -99.6907   145.1580
   535.0000     0.0001   285.1660    19.0785   153.5600   -26.3364  -140.2380     0.1590
   535.0000     0.0001    58.1333   191.7200   -11.7322   122.7070   183.6970    73.7691
   535.0000     0.0001   264.3370     6.0998   153.8020   -51.2750  -131.7140    -4.5407
   535.0000     0.0001    20.2835   112.0450   -70.0797    89.9891   166.2990   -59.5624
   535.0000     0.0001    23.5661    63.0003     1.9776    24.5394   220.6860  -156.9640
   535.0000     0.0001    84.5498    86.3072    78.3848    80.4678  -266.1100  -162.3130
   535.0000     0.0001    74.1223   172.8070    61.9906    68.2206  -147.4560   177.3960
   535.0000     0.0001    47.3995   237.3480    28.0896   130.0310    33.3972   156.6130
   535.0000     0.0001   160.4210   -44.0125   220.2230   -24.4166   -72.3547   -75.0741
   535.0000     0.0001     6.0983   282.5250   -68.9187    24.3905   173.9330    16.8035
   535.0000     0.0001    31.6614   247.8760    -8.0184    90.8089   111.2840   119.3270
   535.0000     0.0001    80.8281    71.7404    72.6923   -81.7435  -257.7980   -28.0597
   535.0000     0.0001    32.6438   238.6590   -33.0652    85.2839   138.7250    79.2172
   535.0000     0.0001   108.5260   -34.1979   115.8340   -89.4391     0.3409  -127.8690
   535.0000     0.0001     5.5587   218.5760   -46.9400    53.1588   150.7510    31.0942
   535.0000     0.0001    13.6570   185.0040   -76.0841    49.9091   154.1890     4.7633
   535.0000     0.0001   246.1300    13.2467   169.1380   -58.4607  -128.9690   -22.1465
   535.0000     0.0001    84.7060   159.5840    66.2682    73.2932  -224.4450   138.3540
   535.0000     0.0001    69.6122   146.7350    38.0766   143.4690  -201.3540   223.9820
   535.0000     0.0001    58.6203   251.9220     3.2027   130.2200    65.8384   120.8300
   535.0000     0.0001    76.8102    74.3993    62.7944   -17.3010  -261.7330  -161.2660
   535.0000     0.0001    67.5921   171.7050    50.1842    71.1029  -192.9470   128.0730
   535.0000     0.0001    56.5696   242.4730     2.1006   130.6810    72.2406   141.1770
   535.0000     0.0001    24.0475   270.0570    -1.7061    71.7643   111.6740    99.9161
   535.0000     0.0001    68.9329   132.4060    58.8483   135.9010  -313.6130   212.6210
   535.0000     0.0001    77.7980    92.7871    79.9959   -29.0956  -337.9270   -21.8561
   535.0000     0.0001   -15.2620   203.8380   -59.7591    39.5560   156.4110    18.2936
   535.0000     0.0001    16.5969   250.3800   -63.8067    64.6977   149.0040    33.8579
   535.0000     0.0001    86.8710   209.4270    33.2230   131.2860   -47.8279   159.3120
   535.0000     0.0001    61.0306   140.2090     7.7942    71.7414    -8.5640   122.3400
   535.0000     0.0001    11.5343    92.0007   -33.4317    55.3331   199.7010   -87.5452
   535.0000     0.0001    75.5036    70.5747    77.2042  -114.0620  -190.7850   -66.7352
   535.0000     0.0001    -3.9616   251.4950   -52.3528    49.7101   129.6040    42.8481
   535.0000     0.0001    43.9104   263.3610   -79.8417    57.2578   158.3250     4.2413
   535.0000     0.0001    32.2990   181.6850     7.0074   108.9550   -61.1645   199.8380
   535.0000     0.0001    82.9123   132.3930    84.5930   172.4700  -306.5890    39.2081
   535.0000     0.0001    75.7773   144.7960    74.5246   123.7970  -311.0630   102.0550
   535.0000     0.0001    86.0514   122.6240    78.2464   137.2060  -357.3410    45.3451
   535.0000     0.0001    86.4656   127.7680    63.9684   133.6850  -357.0410   144.0580
   535.0000     0.0001    83.2855    75.6412    53.5869   -26.7256  -185.6860  -244.6070
   535.0000     0.0001   157.7270     9.4010   113.9030   -32.7496    61.7422     3.0954
   535.0000     0.0001    86.4656   127.7680    63.9684   133.6850  -357.0410   144.0580
   535.0000     0.0001    50.9458   246.4500     5.7669    94.3983    22.8743   109.4420
   535.0000     0.0001   170.8500    54.9040    71.3333   -99.9032    64.3084    43.6717
   535.0000     0.0001    15.4753   255.6870   -33.9860    74.3199   124.5210    68.9817
   535.0000     0.0001    68.3983    75.3968    75.2331  -121.7890  -216.1450  -110.8270
   535.0000     0.0001    74.8294    83.1542    73.8021    -1.0045  -328.8270   -73.9373
   535.0000     0.0001    31.6322   153.3020   -18.4860    92.9500   223.6260    -5.8159
   535.0000     0.0001    91.8777    83.5168    61.1004   200.1630  -356.4730   -59.6183
   535.0000     0.0001    47.9064   226.7470    -3.4046    83.4976    33.1081   141.4080
   535.0000     0.0001    -7.5200   -13.2906    11.4202    79.3483    44.9901    44.4649
   535.0000     0.0001    86.7389    -4.7703   111.0100   -97.6909    -1.2094  -172.0410
   535.0000     0.0001    71.5749   243.9470    -3.8428    83.0907    40.5964   112.4870
   535.0000     0.0001    79.8571   109.6930    75.2126    86.3812  -392.8940    38.6775
   535.0000     0.0001    30.6594   258.4730   -33.5457    49.0921    95.7051    73.5826
   535.0000     0.0001    83.1104    74.8270    61.0292    30.8957  -254.2670  -144.4440
   535.0000     0.0001    63.7574   163.8330    43.9175    91.3671  -156.0960   180.6950
   535.0000     0.0001    28.6437   176.0790    24.8079   147.0220   -98.3828   188.0910
   535.0000     0.0001     3.0336   231.9270   -55.0086    42.5530   148.2700    24.3364
   535.0000     0.0001     4.8213   248.0950   -61.6885    47.4655   155.4010    31.4132
   535.0000     0.0001    67.6936   103.1850    59.1734   579.3530   114.1460   245.3510
   535.0000     0.0001   -22.1120   209.1490   -83.5223     6.9783   149.5800    -5.6440
   535.0000     0.0001   128.9770    91.7196    52.8690  -206.8240    76.8217   103.0110
   535.0000     0.0001    -3.8041   235.5280   -20.7639    86.2738   126.5400    48.0132
   535.0000     0.0001    80.3416   223.4700    20.3664   102.6740   -30.0211   157.5540
   535.0000     0.0001    91.3110    67.0167    55.1091    29.3619  -294.4980  -146.6150
   535.0000     0.0001    79.7007    75.3288    60.3962    -6.8931  -268.2450  -150.0570
   535.0000     0.0001    83.0416    64.7724    55.3804    -8.4812  -140.1910  -166.5420
   535.0000     0.0001    61.3207   142.1790    64.4156   242.6420  -276.3900   160.8010
   535.0000     0.0001    36.8384   261.5510   -47.4628    42.0843   147.9620    57.9310
   535.0000     0.0001    35.8762   283.2730   -27.1571    83.6340   143.8530    63.2206
   535.0000     0.0001   253.1520   323.1940   134.4850   140.2190  -123.7280    39.2292
   535.0000     0.0001    42.8164   266.6900     2.7989    54.7735   128.2980   128.0160
   535.0000     0.0001    75.5058   134.1300    64.7957    90.8482  -346.9330   151.3650
   535.0000     0.0001    22.1331   222.6050   -28.4678    46.7794   149.4710    63.3691
   535.0000     0.0001    78.7415   144.9640    63.9293    53.7694  -272.4530   175.1620
   535.0000     0.0001    57.5176   133.5790    53.0295   285.4940  -258.9560   223.7840
   535.0000     0.0001    10.8930   214.6620   -58.7328    82.5938   125.0280    47.6747
   535.0000     0.0001   103.4130   -10.4930   140.2970   -85.4587   -28.8010  -148.0490
   535.0000     0.0001    45.9269   244.2240    27.1127   111.9130    70.1718   169.4110
   535.0000     0.0001    36.6407   148.6880   -18.8410    20.9959   228.0210   -39.0665
   535.0000     0.0001    17.1530   126.8520   -18.8976    42.8943   238.0330   -17.2672
   535.0000     0.0001    29.5350   271.7460   -44.5949    37.0050   148.8960    57.1239
   535.0000     0.0001    43.3969   237.0180     3.0134   119.6660    25.6173    90.7351
   535.0000     0.0001   225.6710   -34.2892   224.5630   -33.7258  -100.1430   -25.4512
   535.0000     0.0001    28.0950   221.3830   -25.9514    76.2679   149.7470    55.1023
   535.0000     0.0001     2.7535   218.4440   -15.0024    46.1712   146.7680    71.3660
   535.0000     0.0001    26.6016   109.9480   -11.7991   -47.6231   245.3950   -58.5964
   535.0000     0.0001    31.4249    75.6648     6.6757    27.7515   268.5230  -128.3280
   535.0000     0.0001    61.5630   168.7710    51.4645   103.0960  -138.7080   171.9210
   535.0000     0.0001    79.6437    -8.9309   106.1000   -60.2240    37.9581  -180.0040
   535.0000     0.0001    71.9621   192.8760    39.9233    25.0517   -87.0675   138.3350
   535.0000     0.0001    81.2874    84.5517    69.5824    41.2408  -315.8580  -125.1460
   535.0000     0.0001    77.9029   239.1670    35.2558   139.3780    18.4957   170.6300
   535.0000     0.0001    35.2790    81.2191     9.8425   -17.4397   279.1660  -144.2430
   535.0000     0.0001    39.1731    52.4346    20.6788   -94.2862   217.0580  -163.5950
   535.0000     0.0001    36.3262    65.4651    34.5774   -43.4155   264.0110   -52.2692
   535.0000     0.0001    62.6249   165.1940    62.1509    90.1240  -233.6840   154.6700
   535.0000     0.0001     7.6112   196.8760   -45.3262    38.4795   159.3330    40.2133
   535.0000     0.0001    80.0779    80.5438    65.3507    66.3949  -323.3670   -99.0007
   535.0000     0.0001    79.0858   123.2490    66.2091   278.5590  -368.3430   185.5360
   535.0000     0.0001    87.9726   110.2230    78.1641    54.3605  -381.3960   -32.7493
   535.0000     0.0001    57.8644   115.0640    52.2459   126.5830  -212.4590   167.7580
   535.0000     0.0001    77.8569   120.4350    78.6371    64.8997  -355.2060    95.1507
   535.0000     0.0001     3.8732   248.1470   -39.5061    62.5341   122.0880    63.2265
   535.0000     0.0001    78.4666    97.7447    78.4975     9.8568  -357.3540   -61.9169
   535.0000     0.0001    74.2148   118.8790    68.8841   224.4530  -425.3320    99.8563
   535.0000     0.0001    81.4970   122.5800    68.1448  -302.8550   106.2510  -238.3420
   535.0000     0.0001    29.7390   269.1480   -24.3054    78.3258   131.8760    82.8027
   535.0000     0.0001    39.6784   234.6900    21.6563   121.1910    68.8290   155.0810
   535.0000     0.0001    77.3368   142.1000    66.0793    64.4548  -328.3180   194.9200
   535.0000     0.0001    78.5888   168.9220    63.9540    83.8569  -178.2640   153.4340
   535.0000     0.0001    77.5447    71.3895    64.7103    11.1630  -249.7920  -143.4450
   535.0000     0.0001    61.8476   255.8440    19.3892   129.3600    78.9900   134.1700
   535.0000     0.0001    75.9089   158.5870    69.8170    62.8315  -276.9700   154.4510
   535.0000     0.0001    19.4094   180.0070   -30.5396    89.3910   180.1530    29.9199
   535.0000     0.0001    51.9592   264.5660   -28.9431    84.4222   143.0860    73.7078
   535.0000     0.0001   113.0170    76.2841    66.3390  -208.1950   154.8460    22.1337
   535.0000     0.0001    69.7773   152.6770    49.2303    92.3099  -233.2750   165.1150
   535.0000     0.0001    36.2078   207.0900   -47.3389    52.1877    97.3074    44.6469
   535.0000     0.0001    38.9789   156.1410   -22.3307   116.7710   212.0430    -2.8143
   535.0000     0.0001    37.9345   101.8870    45.5105   374.8230    12.2262   256.6290
   535.0000     0.0001   310.0670    83.3603   138.5230    14.4995  -157.8450    12.3439
   535.0000     0.0001    13.0636   227.3630   -36.9595    61.4734   124.5030    84.4718
   535.0000     0.0001    20.0410   216.1030   -67.1833    52.0745   145.8160    36.1174
   535.0000     0.0001    92.2975   111.9650    50.6911   428.9980   129.8680  -153.4230
   535.0000     0.0001    62.6338   113.2520    58.2089   384.9980  -286.8770   317.5600
   535.0000     0.0001   107.6990    39.3347   125.7110    -3.9817    96.0482   -66.4398
   535.0000     0.0001    28.8257   271.1760   -19.0884    76.3392   145.1920    79.9171
   535.0000     0.0001    79.3100   100.3810    73.7337    98.7808  -384.0950   -58.4617
   535.0000     0.0001    43.2279   175.0490    43.1352   193.1000  -137.2440   162.7200
   535.0000     0.0001    80.4602    85.1996    76.0602   -63.5596  -314.2230  -111.7470
   535.0000     0.0001   207.1880   -32.0179   215.9590   -43.7175   -94.9908   -35.1774
   535.0000     0.0001    21.6572   263.8670   -27.0492    79.3559   116.6910    69.5060
   535.0000     0.0001    66.2604    68.2784    47.1747  -123.7270   -94.8766  -201.2110
   535.0000     0.0001    -2.8481   247.3010   -62.2225    30.4027   150.8190    15.7555
   535.0000     0.0001    43.2030   118.5030    42.8689   347.8420   -79.7870   287.0370
   535.0000     0.0001    21.3292   257.5020   -38.5771    88.7531   119.8260    55.0900
   535.0000     0.0001    49.0395   252.1390    19.2809   127.6900    61.7770   121.5590
   535.0000     0.0001    99.8464   -16.9034    98.7596  -109.4270    11.0059  -147.9570
   535.0000     0.0001    19.8785   178.2310    -2.5190    34.2895   203.4710    81.2662
   535.0000     0.0001    60.4883   158.9540    43.9636   197.6990   128.6360   168.9930
   535.0000     0.0001    57.5766    66.8172    53.2342  -101.9810   -34.5762  -177.7630
   535.0000     0.0001     4.2786   266.1750   -45.2335    27.3597   121.9190    58.9674
   535.0000     0.0001    48.4974   245.7290    14.1165   129.8460    58.8982   127.9410
   535.0000     0.0001    29.5891   157.0790   -26.6387    98.6314   204.9800     1.9356
   535.0000     0.0001   216.7910   -43.5134   224.6940   -31.2061   -81.4164   -33.6745
   535.0000     0.0001    73.2263   262.7400    18.9374   110.8220    90.7685   130.4500
   535.0000     0.0001   125.9930   142.4460    59.2754   249.6080   158.3220     7.1375
   535.0000     0.0001    75.8481   165.0560    70.7697   139.5540  -178.1130   168.0220
   535.0000     0.0001    64.5366   228.5670   -36.2144    98.2305   136.1430    51.5503
   535.0000     0.0001    51.3858   255.4070   -29.6888   112.0680   108.7970    82.9176
   535.0000     0.0001    76.6071    81.6871    73.9998   -17.5204  -294.4520  -104.9010
   535.0000     0.0001   277.6550   149.3300   137.8530    49.3074  -190.5610    16.6472
   535.0000     0.0001    89.9831    93.0187    73.7753   180.8320  -391.0500    80.4490
   535.0000     0.0001    20.4886   236.4660     3.5967    76.6829    83.2776   137.8310
   535.0000     0.0001    40.0633   258.5970     7.6321   100.8810    69.0349   111.4090
   535.0000     0.0001    46.3443   257.0610   -10.8474   112.2820    99.5111   103.4480
   535.0000     0.0001    83.3719    95.7602    80.4570    61.6425  -333.7360  -130.3300
   535.0000     0.0001    62.1301    68.6422    46.5961   -95.1167   -96.6030  -211.4510
   535.0000     0.0001    17.4141   255.7570   -14.1671    74.5153   108.2820    95.4945
   535.0000     0.0001    77.8811    87.6255    74.7756   -77.7824  -319.2450  -103.7650
   535.0000     0.0001    41.6509   249.0260   -17.5273   116.1520    99.7147    91.4584
   535.0000     0.0001    80.5503    75.8665    65.9083   -30.7556  -291.0540  -102.2090
   535.0000     0.0001    24.0324    93.0172    23.1111   -37.9922   254.3580   -34.5796
   535.0000     0.0001    24.0607    49.8585     6.6556   -28.8095   196.6120  -163.4800
   535.0000     0.0001    57.1689   186.9610    28.9657    50.3855   -63.6177   137.7550
   535.0000     0.0001   -31.3320   221.5580   -70.2800    17.8386   130.2480    21.4808
   535.0000     0.0001    47.7698   113.7910    23.2987   -98.0661  -202.0240  -245.3930
   535.0000     0.0001    42.5303   145.0100   -12.4641    88.4320   256.8660     5.2868
   535.0000     0.0001    73.9342   133.9360    76.1969   222.3560  -328.6070    21.9635
   535.0000     0.0001    41.6699   115.2500    -5.2992    52.9360   296.0530   -41.6702
   535.0000     0.0001     8.0203   272.3740   -51.7179    51.6971   162.9020    36.3732
   535.0000     0.0001    66.5579   260.9440   -75.0594    89.9807   149.6470     8.4854
   535.0000     0.0001    21.3690   282.2780    -7.1212    56.2525   134.7900    88.9438
   535.0000     0.0001   299.0400    65.9481   139.6280     1.1537  -157.1430     6.9415
   535.0000     0.0001    55.5357   255.8620    34.3285    90.0602    42.4041   127.1700
   535.0000     0.0001    53.3240   197.8630   -52.2069   117.9950   147.5110    20.7422
   535.0000     0.0001    63.2871   185.9460    47.6170   115.4530   -60.1988   181.7180
   535.0000     0.0001    89.1155    94.5068    65.7280   145.2780  -384.4900  -148.4510
   535.0000     0.0001   -41.1172   187.1900  -108.7420    10.0325   135.4020   -42.0495
   535.0000     0.0001    33.9911   261.9540   -23.8412    99.5346   127.6100    75.9969
   535.0000     0.0001    62.9273   142.9170    29.1574   139.7990   243.6640   144.5220
   535.0000     0.0001    82.6344    87.1347    72.5293    69.0116  -347.7660   -17.0473
   535.0000     0.0001    72.9428   148.7660    68.8600    70.0641  -314.0620   150.8300
   535.0000     0.0001    42.8934   212.8960   -16.2966    69.1455   165.7100    82.9444
   535.0000     0.0001    42.6913   264.0200    -2.0826   102.9710   112.2240   103.8710
   535.0000     0.0001    42.9294   251.8360    14.8318   104.5840    83.3628   143.0700
   535.0000     0.0001    21.3440   254.5050   -45.8027    48.8237    98.6953    61.3465
   535.0000     0.0001    72.9522   140.3030    76.5892   203.4580  -289.0130    96.4643
   535.0000     0.0001    36.3719   228.9950    17.1849    97.3078     7.2138   145.1090
   535.0000     0.0001    51.6744   255.9800   -52.8968    89.3332   142.5260    46.1787
   535.0000     0.0001    34.1356   247.6990   -42.2817    74.1906   138.1740    74.9866
   535.0000     0.0001    67.6071   167.2420    46.6747   189.8930    67.0861   171.3650
   535.0000     0.0001    76.2491   107.0960    65.5026   166.3400  -511.7580     3.8124
   535.0000     0.0001    69.3730   232.4640    24.4918   138.8160    -8.4066   167.6610
   535.0000     0.0001    42.5279   242.8350   -90.4548    63.6995   150.9190     0.3826
   535.0000     0.0001    42.8823    77.2915   -15.3898    11.6516  -117.6630   124.7730
   535.0000     0.0001    56.3554   220.3530    50.5965   130.6360     3.7984   151.8120
   535.0000     0.0001    78.8189    64.8590    56.8448    -8.0319  -191.9650  -155.8880
   535.0000     0.0001    61.7237   151.6440    75.8259   197.9400  -249.1360   106.2120
   535.0000     0.0001    61.7999   160.4440   -34.0332   118.0520   201.5350    31.5255
   535.0000     0.0001    41.3337    76.4719    -2.8247   -83.5821   260.7720   -83.4539
   535.0000     0.0001    55.0306    30.6426    24.1905  -112.2190   147.3230  -185.2050
   535.0000     0.0001    10.8548   275.3090   -39.4980    49.8032   148.5050    53.0595
   535.0000     0.0001    63.9521   158.5160    34.0715   129.1280  -222.3510   157.0200
   535.0000     0.0001    15.5219   239.5290   -14.5515    69.3126    72.1131   106.2740
   535.0000     0.0001    77.0441    69.5903    63.9683   -19.0250  -227.8150  -159.5070
   535.0000     0.0001   232.4510   -61.1848   181.1350   -50.8695  -101.1790   -11.9016
   535.0000     0.0001    78.6497    65.9883    58.9876   -16.5887  -172.1810  -165.9970
   535.0000     0.0001    46.0751    19.5276    56.3995   -90.6738   119.4760  -197.6300
   535.0000     0.0001    54.3349   176.6790    44.7419    82.9711   -96.4401   176.0900
   535.0000     0.0001    28.6026   129.2680    -0.8553   -81.6209  -119.4630  -140.3450
   535.0000     0.0001    40.1189   242.0550    -2.0036   114.1040    68.7861   121.3260
   535.0000     0.0001    79.8571   109.6930    75.2126    86.3812  -392.8940    38.6775
   535.0000     0.0001    76.6801   168.1540    57.3617    58.0052  -189.4460   155.5750
   535.0000     0.0001    41.1383    94.5132    21.0680    30.5601   312.5870   -20.4095
   535.0000     0.0001    81.8525   161.3190    57.9215    78.6941  -222.0350   134.6280
   535.0000     0.0001    80.3856    80.2408    59.6580   -24.4515  -212.7480   199.8300
   535.0000     0.0001    -3.7619   255.8490   -44.4671    27.2743   114.8570    58.7124
   535.0000     0.0001    73.1205   183.8360    50.3551    95.7913  -106.4750   155.0020
   535.0000     0.0001    60.5687   253.4000    -1.0659   123.8860    63.5708   110.0910
   535.0000     0.0001    83.4295   138.8540    80.8714    48.5512  -292.5390   100.0260
   535.0000     0.0001    19.4950    36.4562   -12.8925    -8.9613   167.8650  -143.4020
   535.0000     0.0001     5.0468   200.7700   -20.5064    14.3833   118.3600    67.2558
   535.0000     0.0001   231.6460   312.4030   136.8310   145.8080  -134.3450    48.4426
   535.0000     0.0001    15.7135   272.3200   -20.2777    42.6184   111.7750    81.7514
   535.0000     0.0001    14.4789   186.4520   -51.0743    84.2194   155.8770     9.6554
   535.0000     0.0001    16.3518   237.5050    -6.1014    82.9858    84.7236   111.3480
   535.0000     0.0001    82.4354   222.8410    34.9986   147.4030   -31.6588   162.6900
   535.0000     0.0001    74.1116    73.8969    66.9412  -100.2480  -269.7170   -84.0047
   535.0000     0.0001    -2.2307   196.9160   -42.7667    16.8421   135.7120    59.1455
   535.0000     0.0001   204.8070   -55.4544   278.2570    -5.5058   -92.1083   -19.7927
   535.0000     0.0001    30.4461   275.0930   -48.4931    48.0693   161.7130    43.9988
   535.0000     0.0001    76.7834   129.2460    65.0025   184.5090  -339.8810   129.4800
   535.0000     0.0001   312.6480     1.3100   165.7330   -12.6452  -127.3490     7.7738
   535.0000     0.0001    73.2123   170.0810    48.1848   109.8350  -155.8580   144.6120
   535.0000     0.0001   255.7920   272.2050   139.4380   129.7640  -153.5230    40.5521
   535.0000     0.0001    43.1386   125.5980    17.5932  -123.3030  -150.3460  -215.1170
   535.0000     0.0001    76.1373    73.4889    69.7085   -13.2937  -244.9180  -141.3640
   535.0000     0.0001    79.9403    90.1117    83.5524   -39.6774  -289.6360   -86.6100
   535.0000     0.0001    17.6790   279.4050   -39.3574    54.5114   139.7330    56.2800
   535.0000     0.0001    74.5951    77.9862    66.2817   -86.1316  -287.3110  -116.1910
   535.0000     0.0001    41.8837   280.3650   -43.1669    43.5447   143.7980    56.8618
   535.0000     0.0001    40.5488   263.5220   -26.6755    41.9590   134.8310    87.1310
   535.0000     0.0001   -33.9067   170.3200   -97.4912   -10.4915   129.1430   -18.8624
   535.0000     0.0001   306.4630    12.2118   174.5990   -13.8644  -129.7910    10.2689
   535.0000     0.0001    76.6283    75.4505    68.6593   -81.4465  -274.0410   -71.4566
   535.0000     0.0001    -7.5200   -13.2906    11.4202    79.3483    44.9901    44.4649
   535.0000     0.0001    78.6340   237.7410    22.0452   144.9150    10.9536   148.3740
   535.0000     0.0001   133.4190    67.5299    62.7881   219.3890  -162.7350   -12.8215
   535.0000     0.0001    90.6470   100.4540    64.1183   468.5760  -162.6870    69.2273
   535.0000     0.0001    25.8329    97.1354     1.9389    22.3403   275.8390   -98.6241
   535.0000     0.0001   118.0650   -71.8088   183.7260   -56.5534   -71.5109   -77.4126
   535.0000     0.0001    13.2394   262.8710   -21.0566    69.0322   130.3160    80.5687
   535.0000     0.0001    80.5090   122.6880    80.8490   117.1920  -322.1080   125.7290
   535.0000     0.0001    17.4021   254.1090   -23.7624    81.7796   114.4660    82.0763
   535.0000     0.0001    41.2350    15.1845    75.2738   -29.6312    97.0080  -214.7820
   535.0000     0.0001    72.9335    80.1568    58.7229   -83.8546  -309.1940  -171.4250
   535.0000     0.0001    58.5376   152.4230    43.5638   146.9850  -173.7940   196.5180
   535.0000     0.0001   -27.8676   266.8940  -107.5020    -0.6040   172.4090   -37.2829
   535.0000     0.0001    81.2797   115.0900    71.0065    23.3150  -413.3560    78.2546
   535.0000     0.0001   -18.7610   199.4580   -81.2616     7.6104   135.1870     2.8840
   535.0000     0.0001   201.4270   357.6930   132.4680   159.8780  -104.7370    54.9970
   535.0000     0.0001    51.7501   175.0130   -29.3796   130.5500   182.6140    21.7928
   535.0000     0.0001    41.0887   229.7320     9.4267   115.4630    43.6981   152.8330
   535.0000     0.0001    -1.3904   225.2830   -69.3915    43.8120   148.2110     5.3213
   535.0000     0.0001    67.8737   212.8150    10.0177   111.2200    17.6747   136.0670
   535.0000     0.0001    16.9589   270.6050   -35.4637    74.2782   135.4590    53.0773
   535.0000     0.0001    36.4866   259.0880    -4.6768    98.3076    95.1433   103.8140
   535.0000     0.0001     2.1116   169.2580   -21.5660    20.0872   173.1300    58.7922
   535.0000     0.0001    24.5016   197.8770   -68.0865    45.1868   126.0300    28.7125
   535.0000     0.0001    45.1631   268.9160    14.5835    63.5345   121.8820   140.1460
   535.0000     0.0001    70.9652    17.5037    80.5927   -78.0170    69.9170  -224.4490
   535.0000     0.0001    80.0583   136.9690    67.8084   133.4950  -332.2190   129.9470
   535.0000     0.0001    51.6941   269.2690   -22.1085   100.1940   131.0530    82.4879
   535.0000     0.0001    81.2159    60.3002    19.1133   -62.3491   169.3470   215.8520
   535.0000     0.0001    77.8569   120.4350    78.6371    64.8997  -355.2060    95.1507
   535.0000     0.0001    66.7774   149.9800    50.2970   116.0590  -196.6210   225.3600
   535.0000     0.0001     0.9329   251.9280   -42.9249    32.8250   109.2920    63.2641
   535.0000     0.0001    14.4551   196.2910   -34.8434    85.3084   160.0320    32.9951
   535.0000     0.0001    12.7813   240.8730   -38.0969    73.4022   122.4600    72.7222
   535.0000     0.0001    11.6876   241.6820   -59.7096    57.0798   148.9230    42.3044
   535.0000     0.0001   278.8800   118.0660   137.7510    27.0394  -183.7810    18.2917
   535.0000     0.0001    25.0839   112.9890   -38.0857    85.2050   210.2410   -62.9651
   535.0000     0.0001    58.9868   255.0130    -5.2658   110.0320   111.5110   126.0570
   535.0000     0.0001   134.8390   -34.3229   158.0380   -74.6713   -42.8446  -106.5570
   535.0000     0.0001   115.9400   -39.9461   141.4770   -76.4205   -20.5281  -112.0240
   535.0000     0.0001   -20.6590   266.3670   -70.6254    12.3000   156.1320    16.5500
   535.0000     0.0001     3.4904   237.7910   -48.1462    41.4557   105.0410    64.9478
   535.0000     0.0001    60.7669   182.5810    44.0764    24.7061  -123.7700   181.7470
   535.0000     0.0001   100.3620   132.3600    74.0667   -43.2831  -263.5470   164.7200
   535.0000     0.0001    81.0666   101.3160    75.6180    69.4907  -387.4630  -111.2380
   535.0000     0.0001    53.3551   233.6260     4.2138    81.7545    12.8920   149.4320
   535.0000     0.0001   246.1300    13.2467   169.1380   -58.4607  -128.9690   -22.1465
   535.0000     0.0001    79.3889   239.6670    15.1565   154.6860    56.1497   159.8960
   535.0000     0.0001    11.3697    40.1396    28.8580   -67.3332   190.2220  -129.1080
   535.0000     0.0001    34.0973   272.1980   -28.8771    42.6434   148.7560    79.7849
   535.0000     0.0001    45.7195   221.1720    24.5161   105.9130    -4.2200   193.4370
   535.0000     0.0001    82.3821    65.5534    59.5452  -100.2770  -173.2930  -129.6300
   535.0000     0.0001    19.3421    85.4386    25.0584   266.5010    44.4107   238.0060
   535.0000     0.0001    12.0769   247.9180    -8.9644    74.8174   105.8780   104.1120
   535.0000     0.0001    23.3334   154.2990    38.3726   227.8810  -120.6110   178.3770
   535.0000     0.0001    77.0364   180.4040    33.3230   207.1190  -141.6900   147.5380
   535.0000     0.0001   144.9860   114.9790    79.3143   238.5000     3.2384    24.7827
   535.0000     0.0001   310.4050   -15.5736   215.2290    -0.2622  -121.4830    16.8176
   535.0000     0.0001    26.7313   255.7510     6.9558    43.8952    74.1634   122.7900
   535.0000     0.0001    82.3869   145.3990    81.1002    47.4110  -302.4030   121.9240
   535.0000     0.0001   133.1620   -49.2573   158.2190   -68.0065   -40.6128   -96.1509
   535.0000     0.0001    33.4189   268.0900   -23.2864    72.1412   140.9110    88.0424
   535.0000     0.0001    76.1857    73.9115    73.4180   -74.0447  -267.8890    -6.9600
   535.0000     0.0001    63.2573   224.2410    14.1758   116.0080    -9.0131   132.1460
   535.0000     0.0001   165.0290   -49.5550   207.3240   -42.0467   -62.6347   -67.2955
   535.0000     0.0001    74.1049   158.2210    67.8630    58.9385  -273.6040   164.3590
   535.0000     0.0001    83.2095    84.3670    82.6842   -84.9910  -233.0970  -116.0690
   535.0000     0.0001    27.0818    53.4446    20.2745   -21.8622   226.6520  -162.9900
   535.0000     0.0001    73.9002    79.0352    64.6398  -134.9560  -286.2900  -109.5140
   535.0000     0.0001    22.1029    73.1010   -12.4825    72.1441   218.8660  -124.0520
   535.0000     0.0001    75.1892   116.3570    72.1473   154.4910  -394.2240    70.4995
   535.0000     0.0001    42.2365   234.8240     8.0113   114.5470    26.3107   135.2790
   535.0000     0.0001   -12.8294   244.3380   -37.1656    45.8968   133.0370    58.1998
   535.0000     0.0001    77.5812    82.3588    66.4300   -26.0476  -305.2730  -157.1400
   535.0000     0.0001    43.4075   265.1640   -16.6060    90.5929   136.9690    96.2547
   535.0000     0.0001    44.3488   167.2890    -8.4077    59.8223   234.7180    40.3701
   535.0000     0.0001    62.0307   149.5370    74.8740   208.3570  -263.2200    94.4596
   535.0000     0.0001   251.9070   242.2140   132.6180   121.1360  -173.8560    38.5846
   535.0000     0.0001    15.8742   254.3700   -28.6817    78.3696   120.1420    73.2939
   535.0000     0.0001    30.0758   160.7410   -23.1638   107.2660   209.5210    17.8021
   535.0000     0.0001    19.6089   137.6270   -16.2818   -24.7919   221.3420    -9.4384
   535.0000     0.0001    36.1393   227.4390    14.2604   120.3290    14.0721   128.2520
   535.0000     0.0001    84.4712   152.1290    47.4613   108.1570  -176.5110   243.7830
   535.0000     0.0001    34.8231   277.9920   -14.4364    69.1969   141.3060    98.2092
   535.0000     0.0001    19.0709   253.3530    -3.6532    42.6673    77.0968   108.5480
   535.0000     0.0001   132.4370    98.7454   113.0850  -137.8630    98.8405   -61.8882
   535.0000     0.0001    38.6666   253.6290     7.6930   108.7200   102.9610   126.2430
   535.0000     0.0001   227.6790   -40.4909   227.0370   -26.7827   -98.9619   -27.7775
   535.0000     0.0001    11.0085    82.4161   -20.1779    90.9749   195.1780  -118.2690
   535.0000     0.0001    68.3108   231.7800    19.5299   138.7550    -4.1646   166.4530
   535.0000     0.0001    73.3688   138.8850    60.0876    84.1190  -314.4350   175.7890
   535.0000     0.0001     7.9163   109.4440    19.6499   253.5920   -10.0911   211.4610
   535.0000     0.0001    32.9246   264.9480   -28.9290    76.9249   106.9370    79.9888
   535.0000     0.0001    60.0429   217.3190   -22.7992    99.3911   151.0290    64.8793
   535.0000     0.0001    64.8595   172.8780    53.9637   102.3490  -106.5360   208.8210
   535.0000     0.0001    74.9634    84.1283    73.7505   -21.0368  -327.0070  -103.5620
   535.0000     0.0001    45.3977   253.8610   -54.6936    71.1542   145.5720    55.3598
   535.0000     0.0001    58.6175   183.4930    36.1332    64.2450   -67.5112   167.1770
   535.0000     0.0001    30.0608   252.6110    31.5489    53.2046    64.9558   149.5290
   535.0000     0.0001    78.2539   145.2830    73.7496   173.3300   127.0100   -70.2377
   535.0000     0.0001    41.7532   286.7060   -51.2447    61.5479   159.1930    42.8406
   535.0000     0.0001    26.7212   273.0520   -11.1894    37.0331   116.6090    94.9655
   535.0000     0.0001    66.7075    66.4757    55.6600  -154.0300  -144.2300  -138.4500
   535.0000     0.0001   201.7440   -41.2968   200.8260   -52.6599   -92.6969   -40.3708
   535.0000     0.0001    54.1102   226.2620    20.8498   129.3690    13.6693   167.8760
   535.0000     0.0001    79.4153    67.4601    57.8169   -20.1558  -223.4610  -134.0570
   535.0000     0.0001    90.2541    97.0345    68.8630   383.2670  -260.5750   133.2070
   535.0000     0.0001    72.5138   265.5620   -70.2846    75.6536   141.1990    13.4052
   535.0000     0.0001    58.8595   226.3010    17.8124   120.4850    18.7443   135.7900
   535.0000     0.0001   116.3860   -33.4303   152.8810   -77.6481   -41.0651  -117.9700
   535.0000     0.0001     1.4116   210.2830   -37.0673    44.9026   150.3220    44.9169
   535.0000     0.0001    18.9488   244.9490   -53.1181    71.4369   142.2620    50.6261
   535.0000     0.0001    80.4460   120.0640    78.7901    49.1715  -361.7830    39.3432
   535.0000     0.0001    37.2634   195.0030   -71.2379    90.4485   147.9630     0.4645
   535.0000     0.0001    19.0077   186.2040   -10.6916    77.5829   178.7290    47.2902
   535.0000     0.0001    36.8714   232.3330   -15.6047    64.0305    53.6070   124.1020
   535.0000     0.0001   -16.0501   232.2480   -77.2301    28.5215   158.2910    -0.3391
   535.0000     0.0001   109.1300   -44.6858   132.3620   -71.6420   -16.3831  -120.3020
   535.0000     0.0001    71.7025   140.6410    61.6698   163.8720  -300.0600   153.6580
   535.0000     0.0001    64.5982   241.7100    12.7296   133.7210    31.3690   143.7890
   535.0000     0.0001    86.6498    63.1205    60.5424    94.2384  -309.0940   -65.6090
   535.0000     0.0001    33.9988   165.7510   -15.6687    97.7756   213.2350    26.2686
   535.0000     0.0001    86.5826   118.0820    87.4293   -16.0488  -311.8320    59.4871
   535.0000     0.0001    12.4311   239.9110   -68.0718    71.4473   156.5180    13.3944
   535.0000     0.0001    65.1961   219.5080   -26.5237   102.2340   126.4210   106.4360
   535.0000     0.0001    35.0443   265.8080   -56.0336    67.5340   156.9290    40.9294
   535.0000     0.0001    75.2117   160.9990    60.0907   149.2920  -156.8510   207.6370
   535.0000     0.0001    65.6810   165.8800    46.4172    69.0035  -152.5960   190.6750
   535.0000     0.0001    69.5350   158.6840    75.3109   192.4610  -248.5000    89.5264
   535.0000     0.0001    40.6568   243.2500    41.2598    74.6174    27.9192   157.1210
   535.0000     0.0001    40.6568   243.2500    41.2598    74.6174    27.9192   157.1210
   535.0000     0.0001    68.5021    58.6799    57.9576   -63.5114   -76.9550  -136.5390
   535.0000     0.0001   -14.6553   184.4190   -60.4101    12.6206   143.9390    28.3996
   535.0000     0.0001    48.6206   262.0730     3.1284    63.1950   126.6610   132.5930
   535.0000     0.0001    81.2879    90.3399    72.2614    13.5122  -354.4020  -110.9420
   535.0000     0.0001   311.1190    -0.9807   215.0090     0.6132  -125.9660    16.7088
   535.0000     0.0001    32.9701   250.8740    -3.9793   102.5710    87.2942   109.1200
   535.0000     0.0001    45.1772   218.1390    37.5716   121.3860   -12.3907   105.0050
   535.0000     0.0001    63.9064   194.0130    44.1751    98.6433   -63.4565   141.3040
   535.0000     0.0001    60.3610   186.6680    63.4228   177.3240   -61.5677   183.4090
   535.0000     0.0001    62.4948   140.6370    70.3007   253.8820  -287.8730    57.3683
   535.0000     0.0001    71.1151    64.9951    52.7217   -59.1433  -135.1810  -178.3560
   535.0000     0.0001    95.0145   184.8220    64.2934   103.4590  -116.0340   170.7150
   535.0000     0.0001    66.5934   179.0280    47.8529   109.1690  -106.3880   151.1680
   535.0000     0.0001    31.6544   160.2810   -40.3722   112.3850   185.4630    -1.9304
   535.0000     0.0001    82.4608   172.1930    61.0552    56.4231  -160.5890   171.6860
   535.0000     0.0001    41.7633   258.5060   -15.7370   105.7440    99.3432    93.6372
   535.0000     0.0001    77.4829    93.8158    69.2426   -51.6668  -399.5050    10.6572
   535.0000     0.0001    61.2741   164.7380    60.8116   187.3690  -211.7400   155.3490
   535.0000     0.0001    82.4576   100.9120    70.1904   -45.1587  -397.6270  -137.1340
   535.0000     0.0001   171.3970   -27.8516   203.4420   -45.2627   -70.4910   -78.1034
   535.0000     0.0001    40.7691   242.9960   -58.3539    98.3499   143.9690    20.5440
   535.0000     0.0001   119.0770   100.3650    98.2628  -183.5290    92.5842   -84.7583
   535.0000     0.0001    58.7180   265.1780     9.1416    91.3505   106.5570   137.2420
   535.0000     0.0001   319.9570   141.9070   136.6790    44.6990  -160.6290    19.8899
   535.0000     0.0001    56.9343   244.9430    48.0294    93.6905    34.6193   174.2580
   535.0000     0.0001    21.2253    55.8070     1.8342   -24.6819   204.3840  -148.3650
   535.0000     0.0001   176.4310   -50.6623   208.6400   -55.6157   -83.8144   -45.5021
   535.0000     0.0001    26.9234   -14.3980    48.7910     5.0383    84.0474  -179.3010
   535.0000     0.0001    86.7905   151.8550    71.8303    99.9791  -222.0470   176.4220
   535.0000     0.0001    48.1243   222.1200    29.7932   134.1220     0.3859   185.2820
   535.0000     0.0001   191.9190   -45.4088   203.1980   -52.4648   -94.5157   -40.6746
   535.0000     0.0001   -31.6774   162.4340   -79.0624    25.9537   140.9720   -22.9549
   535.0000     0.0001   -12.2755   175.8980   -77.8732     0.1058   142.4310     9.7457
   535.0000     0.0001    66.4417   139.7470    73.8125   152.7710  -252.5060   177.0070
   535.0000     0.0001    76.9083   187.0800    53.3433   114.9440  -124.1400   115.5410
   535.0000     0.0001    12.5394   197.1050   -28.7175    73.4765   127.2940    99.5541
   535.0000     0.0001    45.7303    13.7030    58.2744   -81.9879   123.5640  -185.5000
   535.0000     0.0001   170.0230   -40.1261   193.1950   -53.4609   -60.8062   -69.4597
   535.0000     0.0001    54.5847   144.4170   -36.2366   117.3070   212.7360    12.0332
   535.0000     0.0001    11.3697    40.1396    28.8580   -67.3332   190.2220  -129.1080
   535.0000     0.0001    80.7968    71.6858    58.8504    22.3343  -236.1250  -159.9330
   535.0000     0.0001    77.1737   105.7920    86.9046   -88.3680  -300.3530   -26.6367
   535.0000     0.0001    57.8986   185.1940    29.6975   126.6870   -54.8392   244.7880
   535.0000     0.0001    45.5654   151.1120   -10.9669    94.0170   251.5890    24.0617
   535.0000     0.0001    69.1525    70.1862    72.1849   -81.9302  -214.3780   -99.3142
   535.0000     0.0001   102.1250   -28.3093   141.0480   -69.7465   -10.5641  -134.4630
   535.0000     0.0001    60.2173   179.0660    39.1514    50.6153  -106.0690   156.6080
   535.0000     0.0001    56.1408   160.6210    67.8893   202.2580  -214.6760   131.6060
   535.0000     0.0001    30.2215   247.1960   -17.3726    96.5962   102.4600    99.2218
   535.0000     0.0001    21.0206   248.2340   -25.6497    86.1147   107.4660    83.0466
   535.0000     0.0001    49.4155   237.5960    20.4501   136.0810    38.4078   148.4230
   535.0000     0.0001    25.6327   260.3670    -7.6980    93.4234   127.0620    79.4283
   535.0000     0.0001    41.1121   188.6980    34.5488    28.7599   -68.6039   161.8690
   535.0000     0.0001    86.1270    62.4613    64.1528    -6.8186  -167.7920  -106.8230
   535.0000     0.0001    45.1088   243.4010     6.0434   124.7520    60.4474   128.3860
   535.0000     0.0001     9.3790   218.4780   -54.7929    54.6615   116.0710    64.9503
   535.0000     0.0001    77.4981    89.9972    68.3226    -5.1920  -373.1360  -113.1470
   535.0000     0.0001    52.4849   251.7430    16.3425   113.1290    88.1652   153.6530
   535.0000     0.0001    -8.5828   206.1760   -35.1707     4.5583   128.2630    71.8197
   535.0000     0.0001   340.7930   109.6590   161.5120    29.3114  -143.1650    17.2176
   535.0000     0.0001    66.6596    61.3862    66.3925   -47.6511   -89.5860  -136.9790
   535.0000     0.0001    20.7031    22.9338    32.4285    -0.5743   140.7750  -194.5950
   535.0000     0.0001    75.5453   231.8370    33.5473   145.9360    42.2846   210.0880
   535.0000     0.0001   125.3250   -37.4687   134.0350   -94.1900   -28.9443  -103.3140
   535.0000     0.0001    68.0952   226.9570    12.7616   117.4420   -12.9106   106.3900
   535.0000     0.0001    73.0338   170.0210    28.2088   121.4090   -95.2002   190.3840
   535.0000     0.0001    34.9107   261.1610    -6.8377    92.2253   113.8920   108.4410
   535.0000     0.0001    75.7425   138.2160    50.2916   136.8510  -288.6910   203.6440
   535.0000     0.0001   318.4100   176.7770   155.2090    63.4812  -159.2990    31.0233
   535.0000     0.0001    56.3158   216.4270     5.0591   102.8290    -0.2223   172.3960
   535.0000     0.0001    17.9673     9.6657    -0.8362   -40.2919   136.0800  -139.1370
   535.0000     0.0001    -2.2980   187.4690  -104.5290    14.3924   149.7020   -16.2381
   535.0000     0.0001    34.7551   149.0710   -24.0269   112.1580   220.4550     8.8283
   535.0000     0.0001    37.9706   176.2950    30.8496   154.7910   -57.6742   208.3500
   535.0000     0.0001    53.9146   112.2310    48.5131   365.1620   -89.9949   379.0870
   535.0000     0.0001     0.3391   245.3510   -38.4398    45.7680   106.5720    69.4519
   535.0000     0.0001    67.1945    70.5388    44.7895   -66.4901   -82.4774  -234.6690
   535.0000     0.0001    60.1743   235.8150    18.2599   141.0910     2.9246   134.4780
   535.0000     0.0001    -0.4917   274.2300   -91.4282    11.0105   158.2870    -5.9559
   535.0000     0.0001    58.4417   237.5690    10.7937   103.7880    -4.9679    94.8840
   535.0000     0.0001    20.3513   150.5280   -14.4247    65.1550   228.9430    15.2886
   535.0000     0.0001    15.2353   197.3660   -35.3982    88.9495   132.3580    76.9359
   535.0000     0.0001    41.2257   180.9140    -7.3677    50.7714   211.4220    62.1410
   535.0000     0.0001   101.2910    60.4389    60.3924   121.1950  -292.6090   -56.1878
   535.0000     0.0001   179.5210    12.0097   212.8990   -51.9655   -74.4798   -72.2759
   535.0000     0.0001    74.3691    86.3731    78.9858   -21.8777  -311.7690   -79.7239
   535.0000     0.0001    87.3072   112.9010    69.5131    82.6899  -401.3670   115.9260
   535.0000     0.0001    10.8621   251.6080   -77.4287    64.8794   148.9960     8.5772
   535.0000     0.0001   103.2670   -39.6413   121.6270   -85.7067     2.9983  -120.4250
   535.0000     0.0001   129.6140    75.6904   108.7370  -111.0450   110.2750   -66.1845
   535.0000     0.0001    51.4312   183.0320   -12.9515    79.8079   205.3060    48.9832
   535.0000     0.0001     9.1012   246.8240  -101.9210    34.6032   163.5690   -23.6296
   535.0000     0.0001   154.3060   -41.0647   180.0550   -58.5461   -57.3964   -86.2811
   535.0000     0.0001    57.4828   178.8110    39.4599    80.8488   -99.6907   145.1580
   535.0000     0.0001    19.5486   197.7590    -5.1515    63.6145   174.4590    75.5582
   535.0000     0.0001    33.9792   241.6820   -58.5316    77.0217   149.5680    42.2835
   535.0000     0.0001    73.6571    71.5140    74.4956  -114.1850  -238.7480   -48.1489
   535.0000     0.0001    60.8938   175.8450    45.0376    73.2864  -112.5070   168.2470
   535.0000     0.0001    29.2123    49.7505     3.9786   -46.9616   195.9680  -157.3700
   535.0000     0.0001     7.3541   214.4610   -51.0750    64.0110   154.7340    24.0072
   535.0000     0.0001    25.2408   274.6270   -22.3341    34.9817   139.0610    84.5744
   535.0000     0.0001    41.1213   179.6980   -30.5162   115.9920   177.8760    23.0909
   535.0000     0.0001    65.4369   176.2840    59.6257   120.7320  -119.9780   159.8850
   535.0000     0.0001    74.0033    76.5999    73.3952   -42.1387  -272.0780  -109.3280
   535.0000     0.0001    21.2253    55.8070     1.8342   -24.6819   204.3840  -148.3650
   535.0000     0.0001   101.6760   -57.1979   161.9420   -48.4658   -25.5634  -109.0710
   535.0000     0.0001    83.9046    77.5037    63.2979    -1.9810  -282.0340  -144.8640
   535.0000     0.0001   -18.0969   262.7590   -81.6023     8.1143   154.1400     8.3855
   535.0000     0.0001    74.2419   161.8490    44.2463    64.2737  -175.8790   188.5080
   535.0000     0.0001    77.3192    63.2728    58.4525   -15.4019  -190.7390  -136.9880
   535.0000     0.0001    71.2884    66.4300    71.5739   -99.7757  -199.4110   -94.2126
   535.0000     0.0001    63.2416   188.8960    35.6297    78.3913   -58.5015   139.0070
   535.0000     0.0001    97.4602    28.1258    12.3291     9.5018   -74.8717   -53.5134
   535.0000     0.0001    87.5065    98.6052    64.3880   199.8810  -388.1550  -156.5560
   535.0000     0.0001    28.7665   240.7960   -11.9852   106.4170    87.0777   101.8600
   535.0000     0.0001    74.8685    66.0812    64.7126   -28.1160  -203.9620  -142.6820
   535.0000     0.0001     0.4480   250.0640   -48.5544    36.0785   111.7640    58.8056
   535.0000     0.0001    84.6443    78.0928    63.4608    -4.0401  -283.3600  -168.2170
   535.0000     0.0001    50.4655   -57.0443   118.5260   -43.9751     5.5100  -132.3320
