#         t          m          x          y          z         vx         vy         vz
   540.0000     0.0001    71.8496   235.8550    56.7129   110.3370   -18.4743   188.5040
   540.0000     0.0001    82.7105   121.5780    72.7569   184.2750  -403.4890   101.7920
   540.0000     0.0001    81.6790    65.8978    59.3100     6.8381  -208.6480  -174.5940
   540.0000     0.0001    47.9293   243.5010   -28.2808    83.6145    81.3072   108.1740
   540.0000     0.0001    41.3506    96.0210    44.2001   362.2550    42.4763   274.7460
   540.0000     0.0001    80.2200   136.1510    79.6701    56.6444  -353.0060   114.4540
   540.0000     0.0001    77.4556    76.1138    70.8161   -33.9830  -288.2580  -137.8810
   540.0000     0.0001    71.3734   150.3810    49.4999   134.8800  -192.7570   231.2530
   540.0000     0.0001    82.6920    92.4785    72.4282    93.0607  -379.7000   -77.4970
   540.0000     0.0001   103.0790   -52.2125   116.7120  -120.3480   -24.8741   -88.5987
   540.0000     0.0001    35.2435   241.3530  -120.0450    52.6633   138.5940   -27.5002
   540.0000     0.0001    77.6179   118.3460    80.9969   143.7440  -352.1410    74.9582
   540.0000     0.0001    53.1518   244.7830    10.4396   128.5510    36.2744   130.9500
   540.0000     0.0001    76.4413   166.8490    58.2155    14.0354  -175.2500   222.4410
   540.0000     0.0001    58.0215   242.8590    -4.1763    90.5779   122.1540   113.7710
   540.0000     0.0001   -25.1850   204.3340   -58.5938    -3.0398   122.2500    51.6771
   540.0000     0.0001    78.1380    60.0821    49.2430   -33.4179  -163.5220  -155.8280
   540.0000     0.0001   324.6290   193.9320   217.7740    52.6866  -138.2010    51.0720
   540.0000     0.0001    95.2889    36.3868    27.7545    24.1683  -146.6450  -114.8260
   540.0000     0.0001    34.1033   245.8010     4.6981   109.6610    58.3135   116.7680
   540.0000     0.0001    55.9798   220.1250    29.2533   133.6620   -28.2985   184.6320
   540.0000     0.0001   135.4690   -35.3255   169.5420   -59.1268   -36.2343  -113.4090
   540.0000     0.0001    22.3529   228.8030    -2.7044    65.7981   125.8750    86.6992
   540.0000     0.0001    85.9552   142.6530    63.7682   104.7970  -246.6280   223.1300
   540.0000     0.0001    69.3143    52.2291    50.4404   -56.5877  -116.4300  -114.3400
   540.0000     0.0001    57.5913   131.0700    26.3447   131.4300   280.6480   119.5440
   540.0000     0.0001    87.1699   245.6840    42.1332   110.9370    17.6889   181.8140
   540.0000     0.0001    61.1480   181.1490    39.2755    61.1623  -100.4680   150.5410
   540.0000     0.0001    46.0918   232.5990     9.9467   106.7710    23.8170   149.4430
   540.0000     0.0001   127.0510   -23.7863   173.3410   -58.3698   -31.8117  -122.0130
   540.0000     0.0001    41.5053   290.3320   -19.7759    66.9018   145.6560    85.6140
   540.0000     0.0001    88.9558    80.1931    76.0182   -53.2811  -324.2220     7.3838
   540.0000     0.0001   104.2800   -51.5658   142.0370   -74.9492   -18.8037  -117.7090
   540.0000     0.0001    86.0014   241.7760    31.2451    88.4330     0.2785   165.6080
   540.0000     0.0001    77.3247   262.7830   -13.6555   136.0040    95.4946    86.4515
   540.0000     0.0001     9.4704   239.1130   -37.8246    60.8543   110.9580    82.8297
   540.0000     0.0001   113.1100   111.4840    86.7676  -264.5930    67.4040   -51.5335
   540.0000     0.0001    71.5464    54.6681    49.6037   -48.1537   -61.4065  -137.8700
   540.0000     0.0001    53.8537   214.4700    22.6275    79.7123   -38.1948   189.3870
   540.0000     0.0001    21.9612   277.0740   -21.8975    74.3490   112.0450    75.9774
   540.0000     0.0001    78.2330    95.8598    73.0771   -17.8134  -423.7220   -48.9285
   540.0000     0.0001    73.4195   236.1710    37.1695   159.1920   -14.4939   148.6670
   540.0000     0.0001    91.9809    90.9461    69.6702   362.8320  -273.7380    59.6534
   540.0000     0.0001    94.5765   239.6600    36.1556   168.8730    20.5903   165.5860
   540.0000     0.0001    64.9762   162.7550    61.3008   107.3920  -182.5850   157.3700
   540.0000     0.0001    74.4134   251.3200    19.9261   136.6470    38.7339   144.6890
   540.0000     0.0001     9.0354   218.9170   -17.7679    25.9346   124.2340    93.0596
   540.0000     0.0001    72.4388   178.4060    51.6101   107.9480  -127.3710   136.3420
   540.0000     0.0001   211.3270   -41.4316   223.3830   -43.0584   -88.6818   -37.0067
   540.0000     0.0001    82.9328   103.2450    67.6738    84.3495  -468.1810    21.8100
   540.0000     0.0001    80.6621   111.2660    80.2027   126.7870  -373.2930    36.9221
   540.0000     0.0001    47.4224   -56.0842   108.8350   -41.0688    21.5403  -138.8440
   540.0000     0.0001   115.1210    86.0578    78.7074  -230.0700   139.8340   -21.9341
   540.0000     0.0001   320.3040    47.2272   174.3550    -8.7063  -136.0630    10.6282
   540.0000     0.0001    82.9983    56.3777    73.5805   -69.4725  -173.7630   -65.6601
   540.0000     0.0001    14.9573   299.6920   -22.9397    37.5544   151.5970    70.0744
   540.0000     0.0001    66.0029    56.4553    56.8962   -70.0504   -90.4185  -166.7510
   540.0000     0.0001    56.3088   236.4540    47.6878   129.9150     4.3900   175.8460
   540.0000     0.0001     9.8528   250.6790   -41.1551    70.2817   107.0180    69.2641
   540.0000     0.0001    18.3499   230.4240    -5.8532    65.4864   130.4560    83.8955
   540.0000     0.0001    81.5348   116.7490    72.6108    24.8557  -420.2760    92.8664
   540.0000     0.0001    74.3756   171.5520    67.1642   124.6000  -158.1420   144.3120
   540.0000     0.0001   -17.7580   273.5230   -75.8008    20.1692   153.4060    17.1351
   540.0000     0.0001    89.8925   197.5130    48.3096    88.2726  -103.9520   150.3730
   540.0000     0.0001    28.5009   101.3840     7.2858   -49.2654  -163.9160  -154.8990
   540.0000     0.0001    57.2290   221.6150    41.5773   120.6500   -41.8872   202.0220
   540.0000     0.0001    40.0551   258.4520    -1.6417   110.0510    93.9555   108.4880
   540.0000     0.0001    60.6640   257.2400    27.5005   115.6430    65.8131   158.5180
   540.0000     0.0001    30.0900   260.3860    15.9072    49.8721    55.7132   127.6600
   540.0000     0.0001    63.5806    58.0645    63.6337   -71.5188  -126.4700  -134.6190
   540.0000     0.0001    78.2159   255.5170     1.6365   110.0940    34.1032   100.6240
   540.0000     0.0001    85.9079   235.3010    19.3708   131.8770    -8.7879   111.2390
   540.0000     0.0001    86.0908    74.2860    72.5611   -99.5258  -276.9040   -84.2207
   540.0000     0.0001    57.5887   291.4980    -9.1683    83.7681   142.5230    92.9339
   540.0000     0.0001   106.8810   -35.1401   147.1000   -65.4610   -10.0376  -133.6950
   540.0000     0.0001    83.8332   124.7480    84.2101   145.4360  -317.0440    54.3190
   540.0000     0.0001    19.4497   238.6540   -22.9950    68.0121    80.5371   106.3160
   540.0000     0.0001    79.6126   248.3170    26.0072   139.3290    16.5793   136.3740
   540.0000     0.0001    17.1369   193.0600   -10.1284    31.2760   155.3850    89.7734
   540.0000     0.0001    -9.0497   289.0990   -42.1293    23.5293   139.8120    50.7702
   540.0000     0.0001   -15.5734   268.0580   -69.5435    15.1630   130.0420    30.2002
   540.0000     0.0001    68.1017    55.0658    66.7475   -81.2651  -167.5890  -102.2200
   540.0000     0.0001    71.4667   239.2510    46.6433   134.7420   -11.6300   167.7020
   540.0000     0.0001    82.7928   236.6480    51.5761    97.8224   -30.2045   138.3800
   540.0000     0.0001    56.5984   228.9400     8.0019   109.7580    69.1620   173.2190
   540.0000     0.0001    37.1211    92.5339    -3.0042    48.1148   277.2100  -107.8140
   540.0000     0.0001    63.7659   264.3940    36.8977    99.6500    87.6715   171.2810
   540.0000     0.0001    76.4360    89.3274    75.8285   -80.7503  -371.2160   -42.0884
   540.0000     0.0001    75.0610   153.9670    56.0337    53.1976  -236.6560   178.7450
   540.0000     0.0001    52.5198   243.8580    26.9952   123.6930    24.5764   153.4080
   540.0000     0.0001    74.0845   242.5180    47.6280   129.8080    -7.3182   156.7110
   540.0000     0.0001    31.7395   123.0880    -6.1204   -62.2370  -158.5970  -111.6990
   540.0000     0.0001    78.3337   183.9110    59.1219   132.1810  -116.2560   175.0420
   540.0000     0.0001    44.7327   273.4960    20.7135    87.9364    91.4840   131.7570
   540.0000     0.0001   317.7720    34.5728   173.9040   -13.5683  -132.7760     7.6772
   540.0000     0.0001    59.9518   178.4430    45.0782    90.6956  -106.4310   153.9190
   540.0000     0.0001     3.0028   264.3370   -84.9727    62.4792   132.5820    -3.8545
   540.0000     0.0001    87.1416    97.7016    74.1326    35.4206  -394.4460  -136.6690
   540.0000     0.0001   104.4470   245.9690   -20.6241   130.1660    93.1122    83.9668
   540.0000     0.0001    96.2351    52.5070    87.2687   -64.6166   199.4690   -77.0382
   540.0000     0.0001    66.7500   166.9370    46.7298    80.3126  -201.7130   119.6630
   540.0000     0.0001    40.4896   253.3280    -2.3073   111.6590    73.6782   112.8460
   540.0000     0.0001    63.6762   169.9310    50.1199    92.7333  -150.6270   152.5350
   540.0000     0.0001    89.0500    86.4056    84.3452    -3.3537  -292.3350   -70.5068
   540.0000     0.0001    16.8357   246.3820   -34.8742    74.7371   112.1830    79.7854
   540.0000     0.0001     2.8594   247.1520   -36.1693    46.8283    91.8182    81.3776
   540.0000     0.0001    78.4717    78.8631    71.0591   -35.2401  -309.7590  -102.4720
   540.0000     0.0001   168.1600    70.9193    37.5769   136.8650   -66.5620   -30.7070
   540.0000     0.0001    53.8643   257.8660    16.0717   129.9580    63.1274   119.5620
   540.0000     0.0001     3.7882   155.0220   -21.8397    32.0545   197.0920    48.9251
   540.0000     0.0001    64.6363   157.2170    54.4591   186.1810  -223.0710   202.5310
   540.0000     0.0001    62.5120    -4.6934    80.3362   -91.2359    71.7382  -179.5420
   540.0000     0.0001    50.6592   253.5360    52.6174    74.3854    33.0957   173.0560
   540.0000     0.0001   246.6010   339.6310   145.1900   142.9140  -117.5820    49.5847
   540.0000     0.0001   -20.1089   254.1870   -85.6728    27.1909   147.4410    -9.9125
   540.0000     0.0001    76.8179    58.1967    57.4009   -37.2229  -126.0720  -156.6490
   540.0000     0.0001    21.9135   206.2790   -29.3572    97.9045   116.9810    91.9633
   540.0000     0.0001    73.1754   235.9820    22.0509   126.3310   -25.2192   139.4470
   540.0000     0.0001    61.3263   299.7270   -37.3227    75.4396   149.6280    56.1792
   540.0000     0.0001    54.9202   261.8690   -12.6609   107.0580   106.5650   110.6240
   540.0000     0.0001    85.9077   141.6050    69.2976   172.3300  -321.2470   134.9060
   540.0000     0.0001    77.9642   103.9250    52.8637    20.4321   350.1550   115.9510
   540.0000     0.0001    13.0532   240.8380   -50.7659    43.8673    95.4791    77.2945
   540.0000     0.0001    80.5565   112.2780    71.3975    46.6502  -431.2910   102.2810
   540.0000     0.0001    31.4642   218.9240     0.8697    81.6017   142.6760    85.3060
   540.0000     0.0001    86.1074    75.6756    64.9328   -50.8417  -304.8170  -139.3880
   540.0000     0.0001    15.2141   243.2500    -0.6188    71.1509    50.4731   112.7110
   540.0000     0.0001    81.5614   173.0090    76.6072   130.5130  -168.0020   131.8940
   540.0000     0.0001    79.3761    78.7475    66.5497   -29.7642  -298.6790  -177.1890
   540.0000     0.0001    72.3729    56.5004    51.8502   -50.1516     4.1319  -131.2740
   540.0000     0.0001    75.6581   174.2610    41.8444    67.9394  -128.0780   168.6800
   540.0000     0.0001    95.8822   -28.5761   125.9650   -73.8917    20.6862  -141.5420
   540.0000     0.0001    78.7932   186.8540    46.3747    87.6425   -91.2817   166.8810
   540.0000     0.0001   298.8190   123.9320   145.1490    23.1172  -177.8090    19.6826
   540.0000     0.0001    72.1284    14.7819    55.1809  -127.0410   112.2800  -182.6830
   540.0000     0.0001    72.8345    58.8240    51.8339   -47.8326  -150.4870  -182.2460
   540.0000     0.0001    64.6619    60.9418    35.4573   -96.9600    31.7765  -109.0100
   540.0000     0.0001    53.5270   279.4910    15.3564    99.5502    87.5191   114.6720
   540.0000     0.0001    63.3190   153.0900    71.3586    73.1090  -241.4060   237.1200
   540.0000     0.0001    76.1873    82.4956    72.2615  -109.0880  -319.7850  -149.2270
   540.0000     0.0001    57.3441    61.6471    53.0073   -66.0886    -9.2873  -173.9230
   540.0000     0.0001   134.4860   -27.4303   177.1100   -66.0558   -45.0899  -109.7640
   540.0000     0.0001   118.2200   119.9520    40.9625   312.9940    98.2326  -119.6720
   540.0000     0.0001    86.0349    75.7364    64.1149    52.9754  -274.4870  -144.1500
   540.0000     0.0001   277.4630    30.9645   138.7690   -48.3775  -145.4800    -1.1589
   540.0000     0.0001   206.7630    -8.4860   187.4640   -75.7690  -109.5640   -42.1099
   540.0000     0.0001    78.7233   146.5760    58.0641    60.2105  -256.3740   195.7510
   540.0000     0.0001    84.9198    88.5475    81.5224    -2.6413  -329.0750   -28.9240
   540.0000     0.0001    66.5029   235.2770    50.7675   136.8570   -11.0896   180.3340
   540.0000     0.0001    80.1625   120.2910    65.4021   138.4760  -400.8490   149.1700
   540.0000     0.0001    73.6000    60.4456    58.4798   -28.5587  -190.7880  -162.8570
   540.0000     0.0001    20.5246   100.7070   -32.3716    64.6717   213.2280   -71.8695
   540.0000     0.0001    16.8527   263.7810  -126.9710    36.4134   147.7090   -31.6073
   540.0000     0.0001    14.8372   289.2830   -56.9843    26.2131   138.1930    41.5148
   540.0000     0.0001    93.2282   -28.2230   112.1470   -92.8538    12.6064  -145.2730
   540.0000     0.0001    22.7157    54.4588     6.7628   -25.1715   210.8990  -146.2270
   540.0000     0.0001    64.3435    57.9973    65.9138  -110.5690  -129.0250  -126.6330
   540.0000     0.0001    44.6635   208.7940   -11.6214   115.7860   147.2410    69.8806
   540.0000     0.0001    84.4924    87.3715    85.4101   -59.3391  -285.9630   -90.5044
   540.0000     0.0001    85.5914    78.4521    69.1857    64.2289  -287.6020  -143.4820
   540.0000     0.0001    -2.2968   221.3010   -59.6265    52.8453   143.7500    26.4778
   540.0000     0.0001    78.0601    74.1157    64.6533   -71.6104  -300.9030   -99.4067
   540.0000     0.0001    47.8219   266.0490    -8.4943   103.9450    73.2114    94.7635
   540.0000     0.0001    60.4572    66.7048    30.4194   -71.6521   -12.1653  -197.3540
   540.0000     0.0001   168.3940   -29.2840   195.4190   -58.7510   -68.8327   -83.2629
   540.0000     0.0001    37.4194    86.1469    -1.0884   -68.0802   265.0340   -90.7388
   540.0000     0.0001    11.1193   243.1470   -75.0740    57.1176   139.4690     8.5286
   540.0000     0.0001    25.9438   109.7700   -27.5938    86.2599   222.7120   -64.5937
   540.0000     0.0001   284.1860     8.3661   204.7300   -29.6241  -121.8280    -0.7732
   540.0000     0.0001    18.9076    95.7708   -20.0361    42.5897   230.1030   -77.8288
   540.0000     0.0001   217.0510   -55.9517   287.1480    -6.8325   -94.0292   -15.8332
   540.0000     0.0001   291.1710   301.4440   143.3920   119.1540  -132.4110    43.4414
   540.0000     0.0001   -33.4368   206.9240   -95.4549    18.4323   136.0930    -5.4281
   540.0000     0.0001    84.2974   123.1360    67.8909   245.0860  -370.0250   204.0790
   540.0000     0.0001    55.8522   226.4380    22.7191   116.9540    25.2331   194.1150
   540.0000     0.0001    60.7026   241.8550    41.6824    71.1314   -12.9408   170.1660
   540.0000     0.0001    76.8907   123.5170    62.6817   123.2320  -408.2330   162.0490
   540.0000     0.0001    49.9180   236.0230    21.3123    93.1106    28.9295   178.7990
   540.0000     0.0001   234.3270   319.5390   133.2730   145.9470  -132.6590    51.3498
   540.0000     0.0001     1.4202   257.8510   -40.3940    51.0489   108.7420    67.6740
   540.0000     0.0001    42.7158   267.2030   -62.7563    62.5248   145.7640    38.6690
   540.0000     0.0001     9.0569   288.2690   -44.0403    25.3521   132.3300    56.7605
   540.0000     0.0001    27.3459   266.4050    -2.6176    78.2462   101.3460   109.4320
   540.0000     0.0001    16.1076   252.4180   -34.2648    85.5749   122.6850    65.9844
   540.0000     0.0001    79.1242    55.6578    59.3750    -5.3193  -156.1390  -130.9300
   540.0000     0.0001    83.9789   222.5430    37.0807   103.4880   -71.4966   174.6520
   540.0000     0.0001   223.3950    -8.8897   126.9580   -95.8040  -122.7720   -21.6845
   540.0000     0.0001   137.2960    91.9054    43.0386  -201.3200    47.9937   132.3640
   540.0000     0.0001    80.3087    72.0421    74.6927   -13.7094  -268.9800   -87.6456
   540.0000     0.0001    56.9906   228.9550    41.6697   142.2260   -17.9819   174.2300
   540.0000     0.0001    75.9436   149.7050    63.9886   183.7010  -274.8880   147.5080
   540.0000     0.0001    78.8838   106.0620    49.9098   400.2500  -231.3830   199.2160
   540.0000     0.0001    77.8719   -28.0427    94.6358   -88.1768    51.6709  -142.8350
   540.0000     0.0001    79.1958   230.6860    36.7136   135.7400   -41.4113   174.1580
   540.0000     0.0001    71.4667   239.2510    46.6433   134.7420   -11.6300   167.7020
   540.0000     0.0001    77.9449   113.1360    63.7548    82.4582  -480.7850   156.1900
   540.0000     0.0001    78.0472    83.5095    68.0863   -97.4950  -354.7510  -118.8180
   540.0000     0.0001   162.1630   -23.4118   195.5130   -62.7692   -68.0785   -86.5937
   540.0000     0.0001    23.4392   261.7540   -17.6208    87.1513    99.5264    89.7252
   540.0000     0.0001    12.2265   201.2660   -19.7303    23.1568   126.9780    89.6575
   540.0000     0.0001   172.2990   -56.3919   205.1360   -60.0523   -76.5571   -52.5869
   540.0000     0.0001    71.8510   224.3930    30.1357   152.6480   -62.5712   145.7490
   540.0000     0.0001   233.4650   -31.7791   118.7320   -87.3090  -107.6120   -20.1332
   540.0000     0.0001    82.4022    86.8136    72.8657   -47.8130  -397.3630   -94.9805
   540.0000     0.0001    21.2781   116.4520   -23.1206    63.7112   229.7460   -45.9503
   540.0000     0.0001    76.7872   219.2790    16.2706   133.5800   -44.8920   144.8640
   540.0000     0.0001    72.7217   160.7010    71.0390    87.7094  -201.8960   158.9400
   540.0000     0.0001    42.6914    99.4214    13.7940   -52.9109  -223.7340  -175.6110
   540.0000     0.0001   159.7740   -52.9234   182.6580   -56.6259   -56.1315   -83.5773
   540.0000     0.0001    77.9808    59.9850    58.4983   -53.4006  -120.7480  -159.0170
   540.0000     0.0001    70.2908   177.8510    56.7048    77.5375  -130.1760   152.8040
   540.0000     0.0001    23.0000   284.6160   -25.5398    32.8124   128.5630    79.5992
   540.0000     0.0001    63.7659   264.3940    36.8977    99.6500    87.6715   171.2810
   540.0000     0.0001    90.5765    -7.7778   114.9710   -95.2995     9.7817  -170.9030
   540.0000     0.0001    89.8898    99.6223    87.2219   -33.8969  -324.5760    56.6669
   540.0000     0.0001   128.4240    58.9860    57.7121  -154.8410   123.6700    65.5125
   540.0000     0.0001   123.8600   -11.4809   143.8110   -88.7688   -46.4795  -140.8210
   540.0000     0.0001    82.5226   174.7320    48.8164    80.5052  -157.3040   126.1100
   540.0000     0.0001    83.7644   146.5240    84.6551    56.8198  -270.0860   112.6410
   540.0000     0.0001    23.5647   252.7540   -21.4595    76.1246   107.8730    96.6715
   540.0000     0.0001   -10.9143   259.4170   -65.3111    23.6013   116.1180    36.9380
   540.0000     0.0001    39.7705   268.5920   -40.2353    95.9443   123.9560    63.8580
   540.0000     0.0001   115.7400   -36.6867   131.8070  -101.4740   -19.2600  -111.5990
   540.0000     0.0001    60.9821   227.8360    21.4442    98.9496    12.8149   197.4690
   540.0000     0.0001     8.8460   185.1730   -15.5131    28.9289   159.2060    93.7264
   540.0000     0.0001    77.2264    54.8384    48.1001   -39.0522  -133.1280  -134.5560
   540.0000     0.0001    12.1133   242.1790   -33.1768    52.5210   130.9750    60.3204
   540.0000     0.0001   -13.8611   253.6020   -98.4018    27.8693   149.6750   -20.9396
   540.0000     0.0001    15.7114   256.4620   -30.4302    74.1691   108.1850    80.9050
   540.0000     0.0001   140.6020   138.4810    53.2409  -184.8570   -46.0805   138.1580
   540.0000     0.0001    82.9595   236.7900    30.6811    93.3621   -28.7865   148.7280
   540.0000     0.0001    27.3249   247.1960     1.9374    97.0626    79.1744   121.8800
   540.0000     0.0001    73.9222    60.9958    76.9765   -98.8953  -149.4760   -86.9537
   540.0000     0.0001    83.0086    62.9266    61.2389   -36.9528  -203.8700  -173.4190
   540.0000     0.0001    67.8783   221.1810    64.7020   146.3740   -27.5622   117.8380
   540.0000     0.0001    35.5670     6.8432    40.1186   -69.0602   146.6750  -153.1230
   540.0000     0.0001    78.3761   183.8340    56.3137    92.5507  -120.5200   176.6070
   540.0000     0.0001    10.3499   241.7470   -51.9156    43.1379   138.0210    41.7984
   540.0000     0.0001   -24.0732   277.4380  -106.4010     4.0424   155.7900   -22.4969
   540.0000     0.0001    88.7512   151.8750    65.7352   168.0490  -261.6690   153.1590
   540.0000     0.0001   268.8510   -51.8591   207.7180   -30.8458  -109.4140    -3.1308
   540.0000     0.0001    63.1108   223.9830    33.8169   118.4290     0.4023   146.3470
   540.0000     0.0001    25.6861   200.7430   -50.4638    90.2260   131.1450    30.2790
   540.0000     0.0001    33.9278   108.3820   -10.5577   -23.2154  -172.9490  -100.8810
   540.0000     0.0001    74.4409    61.3989    54.2473   -44.1127  -173.8880  -178.7260
   540.0000     0.0001    57.9698   229.5700     8.2162    97.0748    17.4253   170.5150
   540.0000     0.0001   247.4290   -12.6047   276.6420   -11.7461   -95.8352   -12.2781
   540.0000     0.0001    79.4166    76.8740    73.0611   -66.1165  -319.4220    17.3457
   540.0000     0.0001    44.4011    55.1143    -4.8295    -5.4947  -113.6920   135.3340
   540.0000     0.0001    74.7989   134.9400    74.0581   136.1020  -304.9160   123.4910
   540.0000     0.0001    87.6230    81.4114    68.4741   -36.0099  -318.7260  -169.0770
   540.0000     0.0001   233.4650   -31.7791   118.7320   -87.3090  -107.6120   -20.1332
   540.0000     0.0001   273.5860    15.4380   130.5520   -43.8694  -144.4900    -9.2216
   540.0000     0.0001    51.5156   189.4650    -6.3629   112.3440   187.3680    61.4936
   540.0000     0.0001    78.0543   240.9830    36.9831   154.0520    19.2931   171.6410
   540.0000     0.0001    25.5578   228.1610   -26.6504   109.4880   100.7490    87.0883
   540.0000     0.0001   158.0000   112.0920    80.6257   213.1050    -5.9565    25.8640
   540.0000     0.0001    91.8852    47.8158    49.4615    41.0650  -233.9300  -130.6410
   540.0000     0.0001   142.8720    39.8427    27.2657    75.9085   -90.3627   -43.8483
   540.0000     0.0001    17.1369   193.0600   -10.1284    31.2760   155.3850    89.7734
   540.0000     0.0001    43.4568   236.6420    13.7532   100.0430     6.1066   137.2750
   540.0000     0.0001   120.3970    98.2947    56.3447  -266.3220    63.4067   116.0410
   540.0000     0.0001    80.0774    64.0195    61.4380   -81.7614  -221.5690  -137.7620
   540.0000     0.0001    99.0748   118.1250    69.7954    27.8646  -335.6630   162.5240
   540.0000     0.0001    86.7549    68.5589    57.1579   -13.3319  -181.9430  -229.9230
   540.0000     0.0001    76.0894    88.1149    75.2890   -92.0549  -350.3850   -84.9854
   540.0000     0.0001    87.5880   112.1600    55.1231   417.9420   297.3230   -79.6738
   540.0000     0.0001    46.5569   249.5400    37.7430   113.6020    37.4510   153.9690
   540.0000     0.0001    82.7558   169.4810    83.6913   134.2570  -143.5760   196.9130
   540.0000     0.0001    33.9679   279.6230   -55.2466    54.3940   143.6420    40.6171
   540.0000     0.0001    83.7942    56.9405    52.0012    60.3175  -285.2960  -122.7220
   540.0000     0.0001    80.2539    59.3160    65.1799    10.6892  -182.5710  -138.4840
   540.0000     0.0001    18.8768   266.7680   -14.9024    73.1517   126.8960    87.4200
   540.0000     0.0001    73.2152    76.6554    69.3633   -83.5240  -293.1370  -133.5190
   540.0000     0.0001    21.6199   281.6040    -5.2322    75.2932   110.6740    87.7965
   540.0000     0.0001    57.7326   216.3300    30.7819   147.3790   -36.9275   186.6770
   540.0000     0.0001    24.0713   101.8810   -24.1207   114.7090   217.9120   -72.1287
   540.0000     0.0001    66.4425   198.1510   -24.5569   122.8140   156.9140    59.0713
   540.0000     0.0001    31.6086   -16.9234    46.0056   -39.8791    80.9322  -175.4650
   540.0000     0.0001    67.1569   115.6220    63.7111  -352.5220   -30.3149  -288.8880
   540.0000     0.0001    82.5375    98.9822    71.7267   234.9850  -435.1910    69.3308
   540.0000     0.0001    83.0047    25.8107    39.0366    22.0186  -142.7540  -103.7120
   540.0000     0.0001    35.3000   102.3380    23.3973    65.3028   296.4500    -6.2977
   540.0000     0.0001    71.0863    60.9866    56.6299   -51.9089  -182.6630  -169.8570
   540.0000     0.0001    70.9516    64.4137    68.8006   -90.7768  -201.5750  -145.0270
   540.0000     0.0001    55.5275   259.7580    10.6740   118.2100    52.3984   119.1860
   540.0000     0.0001    50.2142   174.1030    49.9421   194.7210  -116.8770   195.4560
   540.0000     0.0001    68.7432   241.5570    21.6925   113.4440   -17.1237   129.0660
   540.0000     0.0001    43.3284   162.4460   -21.7301    68.4734   212.5170    36.3563
   540.0000     0.0001   -23.2439   267.4950   -75.3059    12.9961   145.1370    19.2868
   540.0000     0.0001    75.6633    61.8449    49.4090   -48.5832  -162.5140  -174.6690
   540.0000     0.0001   152.2350    99.3376    55.8940   245.7510   -39.7803   -13.9140
   540.0000     0.0001    43.7491   240.9410   -74.5953    67.7423   134.2010    21.3961
   540.0000     0.0001    76.8047   195.6160    61.1240   123.8430   -86.6176   150.8160
   540.0000     0.0001    62.9918   263.7370   -12.4269    87.8087   112.5230   107.3820
   540.0000     0.0001   187.6700   -50.7688   186.3810   -60.1599   -70.1887   -60.9240
   540.0000     0.0001   188.4330   -46.2015   200.4670   -51.0390   -80.9831   -58.3797
   540.0000     0.0001    70.9516    64.4137    68.8006   -90.7768  -201.5750  -145.0270
   540.0000     0.0001    77.8901   123.0970    77.8444    65.8524  -407.0240    86.8331
   540.0000     0.0001    76.0261    73.1819    67.0944   -69.9435  -300.9030   -51.0785
   540.0000     0.0001    45.3683   261.0500   -31.7840    94.3866   119.3870    80.4821
   540.0000     0.0001   101.3760   154.3730    79.1535   -58.6965  -166.8780    95.6388
   540.0000     0.0001    -3.1825   270.4540   -26.7180    48.9917   125.0300    71.7494
   540.0000     0.0001    38.5720   258.0000   -30.1125    87.5912   124.9500    85.7145
   540.0000     0.0001    17.2263   284.3160   -96.7427    48.1232   151.0550    -7.2601
   540.0000     0.0001    96.5198   -50.7718   128.6130   -96.9912   -14.2079  -105.9290
   540.0000     0.0001    72.6931   226.2230    25.7978   125.4890   -55.2908   159.1850
   540.0000     0.0001    71.7233   219.6500    15.5922   143.6160   -37.7195   155.7470
   540.0000     0.0001    99.0159    64.9886    98.2003   162.5700  -269.6990     5.2608
   540.0000     0.0001    49.0678   257.1630     7.6082   114.0410    71.3981   129.0700
   540.0000     0.0001    79.7713   133.6780    52.2307   119.7740  -313.8290   209.1880
   540.0000     0.0001    42.1523   263.3700    14.6079   107.8630    69.2247   119.7500
   540.0000     0.0001    65.3363   253.4000    -6.9901    89.0070   111.1690   105.5980
   540.0000     0.0001    22.1178    38.2405    12.0495   -13.7990   186.4280  -164.7880
   540.0000     0.0001   -26.7817   194.4270   -40.7129    23.1040   136.3580    52.8520
   540.0000     0.0001    44.7791   156.0580   -16.8675   123.7700   217.7860    11.2621
   540.0000     0.0001    76.5053   231.1940    37.7780   149.1660   -46.0992   132.7360
   540.0000     0.0001    85.8119   100.3460    61.0855  -406.1500   196.0660    89.7956
   540.0000     0.0001    84.3910    64.2587    74.2810   -68.7521  -171.2150  -114.4390
   540.0000     0.0001   293.4540    27.3297   178.8700   -30.7568  -131.3410    -3.0128
   540.0000     0.0001    19.0681   213.4660   -33.6191    89.2492   134.6210    46.1794
   540.0000     0.0001    78.3761   183.8340    56.3137    92.5507  -120.5200   176.6070
   540.0000     0.0001    95.8822   -28.5761   125.9650   -73.8917    20.6862  -141.5420
   540.0000     0.0001    84.2793   165.8390    55.0854   134.6760  -150.1550   190.2250
   540.0000     0.0001    54.7617    68.8721    35.7767   -89.8788    70.5656  -140.0960
   540.0000     0.0001    53.5550    71.5665    26.3002  -101.7800    63.1834  -116.2100
   540.0000     0.0001    72.1998   102.9000    59.4709   650.6870    76.1460   232.7670
   540.0000     0.0001    70.7551   250.3250    12.2200   100.3040     8.4583   111.8600
   540.0000     0.0001    70.6367    92.5060    56.6221   269.6670   126.0200   164.9030
   540.0000     0.0001    64.2309    53.9666    50.6869   -65.0872   -86.7710  -141.3160
   540.0000     0.0001    83.8926   128.7070    82.6553   116.2230  -308.2690   120.4110
   540.0000     0.0001     2.3430   238.8640   -69.6403    45.4561   141.7710    15.4011
   540.0000     0.0001    60.8666   153.5380    37.6393   128.1220    42.8516   -65.9887
   540.0000     0.0001    46.8000   284.0370   -46.3747    57.5860   146.2260    44.5729
   540.0000     0.0001    69.7699    66.2601    58.8980   -88.8243  -201.9990  -172.5780
   540.0000     0.0001    69.7699    66.2601    58.8980   -88.8243  -201.9990  -172.5780
   540.0000     0.0001    23.6269   212.6030   -55.6754    62.2986    71.3147    36.1162
   540.0000     0.0001    62.3787    13.6499    64.9888   -79.7786   109.2010  -211.1760
   540.0000     0.0001    73.7624    66.7469    56.1936   -59.5001  -212.0440  -184.5020
   540.0000     0.0001    62.7687   152.6790   -42.0048   143.8090   182.2090    25.1819
   540.0000     0.0001    -2.1005   235.4620   -37.5140    32.3327   115.9650    62.2634
   540.0000     0.0001    26.8047   194.0860     4.1179    56.4924   178.3500    88.9501
   540.0000     0.0001    77.9526    61.3738    49.9252   -20.7909  -175.7120  -170.0120
   540.0000     0.0001    49.4196   261.0540   -23.2980    72.9814   124.9810    80.7534
   540.0000     0.0001    21.4518   200.4490     3.9501    53.5907   168.1070    95.6997
   540.0000     0.0001    53.0725   176.3920   -71.2316   128.3290   135.9240     7.3722
   540.0000     0.0001   340.2430    49.5299   168.4640     6.6458  -133.1520    16.0884
   540.0000     0.0001    49.4648   191.1990    -7.1872    72.2842   192.8260    62.1040
   540.0000     0.0001    43.7548   239.3220    37.9853   131.3330    31.0006   146.6940
   540.0000     0.0001    86.6555   113.8840    80.4163   107.0210  -360.4160    59.9811
   540.0000     0.0001    29.8684   225.4980   -20.1802    87.5733   132.9600    65.9485
   540.0000     0.0001    28.8840    91.8932     7.2280   197.9390    19.9452   286.9320
   540.0000     0.0001   202.4550   -45.8948   221.5810   -44.7564   -94.6798   -37.6403
   540.0000     0.0001     5.8210   220.8470   -15.8982    76.1851   129.2690    67.0233
   540.0000     0.0001    76.4268    86.2791    72.2004   -78.7618  -357.5250  -109.8410
   540.0000     0.0001    78.3743   243.7860    25.7781   130.0900     6.6323   157.6910
   540.0000     0.0001    51.7586   239.8890    -5.3565   138.0240    80.3746   110.2950
   540.0000     0.0001    50.7284   157.6260   -14.3871   102.5790   231.6990    11.1977
   540.0000     0.0001   130.4980   -46.9765   118.4260  -128.3610   -44.8148   -70.8364
   540.0000     0.0001   -10.9993   282.6740   -74.8531     7.6882   157.4040    18.6710
   540.0000     0.0001    72.7701   232.0400    17.7892   113.0600   -42.0568   109.5340
   540.0000     0.0001    73.5428    61.5808    55.8590   -51.0918  -156.5800  -169.5490
   540.0000     0.0001    15.0505   261.1970   -33.6845    67.0786   133.5040    71.5558
   540.0000     0.0001    61.8121   207.8870   -50.0993   119.4550   133.1930    37.9686
   540.0000     0.0001    90.1100   235.1740    32.7198    90.6930   -22.9270   139.1270
   540.0000     0.0001    44.5076    50.5793    27.0363   -35.8038   232.8220  -193.3350
   540.0000     0.0001    28.9821   115.4880    -6.7763    62.3735   266.3850   -54.9239
   540.0000     0.0001   102.7980   -22.7899   108.6610  -100.7290    12.9044  -145.6610
   540.0000     0.0001   288.2830    13.6704   166.5300   -26.8270  -138.0010    -0.3303
   540.0000     0.0001    84.3275    71.8107    69.2868   -50.2978  -294.4250   -91.1705
   540.0000     0.0001    48.3636   293.6440   -22.2422    61.7137   124.8050    83.3008
   540.0000     0.0001    58.7364   269.6810   -28.1779    92.4222   125.1160    82.2913
   540.0000     0.0001   -22.6567   235.3050   -73.2028    27.6159   146.1240     9.3710
   540.0000     0.0001    57.6863   256.1500    -1.9400    76.7691   115.4990   126.1390
   540.0000     0.0001     2.1671   245.7580   -54.5501    47.4506   106.3180    60.4107
   540.0000     0.0001    62.2880   248.8440    -9.7932    95.8824    50.8897   127.1140
   540.0000     0.0001    31.9181   280.5060   -53.0502    37.8045   111.2340    52.0081
   540.0000     0.0001    35.0328   213.7520    -6.6475    80.0314   149.0520    83.2593
   540.0000     0.0001    29.5505   122.7810    -6.5025   -25.6054   270.3910    16.5738
   540.0000     0.0001    71.3347    58.8499    55.2614   -60.6474  -139.5710  -170.8090
   540.0000     0.0001    66.2318    65.3838    59.4414   -90.8089   -64.8134  -199.6920
   540.0000     0.0001   -36.7788   214.9900   -96.0892     1.2122   139.8680    -9.4372
   540.0000     0.0001    62.6122   256.6490     1.5520    77.5431   111.1090   131.4190
   540.0000     0.0001    97.9828   -19.7828   125.5460   -91.5291   -14.2933  -152.2230
   540.0000     0.0001    22.5425   293.7070   -72.4290    35.3273   149.1410    26.4227
   540.0000     0.0001    24.1999   249.0980     1.4102    86.6967    54.7140   114.9250
   540.0000     0.0001    83.2582    78.3185    64.9682   -14.6749  -331.2420   -83.6740
   540.0000     0.0001    10.3177    90.3181    -0.3034   192.4890    15.3686   234.4220
   540.0000     0.0001    62.1041   249.1650    20.1085   121.0820    13.2993   128.2840
   540.0000     0.0001    96.5346   189.4690    77.1352    78.1978  -146.0860   120.0790
   540.0000     0.0001    95.8696   -61.3697   119.7970  -105.2280    -4.6115   -85.9868
   540.0000     0.0001    60.2080   257.9200    10.0472    97.3516   105.1670   143.8590
   540.0000     0.0001    42.2206    94.1520    16.8537   -42.2667  -232.2620  -186.4420
   540.0000     0.0001    80.3829   230.4970    20.6928   122.7330   -36.7474   143.6570
   540.0000     0.0001    77.3159    57.7302    52.1261   -12.6702  -150.9760  -169.5250
   540.0000     0.0001    11.8069   244.2210   -28.0662    64.5076    98.1507    92.9843
   540.0000     0.0001    80.9675   133.5100    78.1472   -41.2616  -343.1790   191.0730
   540.0000     0.0001    81.5843    55.5701    54.2094    45.2658  -108.7030   -31.0244
   540.0000     0.0001    68.3281   247.1110    27.0062   125.7450     9.2590   147.6640
   540.0000     0.0001    89.6483   119.6300    80.1437    98.7068  -373.8190    15.8031
   540.0000     0.0001    56.6281    71.0205    41.5470  -108.2080    81.0181  -149.7870
   540.0000     0.0001    15.0944   277.9630   -87.8565    37.1074   140.9400    14.0250
   540.0000     0.0001    25.0422   -29.5000    60.9006   -25.5785    64.7653  -167.8390
   540.0000     0.0001   125.7840   -43.7749   131.3410   -80.9458   -19.7223  -120.9340
   540.0000     0.0001    68.1994    58.2196    61.1856   -98.0669  -141.8080  -114.1950
   540.0000     0.0001   301.9100   187.3290   144.4730    70.4407  -171.5740    18.9121
   540.0000     0.0001    54.8942   -23.3151    80.2913   -98.6643    58.0784  -146.2790
   540.0000     0.0001    48.6462   275.0190     2.4600    98.4587    99.2194   113.0790
   540.0000     0.0001    64.2314   160.9150    56.0116    80.6659  -190.6840   171.2130
   540.0000     0.0001    75.8168    56.8047    54.8604   -72.6405  -163.7450  -148.9760
   540.0000     0.0001   -14.8042   217.8570   -65.8731    48.6648   124.7600    41.6426
   540.0000     0.0001    16.8438   115.0470   -12.7965    88.7574   236.7570   -49.2281
   540.0000     0.0001    59.3967   264.2160    36.5071    83.6408    82.9042   170.5960
   540.0000     0.0001    48.1217   228.4280     0.3255   135.9580    86.4696   124.6140
   540.0000     0.0001    22.4144   226.6320   -18.2308    65.6531   138.6090    73.4460
   540.0000     0.0001    42.2681   109.7060    26.3421    86.9696   319.3880    39.4676
   540.0000     0.0001    80.4933   194.7400    56.8700   127.9300   -88.2306   137.4550
   540.0000     0.0001    69.5158   155.2160    56.7949   101.0630  -196.1450   205.3260
   540.0000     0.0001    -1.3804    96.1747    -5.8452    34.1713   223.5720   -69.3620
   540.0000     0.0001    66.6462    64.4188    58.0035   -95.0730  -160.3430  -200.1840
   540.0000     0.0001    82.4541   190.5440    52.0310   113.5580   -92.4709   132.8770
   540.0000     0.0001    62.5874     3.2429    57.6052   -87.9030   121.6870  -172.6900
   540.0000     0.0001    83.0908   113.6510    76.0359   -20.4311  -406.6360    79.6475
   540.0000     0.0001    41.7119   219.0800    20.6140   122.0050   -15.8720   144.2670
   540.0000     0.0001    -5.4611   272.2280   -42.7886    44.8875   129.2750    54.5639
   540.0000     0.0001    53.6587   247.3810    33.9184   125.8220    32.8923   155.0550
   540.0000     0.0001    69.2472    59.2656    48.4546   -61.6922  -126.5150  -175.6470
   540.0000     0.0001    78.2386   135.9230    78.4793    55.7862  -352.8190   125.5250
   540.0000     0.0001     2.5457   288.0020   -46.2232    18.1034   144.7330    53.3085
   540.0000     0.0001   113.4150   -79.3766   169.7060   -63.5575   -50.4801   -83.6911
   540.0000     0.0001    33.9056   287.1810   -13.2867    82.3658   130.4000    82.3237
   540.0000     0.0001    52.4332   270.1680    -7.5378   101.2570   112.2750   107.2020
   540.0000     0.0001    50.6436   266.5110    -2.7316   108.9280    87.2057   109.4840
   540.0000     0.0001    37.6871   260.1760   -16.7572    98.6238   100.9310    97.2574
   540.0000     0.0001    59.2794   235.0430    10.4251   141.9840    84.9531   137.3930
   540.0000     0.0001    90.2670   162.3170    58.4403   107.1940  -214.5340   119.1450
   540.0000     0.0001    56.0080   270.9220   -37.7344    85.7634   134.8310    75.1549
   540.0000     0.0001    81.6111    95.6016    67.9512    50.3709  -448.5020     4.8532
   540.0000     0.0001    82.7631   120.6500    79.5117   113.2330  -388.3730    12.4242
   540.0000     0.0001    87.4975    69.3481    59.9177    -2.1585  -185.7040  -228.5860
   540.0000     0.0001    56.3214   149.3470    60.6973   223.1670  -242.2810   164.1170
   540.0000     0.0001    49.4825   225.7130   -30.5772   113.8650   132.1060    58.0623
   540.0000     0.0001    17.1738   292.7180    -3.5194    55.3120   124.5650    85.4698
   540.0000     0.0001    -9.3583   291.8190   -39.7147    24.4979   141.8880    49.2486
   540.0000     0.0001    72.7658   -18.0297    96.3823   -89.7464    44.5496  -161.9320
   540.0000     0.0001    93.5306   109.1420    79.9880    79.4117  -378.7070   -21.8297
   540.0000     0.0001    84.6093    84.4949    73.1901    67.7020  -348.5750   -56.0412
   540.0000     0.0001    58.5446   258.9950   -19.6936    66.1626   114.4950   100.2000
   540.0000     0.0001     2.5457   288.0020   -46.2232    18.1034   144.7330    53.3085
   540.0000     0.0001    37.1251   135.0190   -23.9098   118.0330   225.6460   -26.6564
   540.0000     0.0001    86.1484   159.9200    80.4225   190.2240  -187.6310   175.2270
   540.0000     0.0001    81.0231   -25.5182    92.8449   -97.5154    48.5978  -143.1590
   540.0000     0.0001    22.7157    54.4588     6.7628   -25.1715   210.8990  -146.2270
   540.0000     0.0001    80.7223    63.4408    64.5099    17.0762  -227.3530  -122.4850
   540.0000     0.0001    72.1738   119.8890    68.1489   147.8100  -392.6870   173.2070
   540.0000     0.0001    46.0918   232.5990     9.9467   106.7710    23.8170   149.4430
   540.0000     0.0001   295.9400    54.2273   149.0710   -15.3880  -153.9800     1.0590
   540.0000     0.0001    49.7065   229.2090    18.4648   130.1270    25.2642   163.8890
   540.0000     0.0001    64.2314   160.9150    56.0116    80.6659  -190.6840   171.2130
   540.0000     0.0001    43.1222   258.1020   -15.6966    99.3973   115.4290   102.0340
   540.0000     0.0001    72.8554   155.6400    59.3803    76.1012  -259.9980   128.1230
   540.0000     0.0001    73.1553   123.4620    70.4005   162.3060  -391.6080   110.1760
   540.0000     0.0001    76.6042   185.9820   -31.6089   130.4160   160.9250    68.6595
   540.0000     0.0001    41.1307   197.5250   -26.2118   109.6270   158.6290    50.9852
   540.0000     0.0001    77.9701   237.5670    21.1194   129.9390     7.4140   169.2290
   540.0000     0.0001    16.3996   201.6170    -7.8180    50.2262   157.9940    89.4533
   540.0000     0.0001    19.6166   241.5780     0.1345    80.3531    56.6059   117.7790
   540.0000     0.0001    76.9107   266.5670    -2.6678   130.9000   106.0330   107.7590
   540.0000     0.0001    75.2229   145.3540    66.4802   112.1090  -269.1000   151.7390
   540.0000     0.0001    84.4126    82.4241    73.4710   -88.2066  -341.0600   -22.2292
   540.0000     0.0001    40.5529   250.2230    14.7219   112.2530    47.3529   125.6270
   540.0000     0.0001    83.0601   112.2220    67.7619    65.9458  -450.5860    75.6806
   540.0000     0.0001    41.7880   107.3380   -44.4872    54.4956   -21.4132   203.9670
   540.0000     0.0001    67.7285   201.9060   -19.1668   129.1740   153.8950    65.5823
   540.0000     0.0001    65.6342    57.6984    66.4684  -111.4040  -159.5480  -107.0220
   540.0000     0.0001    71.3722    64.6823    62.7960   -74.6731  -197.1980  -158.8670
   540.0000     0.0001    90.8292   155.6010    80.5309    94.7270  -230.7970   141.2810
   540.0000     0.0001    14.1797   258.8400   -45.1744    41.1663   131.9040    54.1606
   540.0000     0.0001    75.5279   220.0920    24.8780   122.5950   -63.8331   120.7770
   540.0000     0.0001    25.4754   136.5820   -30.5814    85.5501   215.0570   -10.4067
   540.0000     0.0001    79.9770    78.8860    70.7271   -18.3130  -351.5640    15.7985
   540.0000     0.0001    76.1396   141.0780    59.7286   151.9950  -316.7400   149.2730
   540.0000     0.0001    82.7917   129.2880    68.0341    40.6538  -345.0840   170.3520
   540.0000     0.0001    81.5242   120.7990    81.3643    68.4523  -345.9290   131.4770
   540.0000     0.0001    72.8845   133.9050    71.0548    65.3996  -338.5200   151.6560
   540.0000     0.0001    52.0399   246.7700    29.4932   125.0820    21.1938   137.6900
   540.0000     0.0001    53.3398   265.7700   -59.0749    78.3373   136.3500    45.9743
   540.0000     0.0001    85.8712    65.7220    68.8973    26.0677  -253.8690   -74.5103
   540.0000     0.0001    70.7782    58.4227    44.1803  -108.2240     4.3734  -127.8860
   540.0000     0.0001    47.6272   147.7360   -12.4808   107.6570   245.8670    16.2202
   540.0000     0.0001    60.8104   249.0520    -2.0297   123.8810    64.4616   127.9770
   540.0000     0.0001    65.8282    -2.7929    67.7034   -89.2351   100.2210  -171.3840
   540.0000     0.0001    99.1956    53.4371    90.4611  -199.0230    -5.7092  -220.7710
   540.0000     0.0001    77.4699   181.1340    34.6048   134.8330   -88.1302   150.2980
   540.0000     0.0001    51.9554   284.2980   -34.3706    50.3033   112.6820    77.9532
   540.0000     0.0001    -1.7431   248.6050   -73.9878    51.5641   136.2480    23.4874
   540.0000     0.0001   174.4530   -56.4667   161.4920   -89.8330   -81.9047   -47.6123
   540.0000     0.0001    44.0979   242.1440   -26.8552   107.3240    86.6932    98.7018
   540.0000     0.0001    18.8061    78.3986   -12.6344    67.7984   217.7520  -119.4760
   540.0000     0.0001    55.6958   142.0780    47.5359   198.0810  -215.4610   277.2300
   540.0000     0.0001    86.2263    86.2081    69.4907    34.1460  -386.2370   -38.7868
   540.0000     0.0001    61.7075   -31.6516    86.0745  -116.6700    35.8592  -127.9110
   540.0000     0.0001    99.7501    98.7203    45.9638  -304.6270    66.7271   234.5530
   540.0000     0.0001    70.6367    92.5060    56.6221   269.6670   126.0200   164.9030
   540.0000     0.0001    77.2941    68.1614    69.6505  -107.7270  -258.6470   -72.4950
   540.0000     0.0001   166.6920   -56.5960   230.1360   -34.0044   -67.2004   -60.0096
   540.0000     0.0001    65.7728    61.4184    56.8936     7.9792  -144.6110   -54.8999
   540.0000     0.0001    25.0992   225.2680    -8.6553    94.8723   115.9010   118.0300
   540.0000     0.0001    45.2212   195.1200    -2.1368    60.8099   186.3340    83.3911
   540.0000     0.0001    51.8815   194.9810   -23.5858    94.3482   170.4370    55.1646
   540.0000     0.0001    79.9161    66.4461    59.5893   -17.1588  -221.9020  -177.3740
   540.0000     0.0001    72.1591   230.4010    24.0684   124.6840    -6.3739   172.0840
   540.0000     0.0001    17.0037   208.0370   -30.8008    55.9105   143.9730    66.6086
   540.0000     0.0001    59.8563    64.4845    47.2860   -77.9040    71.9930  -131.4210
   540.0000     0.0001    77.7240   183.9410    45.0862    83.1584  -114.5730   162.0670
   540.0000     0.0001    61.0917   216.0260    18.8799   118.2230   -31.6280   162.2180
   540.0000     0.0001    66.0263   225.4070    24.9980   131.7260   -41.8272   170.2870
   540.0000     0.0001    66.4840   165.8490    57.1973    83.4256  -169.1450   170.8790
   540.0000     0.0001    65.8602   238.1600    32.8428   153.9550     0.6889   149.3880
   540.0000     0.0001    74.9650    71.5402    74.7922   -46.2918  -252.7820  -112.3440
   540.0000     0.0001    54.5603    68.3034    41.9857   -98.6905    54.3789  -148.4350
   540.0000     0.0001    -0.7897   197.0650   -19.3733    35.1229   153.6820    80.2321
   540.0000     0.0001   119.0850   -65.4445   140.8010   -71.8489   -16.1175   -99.3466
   540.0000     0.0001    76.2833    53.4050    67.4016   -81.6873  -112.0150   -92.1315
   540.0000     0.0001    89.8341   184.5460    66.3272    68.4523  -136.9910   137.6300
   540.0000     0.0001   162.7070   -48.0332   158.9250   -81.2340   -48.4653   -77.0655
   540.0000     0.0001    20.4840   264.0980    -4.2283    83.8135   110.5910    96.8493
   540.0000     0.0001    -5.9196   225.0140   -34.2604    62.3890   107.4030    81.5478
   540.0000     0.0001    63.2942   -21.2140    68.1688  -150.1110    62.7478   -99.4747
   540.0000     0.0001   111.4420   -63.6852   158.8070   -75.6210   -40.5498   -95.6589
   540.0000     0.0001    88.1970   254.8580    20.6905   148.7300    64.5410   141.3930
   540.0000     0.0001    49.3606   239.6720    18.2634   115.3140    40.0364   160.9050
   540.0000     0.0001    50.9230   230.0240    22.9164   108.3200   -24.6807   143.2250
   540.0000     0.0001   150.8440   -64.1771   213.3140   -40.2482   -59.0659   -69.3996
   540.0000     0.0001    75.5776   105.2520    -6.8662   -11.5062   -17.9008   294.6900
   540.0000     0.0001    16.7047   243.5920   -42.0664    62.1765   133.3670    43.5514
   540.0000     0.0001    77.9144   232.2130    37.9969   152.5420   -33.0698   166.2440
   540.0000     0.0001    27.9927   160.2680    43.6046   202.7990  -121.2260   172.5610
   540.0000     0.0001    47.8659    93.1529    25.3658    -8.8666   173.8260   -79.1547
   540.0000     0.0001    -7.6409   244.8540   -99.8671    38.6396   147.2070   -22.2578
   540.0000     0.0001   100.6740   -26.4356   124.8900  -107.9540    -7.4178  -127.6930
   540.0000     0.0001    56.3372   215.3480   -17.9473   100.5020   145.6070    74.5071
   540.0000     0.0001    71.7826   156.7620    57.0286    73.3660  -251.9070   123.0600
   540.0000     0.0001   128.7550    83.7552    64.5232   307.0680  -140.0310    -6.9338
   540.0000     0.0001   -20.8762   287.7120   -74.2286    11.1499   147.4290    11.4291
   540.0000     0.0001   -35.0277   232.9820  -112.5330     2.8814   143.1010   -33.1964
   540.0000     0.0001    37.0694   250.0110   -16.9493    80.3891    55.9447   105.5110
   540.0000     0.0001    72.5581   143.5840    58.7799   193.3870  -296.2290   175.4760
   540.0000     0.0001    75.7822   139.5220    67.0024   144.3610  -333.8420   128.2160
   540.0000     0.0001   113.3010    86.9583    43.6126  -238.0130   102.0580   167.1490
   540.0000     0.0001    72.6129   240.4350    49.9460    86.2515   -24.7479   145.3360
   540.0000     0.0001    45.4107   208.0250   -35.2822    61.3599   106.4890    50.1632
   540.0000     0.0001    42.8120   207.5440   -29.9712    64.7178   129.6370    70.9857
   540.0000     0.0001    86.2098   200.0820   -28.3291   134.0210   131.6650    80.9374
   540.0000     0.0001   197.2900   -44.5035   203.9480   -50.0361   -81.4608   -53.2646
   540.0000     0.0001    19.1363   248.0240   -64.7574    90.8602   127.9710    18.1051
   540.0000     0.0001    60.2164   226.6560   -55.7488    91.4367   127.3360    41.8677
   540.0000     0.0001    58.6963    71.1869    37.3967   -43.0087    90.9596  -172.9940
   540.0000     0.0001    33.0544   134.3850    24.5831    93.3097   236.7220    56.0971
   540.0000     0.0001     2.0225   217.2500   -89.0591    48.7275   137.5120    -6.7571
   540.0000     0.0001    91.8116   140.9020    84.6448    34.1647  -263.5590   152.0880
   540.0000     0.0001    46.6976   250.7380    -1.5190   117.7910    76.7537   116.5520
   540.0000     0.0001    73.2631    74.3378    64.8659   -84.4495  -261.3920  -173.9220
   540.0000     0.0001    63.8646   204.5450    -9.0265   141.6650   148.4470    74.2907
   540.0000     0.0001    22.5405   288.5650   -29.9085    64.8506   128.6730    63.7471
   540.0000     0.0001    58.5243   256.0070    -0.5229   122.3730    70.4054   119.0070
   540.0000     0.0001    42.4060    71.8217    13.4366   -89.1613   276.3540  -116.9760
   540.0000     0.0001    65.3753   239.3840    47.7675   138.1340    -3.5406   160.0040
   540.0000     0.0001    32.4013   239.8260    -1.1660    71.3518    51.9926   138.0500
   540.0000     0.0001    46.2251   244.3610    52.4968    81.1613     3.2699   157.3840
   540.0000     0.0001    60.7662   226.7660    40.2823   123.3920   -30.2665   150.3290
   540.0000     0.0001    49.6102   232.4040    27.1740   123.8120   -11.3108   144.4800
   540.0000     0.0001    17.0676   230.9770   -15.6663    60.2139   136.2990    77.2787
   540.0000     0.0001    82.8509   109.6660    79.5631    79.0100  -412.9290   -39.3317
   540.0000     0.0001   132.4910    47.1700    79.1261   154.7850  -178.3570    14.5310
   540.0000     0.0001    33.7687   234.0240    -0.1091    89.7934    88.3768   143.3190
   540.0000     0.0001    85.4253   108.7800    82.2497    65.0482  -363.6800    85.1779
   540.0000     0.0001    91.5915   101.1830    73.5202    50.4364  -408.4850    24.5446
   540.0000     0.0001    98.0098   158.3560    75.7845   148.3510  -208.8610   185.1890
   540.0000     0.0001   177.5100   -49.3923   200.3090   -47.9423   -71.1408   -71.0992
   540.0000     0.0001    82.5598    56.8169    52.2017  -104.2330  -101.4760  -139.3720
   540.0000     0.0001    84.5170   141.6370    70.4223    12.0981  -281.6950   185.1270
   540.0000     0.0001    83.8016    92.1681    72.3780    41.9678  -395.0920  -140.9150
   540.0000     0.0001   139.8160   -42.7586   165.2210   -71.1467   -36.5420  -100.2510
   540.0000     0.0001    45.7443    47.6111    12.3013   -16.3304   229.6950  -166.7490
   540.0000     0.0001    90.8819   -20.8692   130.9840   -63.9805    12.6902  -158.0350
   540.0000     0.0001    86.8844   145.1380    59.0166    53.4118  -292.0790   142.4950
   540.0000     0.0001    78.1207    62.1553    58.6975    -8.0143  -181.1680  -171.6410
   540.0000     0.0001    27.8242   265.5740   -34.3362    93.0155   106.2810    63.4856
   540.0000     0.0001    80.0642   130.0520    80.5050    41.6610  -373.0420    88.3014
   540.0000     0.0001    68.5152    57.3027    68.8201  -117.3750  -153.6710   -92.3693
   540.0000     0.0001    37.7258   257.5820     6.9057   104.4960    70.5697   118.1950
   540.0000     0.0001    83.9568    76.5561    64.9701    35.1122  -275.1610  -162.8790
   540.0000     0.0001   127.8880   -40.6188   158.1900   -64.5416   -19.7209  -113.9800
   540.0000     0.0001    67.7900    54.7560    45.1174   -70.5871   -69.8208  -155.4630
   540.0000     0.0001    89.3813   102.9120    77.0557    40.9565  -403.5530   -67.7963
   540.0000     0.0001     2.2177   124.0650   -17.7980   119.3960   -18.0937   167.6710
   540.0000     0.0001    94.0334   149.1820    75.7842   101.4650  -247.1170   126.5450
   540.0000     0.0001    18.1213   251.5710   -25.2718    81.2604   103.2140    88.6974
   540.0000     0.0001    86.1563    94.5583    69.1707   -13.9983  -424.0120    40.1545
   540.0000     0.0001    68.4506   229.6720    30.7027   142.5920   -43.7116   153.1350
   540.0000     0.0001    69.7990   245.9380    28.0675   126.6550     3.5401   145.8790
   540.0000     0.0001    82.3805   267.3190   -16.2372    92.9092   115.8490   100.0040
   540.0000     0.0001    84.9418   111.2070    87.5068    86.8996  -337.0330    55.1571
   540.0000     0.0001    27.5704   114.4450    -9.0120    69.9300   261.1730   -52.1991
   540.0000     0.0001    82.8184   114.5870    70.6966   130.2990  -432.1600    75.5988
   540.0000     0.0001    -7.2842   286.3390   -28.4942    31.6599   132.3350    63.0822
   540.0000     0.0001    35.2435   241.3530  -120.0450    52.6633   138.5940   -27.5002
   540.0000     0.0001    68.6476    63.6955    58.0754   -80.6941  -191.5280  -173.8870
   540.0000     0.0001    48.4092   159.8940    39.8325   185.0990  -162.9690   225.5290
   540.0000     0.0001    60.7755   216.6530   -24.9188    97.8532   142.1720    67.3839
   540.0000     0.0001    90.5086    72.4232    78.6125   -17.8670  -236.1010   -90.4096
   540.0000     0.0001    56.3088   236.4540    47.6878   129.9150     4.3900   175.8460
   540.0000     0.0001    75.4841   114.9850    78.4435   161.2080  -373.2460    46.5244
   540.0000     0.0001    61.5431   271.1330   -17.1396   101.4090   109.1530   103.0200
   540.0000     0.0001    33.6052    98.8068    41.8911   361.0150    18.7962   228.2900
   540.0000     0.0001    86.9554   149.4700    79.9773    83.1863  -235.2830   168.6860
   540.0000     0.0001    61.5975   197.8190   -34.7704   137.4740   143.2720    47.4364
   540.0000     0.0001    51.3706   -15.3192    67.2474   -71.1860    90.0858  -162.7740
   540.0000     0.0001   -29.7925   230.5560   -68.4223    25.1408   121.6560    30.3894
   540.0000     0.0001    24.1311   127.2370   -14.5632   -22.1110   237.4130   -20.1780
   540.0000     0.0001    15.5412    21.0503    31.2694  -105.9930   151.2350  -121.5800
   540.0000     0.0001    29.4913   244.9330    10.3078    56.7597    29.8566   129.2340
   540.0000     0.0001    23.8179   244.5770   -13.3332    87.0464    78.6471   111.6260
   540.0000     0.0001    82.0046   176.6830    66.3812    62.0877  -163.1390   159.3050
   540.0000     0.0001    98.4067    56.4364    13.6627   -79.2389   124.8190   200.2900
   540.0000     0.0001    60.9443    61.7561    41.6306   -42.1116    19.5246  -166.1300
   540.0000     0.0001    33.8333   252.6210   -21.0223   100.9850    96.7389    91.3533
   540.0000     0.0001    77.3042    85.7405    70.9899   -50.1364  -350.5450  -134.3600
   540.0000     0.0001    39.1572   122.8080    -7.8429   -23.4458   279.1690    12.6910
   540.0000     0.0001    60.1174   185.3560    40.0743    17.5179   -98.4277   191.6330
   540.0000     0.0001    75.7838    67.2758    61.5335   -11.9767  -237.6910  -159.9150
   540.0000     0.0001    69.8045   209.6440   -20.9458   105.7180   142.8980    60.1766
   540.0000     0.0001    77.6729   266.6830    23.9353   108.0210    67.3793   147.0150
   540.0000     0.0001    44.1576   250.8700    -1.4915   101.3980    89.4002   127.2660
   540.0000     0.0001   -23.0394   213.7760   -61.8463     7.6500   124.2670    41.4786
   540.0000     0.0001   254.3290   -45.8795   265.5260    -8.3889   -99.3604    -8.4797
   540.0000     0.0001    62.8354   269.0310    23.0196   101.0790    52.2200   119.1770
   540.0000     0.0001   279.3470    34.9242   163.1440   -37.9654  -144.9410    -0.4985
   540.0000     0.0001    82.6556   221.3590    48.9129   111.5660   -79.3697   164.4560
   540.0000     0.0001    36.2378   243.4610     5.6609   108.4260    48.3978   125.8630
   540.0000     0.0001    68.6348   110.8460    53.5301    77.5511   262.9760   -57.2410
   540.0000     0.0001    89.4134   114.9880    71.7748    32.2154  -432.9060    36.2816
   540.0000     0.0001    72.1605    61.2754    53.8182   -50.8665  -302.7350   -87.5135
   540.0000     0.0001    51.5664   259.5070    13.0933   109.6490    41.5579   113.8870
   540.0000     0.0001    94.2828   139.3290    95.4564   -25.8540  -216.1390    80.0409
   540.0000     0.0001    91.9563   120.3700    75.8363   -49.2753  -356.5310    79.9749
   540.0000     0.0001    88.8390    84.0604    71.6997   -28.7064  -331.7230  -139.7570
   540.0000     0.0001    70.6206   236.6060    20.9377   146.2050    -2.7138   147.7370
   540.0000     0.0001    77.1047   -21.9952    90.1693   -97.6466    44.3011  -153.7460
   540.0000     0.0001    42.8854   266.7230    -8.3915   105.2860    86.1081    95.2670
   540.0000     0.0001    62.9929    -4.3040    68.2418   -97.7302    98.3013  -163.9190
   540.0000     0.0001    61.1428    56.4198    62.4758   -68.1333  -103.3210  -134.2270
   540.0000     0.0001    79.8555    62.6008    56.8365    13.0292  -201.7310  -162.3310
   540.0000     0.0001    10.6296    75.6855     4.9967   210.9520    37.9909   218.6720
   540.0000     0.0001    64.3677    62.9286    46.2414   -44.3404   -18.1211  -199.0540
   540.0000     0.0001    18.6742   231.1750   -22.8034    78.7331    83.0495   103.6770
   540.0000     0.0001    13.8897   161.9150   -25.4395    35.6964   198.0110    48.8806
   540.0000     0.0001    74.9047   247.0770    19.1866   136.0650    22.0034   145.8350
   540.0000     0.0001   126.2360   -14.3844   160.0410   -78.0282   -51.4299  -132.3750
   540.0000     0.0001    70.6749   178.3530    50.9301    99.5849  -129.1820   138.0860
   540.0000     0.0001    25.4609   118.0470   -11.8972    46.7540   257.3620   -34.9493
   540.0000     0.0001    69.7078   135.3620    53.4246  -187.9530   -49.0384  -308.4770
   540.0000     0.0001    59.9455   180.8480    38.0480    92.1655   -92.5325   153.3050
   540.0000     0.0001    53.4267   263.8340    20.2955    58.1695    87.7385   148.7670
   540.0000     0.0001    81.6326   106.4120    79.8626   274.3400    41.8081   367.6100
   540.0000     0.0001    25.2295   -16.7287    53.4981   -25.0756    90.1759  -169.4440
   540.0000     0.0001    32.5105   242.1680   -25.6189    87.6379   128.2500    88.4183
   540.0000     0.0001    53.2471   258.1090    18.6224   123.0770    46.7560   119.1300
   540.0000     0.0001    81.6498   130.6990    81.5745   181.7590  -335.1840    58.2448
   540.0000     0.0001    60.1221   227.4470    32.1854   156.7950    -1.9903   176.9380
   540.0000     0.0001    50.8127   239.9930     0.5590   129.7880    74.4905   130.9260
   540.0000     0.0001    60.8043    64.1296    36.7738   -43.6982    64.3278  -145.7270
   540.0000     0.0001    72.1915    58.2332    47.5149   -45.4224   -25.6812  -161.7560
   540.0000     0.0001    67.4852    63.6012    35.7905   -58.7722    55.6777  -131.7250
   540.0000     0.0001    88.5048   108.1370    84.0503   -21.8011  -377.9920    31.4111
   540.0000     0.0001    73.2712    69.1699    78.3519   -96.4125  -176.7270  -134.1520
   540.0000     0.0001    65.9043   219.3830    61.1830   136.3020   -31.0843   144.2150
   540.0000     0.0001    52.0151   258.4590    12.8994   111.3840    45.8477   121.2750
   540.0000     0.0001    19.1351   270.9060   -48.2027    37.2875   104.2540    57.0662
   540.0000     0.0001    74.4454    63.0050    52.6320   -84.3752  -189.3610  -175.0590
   540.0000     0.0001    73.7646    -8.7117    81.9179   -60.3555    70.7148  -190.1540
   540.0000     0.0001    28.1809    88.0011     4.6478    19.2716   276.3890  -105.7380
   540.0000     0.0001    81.9379   213.9210    25.1739    93.2344   -75.2421   174.5090
   540.0000     0.0001    73.0627   224.0590    30.3197   130.4730   -71.2351   141.1890
   540.0000     0.0001    82.7105   121.5780    72.7569   184.2750  -403.4890   101.7920
   540.0000     0.0001   129.5470   -21.3634   141.4430   -89.9082   -33.3770  -128.8000
   540.0000     0.0001    82.7326    67.2416    62.8094     0.3419  -213.7780  -163.3810
   540.0000     0.0001    83.6162    92.4975    71.1315    34.8788  -412.5710   -39.5024
   540.0000     0.0001    23.3517   241.5030    -5.9188    74.1467    85.1057   125.9360
   540.0000     0.0001    86.8072   112.3420    66.0716    29.5371  -418.2830   189.6360
   540.0000     0.0001    19.9453   243.1970   -48.1971    66.2635   136.0910    39.3946
   540.0000     0.0001   -11.5593   221.5540   -73.1617    19.6878   137.5590    21.3346
   540.0000     0.0001    71.7061   167.7010    57.7082    75.1100  -142.3570   219.4300
   540.0000     0.0001    26.5151   255.3580    -6.0061    91.3015    98.4542   109.0290
   540.0000     0.0001    68.0924   238.9910   -38.3452   109.1430   119.7950    54.5168
   540.0000     0.0001    31.0556   184.9670   -34.4431    99.5695   165.9200    31.8585
   540.0000     0.0001    85.8980    74.1694    61.5004    -7.2706  -340.2220  -151.2520
   540.0000     0.0001    66.2507    51.7440    54.2744   -51.9136   -73.4287  -113.0020
   540.0000     0.0001   220.6810   -52.0918   151.5420   -71.6660  -103.8390   -23.6758
   540.0000     0.0001    71.5206    57.5082    66.5199   -48.9389  -165.8760  -110.0840
   540.0000     0.0001    28.9120   148.6460   -64.6096    83.5040   172.8340   -14.9561
   540.0000     0.0001    80.5565   112.2780    71.3975    46.6502  -431.2910   102.2810
   540.0000     0.0001    46.9370    10.5930    46.0963   -95.8850   128.1000  -175.1180
   540.0000     0.0001    82.9449   160.3050    37.0341   145.3500  -207.3050   153.7860
   540.0000     0.0001    30.9410   101.2390   -17.5225    79.3376   241.2740   -90.4581
   540.0000     0.0001    21.3979   287.2180   -30.5211    30.4396   121.9380    71.3039
   540.0000     0.0001    62.1040   279.0040    20.3656   108.7730    93.5089   124.7790
   540.0000     0.0001    70.3964   217.2850   -27.4550   107.1030   133.9570    63.9567
   540.0000     0.0001   150.5120   -62.4744   207.2470   -55.9693   -81.5793   -60.3347
   540.0000     0.0001    82.0490   113.9810    82.6118    98.4408  -357.4600    87.1590
   540.0000     0.0001    67.3158   145.7650    43.7371   107.3030  -261.0860   178.2740
   540.0000     0.0001    27.7552   267.8050   -22.0222    68.6445   135.7240    80.7564
   540.0000     0.0001    82.8814   239.0310    19.9019   107.8980    -5.2419   154.8890
   540.0000     0.0001    56.0918    65.1439    32.4465   -72.0519    -6.7091  -180.7440
   540.0000     0.0001   143.0740   141.3810    50.2710   202.6930    94.1661   -41.3510
   540.0000     0.0001   -11.0150   243.7380  -119.7010    27.1136   146.1500   -41.7674
   540.0000     0.0001    71.8800   226.7570    34.9883   124.6750   -43.6721   163.6130
   540.0000     0.0001    80.4933   194.7400    56.8700   127.9300   -88.2306   137.4550
   540.0000     0.0001    37.1211    92.5339    -3.0042    48.1148   277.2100  -107.8140
   540.0000     0.0001    74.8661   256.5510    16.4102   130.9070    42.6770   128.1480
   540.0000     0.0001    43.5858   266.6180   -17.2672    98.5663   112.2970    97.7895
   540.0000     0.0001    35.1268   251.5460   -37.4413    63.0453   124.1460    90.3102
   540.0000     0.0001    78.4444   265.4410    -1.9395   126.9350    69.4874   106.6410
   540.0000     0.0001    32.6624    80.5373    10.3264    -4.2718  -205.7680  -135.6650
   540.0000     0.0001   129.5860    81.7355   112.0290  -107.9230   107.5150   -74.0365
   540.0000     0.0001    57.8718   247.8160    18.4000   131.6340    40.5670   143.0370
   540.0000     0.0001    62.1381    57.8767    66.2250  -116.4890  -114.7830  -119.4190
   540.0000     0.0001   102.2530    91.1304    83.6500  -211.5840   184.0000  -113.4950
   540.0000     0.0001    77.5803    -3.1558    81.8343  -109.1060    66.4068  -174.0340
   540.0000     0.0001    70.1523    57.1551    65.7227   -34.9558  -136.1810  -142.2280
   540.0000     0.0001    75.3044   162.0670    48.0555   265.6800   110.0430   103.2680
   540.0000     0.0001     4.1536   281.9580   -28.0552    44.7605   134.6990    69.9382
   540.0000     0.0001     9.6471   267.1140   -51.9173    38.2483   146.8580    40.7739
   540.0000     0.0001    71.6793   224.4680    26.1406   118.1650   -32.1706   131.1650
   540.0000     0.0001    10.0971   191.7360   -25.8720    53.3395   164.3800    66.3233
   540.0000     0.0001    87.6846    65.8892    62.8200    47.0814  -211.2000  -148.2990
   540.0000     0.0001   180.3540   -48.0712   258.3880   -16.9400   -80.5750   -48.3906
   540.0000     0.0001    37.1251   135.0190   -23.9098   118.0330   225.6460   -26.6564
   540.0000     0.0001    50.3581   221.9810    39.0143   111.5270   -29.8804   194.3980
   540.0000     0.0001    62.6122   256.6490     1.5520    77.5431   111.1090   131.4190
   540.0000     0.0001    87.9120   102.3030    73.2388     9.3320  -426.0900    33.2643
   540.0000     0.0001    82.9378    65.1340    70.2162    14.8609  -225.7670  -120.1620
   540.0000     0.0001    14.8962   269.1260   -50.2908    66.3095   137.9330    47.5974
   540.0000     0.0001    46.2499   135.8700    -6.3978    74.3037   279.2260     9.1124
   540.0000     0.0001    84.2476    68.4901    52.7553   -23.0704  -205.4740  -224.3100
   540.0000     0.0001    87.3779    84.8656    68.4256    65.3927  -350.4030   -81.0795
   540.0000     0.0001   103.4750   -41.9545   146.3590   -52.7621    -9.2460  -134.9830
   540.0000     0.0001    67.2131    61.1219    38.8070  -111.4090  -100.3750  -171.6670
   540.0000     0.0001    73.6320    57.3611    65.1552   -32.5731  -165.5860  -120.9640
   540.0000     0.0001    45.0638   234.3340    19.6134   120.5360    30.9830   154.5140
   540.0000     0.0001    17.5150   207.0120    -7.8310    38.6026   135.0360    97.3817
   540.0000     0.0001    96.5346   189.4690    77.1352    78.1978  -146.0860   120.0790
   540.0000     0.0001    57.3077   180.3390   -33.9251   127.3360   169.7800    36.6402
   540.0000     0.0001   149.8110    42.6491   107.9150   -81.7896    96.2856   -15.3703
   540.0000     0.0001   184.5170   -61.3133   239.8570   -26.8899   -75.6244   -48.7881
   540.0000     0.0001    31.2354   226.5840   -77.4282    91.0829   128.7310     5.1248
   540.0000     0.0001    59.9756   255.5240   -11.4242   107.4270   120.3520   100.0330
   540.0000     0.0001    77.0542   165.0230    50.9721    95.2202  -182.9070   145.1770
   540.0000     0.0001    69.3981    62.5510    54.4168   -74.8364  -166.2270  -179.0490
   540.0000     0.0001    43.0471   256.7240    -5.6653   110.0720    78.1678   109.6880
   540.0000     0.0001   107.4520   -29.1519   121.1280   -89.6551     3.3678  -138.4340
   540.0000     0.0001   219.2240   -18.4079   161.7700   -82.6812  -110.2620   -33.9898
   540.0000     0.0001    62.6633   233.1690    33.9233   157.8230    -3.3344   151.8660
   540.0000     0.0001    30.6936   282.9640    10.4959    47.5129   113.0380   120.0450
   540.0000     0.0001    76.1568    68.6854    67.9327   -31.1002  -249.4170  -124.2900
   540.0000     0.0001    68.9310   137.0010    59.8148    99.7444  -324.4860   158.7860
   540.0000     0.0001   345.4450   153.9810   179.2140    44.3568  -143.4030    26.8163
   540.0000     0.0001    31.1542   178.1590   -26.3065   103.7440   178.8070    38.4762
   540.0000     0.0001    86.4548   141.5110    84.6181  -217.6280    17.7325  -200.8230
   540.0000     0.0001    81.4202    81.0503    79.2741     1.9991  -301.8810   -88.5258
   540.0000     0.0001   199.7600   339.4170   128.2040   159.7280  -119.8920    53.3124
   540.0000     0.0001    68.4307   232.9120    40.5729   141.7390   -34.6323   157.1360
   540.0000     0.0001    81.4500   188.9180    49.2759   104.7050  -102.9890   110.8750
   540.0000     0.0001    24.8177   264.9680    -2.7656    83.5769   111.3110   100.9280
   540.0000     0.0001    82.5016    95.9334    70.9858   132.6840  -412.7260   -11.3367
   540.0000     0.0001    83.1106    69.1717    64.4373    48.7326  -238.7280  -157.4210
   540.0000     0.0001   222.3800   -53.8392   187.3850   -60.4814   -99.4307   -22.6183
   540.0000     0.0001   116.9800    58.3945    76.7590   181.8640  -246.4290    22.9141
   540.0000     0.0001    91.4965    73.5494    76.1490   -27.5503  -292.5300   -19.2226
   540.0000     0.0001   184.5900   -12.9382   215.7070   -46.0922   -80.2054   -74.0946
   540.0000     0.0001    87.5646     0.4469    82.4130  -125.0240    33.9978  -180.1910
   540.0000     0.0001   -40.3864   202.1750   -99.5472   -10.6545   125.8940    -0.0847
   540.0000     0.0001    28.1400   228.5270    -8.5213    95.4344    50.3814   118.8040
   540.0000     0.0001    72.2571   179.7030    46.2325    91.3550  -111.8670   142.5030
   540.0000     0.0001    60.0214   267.4860    11.0044    70.7837   104.9560   138.7030
   540.0000     0.0001    77.5855   261.3090    28.4265    89.5564    41.3791   149.9560
   540.0000     0.0001    67.3351    58.6729    43.8913   -48.1260   -50.9669  -189.6730
   540.0000     0.0001    84.5618   138.1180    84.0023    85.8111  -280.2170   122.0100
   540.0000     0.0001     1.5415   266.7460   -35.8950    17.5431   106.8300    66.4268
   540.0000     0.0001    87.7963   109.5610    74.3286    68.6101  -424.0390    34.2682
   540.0000     0.0001   193.9460    -3.9496   152.2900  -103.5170  -108.7200   -56.4799
   540.0000     0.0001   115.4310   -34.7178   153.3320   -68.9648   -20.7952  -126.5890
   540.0000     0.0001    71.0470    64.6086    55.8881   -70.0515  -178.3780  -188.9470
   540.0000     0.0001    84.6524    53.2692    55.9541   -32.6544   -90.0960  -119.4420
   540.0000     0.0001    93.6123    44.5383    55.1740    49.6009  -243.1960   -88.3729
   540.0000     0.0001    48.3951    54.6671    -3.5011    12.5233   -90.8661   142.7270
   540.0000     0.0001    75.8418   221.9270    28.1631   123.8270   -62.8634   180.9070
   540.0000     0.0001     5.4233   197.0900   -59.8922    80.2618   140.8640    13.5087
   540.0000     0.0001   132.1400   -25.6958   104.0040    22.9103    15.5300    23.4820
   540.0000     0.0001    87.3106    69.2290    51.3564   -32.8741  -168.5760  -223.1840
   540.0000     0.0001    47.1953   149.6930    51.2850    63.9717   122.4550   -65.9631
   540.0000     0.0001    82.6556   221.3590    48.9129   111.5660   -79.3697   164.4560
   540.0000     0.0001   -23.2963   230.2110   -97.5942    16.8156   145.5380   -11.4066
   540.0000     0.0001   108.8870    75.9594    69.5245   228.2870  -292.8780   -18.1332
   540.0000     0.0001    81.0914   159.2540    71.6929   134.7510  -192.2240   172.0130
   540.0000     0.0001    62.7687   152.6790   -42.0048   143.8090   182.2090    25.1819
   540.0000     0.0001    58.4537   230.2260   -55.6127   110.5440   124.1160    34.4927
   540.0000     0.0001    77.1168    64.0524    64.9273   -15.9647  -204.6190  -149.7740
   540.0000     0.0001    52.6053   273.4810     4.7319    84.3214   111.9550   130.3020
   540.0000     0.0001    58.0936   265.7020   -49.2551    90.3004   129.6880    55.6878
   540.0000     0.0001    76.0967   154.9470    69.4472    95.9134  -255.1660   106.1320
   540.0000     0.0001    59.9553    65.4010    41.5091   -47.6204    41.4276  -172.7310
   540.0000     0.0001    64.4574   263.5890    15.3935   113.7970    97.2486   132.8340
   540.0000     0.0001    81.8107   160.6360    53.8790    26.5975  -201.0930   194.9940
   540.0000     0.0001   119.0140   -63.2347   145.4890   -66.1239   -18.2437  -103.6320
   540.0000     0.0001    74.6578    61.0448    56.7964   -47.3271  -178.6810  -162.4420
   540.0000     0.0001   191.9810   404.9040    99.5967   155.0150   -83.8547    61.3919
   540.0000     0.0001   103.5560    94.3002    69.4823   391.1920  -187.0740    55.0262
   540.0000     0.0001    64.9216   166.0460    53.6711    71.0479  -173.6800   162.5200
   540.0000     0.0001    63.2942   -21.2140    68.1688  -150.1110    62.7478   -99.4747
   540.0000     0.0001    73.4543   194.0470    58.3573   139.8720   -82.4195   179.9980
   540.0000     0.0001    90.2313    87.0246    72.7688   -26.0152  -317.1080  -133.7280
   540.0000     0.0001    58.9632   248.8610   -52.3690   110.0270   127.0160    42.4415
   540.0000     0.0001    93.0214   127.2260    83.1876    59.8798  -356.8440    55.5641
   540.0000     0.0001    60.2020    64.8314    41.0332   -44.2869    98.2445  -122.5850
   540.0000     0.0001    40.9551    89.5574    43.2240   346.2160    73.9901   270.3430
   540.0000     0.0001    64.9562    60.1261    64.4302   -70.6398  -141.3200  -147.2140
   540.0000     0.0001    31.9604   270.1820   -31.2350    86.6269   128.6730    72.6310
   540.0000     0.0001    70.6323   150.1470    57.1412   100.7100  -230.9580   187.1690
   540.0000     0.0001    73.3634    31.3047    69.0584   -70.9747    97.6081  -258.8510
   540.0000     0.0001    49.5928   158.3460    -8.6364   109.3880   237.3400    30.6042
   540.0000     0.0001    23.1624   243.5670   -12.7472    83.0165    69.0800   112.1460
   540.0000     0.0001    78.8122   133.4010    77.5268    23.3540  -341.4160   201.3560
   540.0000     0.0001    47.7916   232.3760   -86.1216    71.0197   132.2370    11.8516
   540.0000     0.0001    18.5955   110.5980   -14.1213    27.6816   251.4220   -26.1290
   540.0000     0.0001    44.1576   250.8700    -1.4915   101.3980    89.4002   127.2660
   540.0000     0.0001    84.2558   222.2660    41.0199   154.8550   -66.6845   180.6820
   540.0000     0.0001    72.5752    71.1336    71.5979   -89.9082  -255.0960  -117.5850
   540.0000     0.0001   -17.8413   287.8690   -54.8854    11.7369   153.4690    35.0418
   540.0000     0.0001   105.5510   -28.9587   151.4880   -62.1479   -12.3925  -138.5850
   540.0000     0.0001    77.7995   118.7180    83.6722   159.8440  -331.6830    87.0843
   540.0000     0.0001    66.4425   198.1510   -24.5569   122.8140   156.9140    59.0713
   540.0000     0.0001   146.3410   -32.5343   178.7400   -65.9793   -51.6085   -99.1421
   540.0000     0.0001    63.7852   260.6530     5.0375    83.4426   105.6930   134.6610
   540.0000     0.0001    76.9112    67.3886    68.5330    -8.1671  -233.2550  -144.1050
   540.0000     0.0001   305.9910   238.3410   155.1480    91.9149  -154.3430    39.8559
   540.0000     0.0001   -31.6192   265.2800   -89.7526     1.9073   151.5430    -4.5952
   540.0000     0.0001    63.7280   246.5080    60.4266    96.4170     9.2987   172.6630
   540.0000     0.0001    89.3910    98.0769    86.0202     5.3033  -332.4890    36.4298
   540.0000     0.0001    80.8658   101.1290    82.0313    46.2144  -375.3070     6.9492
   540.0000     0.0001    -4.7056   247.4030   -61.5698    35.0584   110.1290    49.7438
   540.0000     0.0001    68.5678   185.0060    50.4800    61.3169  -102.6240   157.7700
   540.0000     0.0001   132.0790   126.1450   110.9320  -176.0640    72.1998   -58.5556
   540.0000     0.0001    17.0184   223.1690   -54.8706    88.8525   113.0270    60.3090
   540.0000     0.0001    48.2611   173.9410    -5.3696   103.0640   219.3950    44.8258
   540.0000     0.0001    62.8628   159.5280    58.8067    92.1231  -204.9300   152.0800
   540.0000     0.0001    77.9117    75.2794    69.8397   -21.9448  -262.2940  -165.9070
   540.0000     0.0001    19.1850    66.3740   -23.0350    26.0188   204.8860  -108.4820
   540.0000     0.0001    13.1163    27.7659    17.8208     3.2163   161.0930  -166.5220
   540.0000     0.0001    31.5385   153.5910   -52.7851    72.9258   184.6630     5.4690
   540.0000     0.0001   124.0340   -33.0443   138.3080   -87.7029   -18.5091  -121.8980
   540.0000     0.0001   169.9480   -45.0987   197.2840   -58.0522   -67.5169   -68.6705
   540.0000     0.0001   -30.1330   250.8850   -99.2505     3.0239   147.8030   -12.5067
   540.0000     0.0001    80.7602    60.4230    51.2721   -34.4556  -132.1350  -167.4050
   540.0000     0.0001    74.8963    83.5623    72.9586   -73.0012  -328.2120  -128.0710
   540.0000     0.0001    28.9999   108.7970    -1.9539    50.2205   278.8750   -66.4970
   540.0000     0.0001    76.6687   161.1780    57.5427    90.4699  -209.9240   145.7660
   540.0000     0.0001    54.8725   216.6420    -5.8148    89.5449   150.3780    85.0939
   540.0000     0.0001   310.4680   168.1080   154.6680    55.7947  -168.1830    26.7516
   540.0000     0.0001    74.0814    70.1241    59.4709   -75.6252  -219.6350  -186.7090
   540.0000     0.0001    22.4111   279.8130   -31.4178    78.2928   122.4610    60.0973
   540.0000     0.0001    87.1302    65.2054    80.5723   -74.5434  -215.4780   -50.2769
   540.0000     0.0001    56.1601   240.6260    16.3742   132.4070    38.9873   152.3020
   540.0000     0.0001    35.0771   176.4570    -9.8859    98.6642   198.2170    44.4127
   540.0000     0.0001    86.6205   -74.1068   158.3710   -59.1256   -36.7214  -102.1750
   540.0000     0.0001     8.5795   213.7250   -38.0538    43.8745   143.1750    60.3536
   540.0000     0.0001    91.7103    78.1096    71.3220    -0.2886  -320.5170   -79.0590
   540.0000     0.0001    41.3506    96.0210    44.2001   362.2550    42.4763   274.7460
   540.0000     0.0001    80.9276   136.1930    67.4087  -200.3420    21.7020  -288.6260
   540.0000     0.0001    26.5151   255.3580    -6.0061    91.3015    98.4542   109.0290
   540.0000     0.0001    68.4096    59.6150    48.6489   -74.7256   -99.1826  -180.5560
   540.0000     0.0001    21.8812   256.4700   -34.5231    81.5510   124.9500    72.5407
   540.0000     0.0001    59.9455   180.8480    38.0480    92.1655   -92.5325   153.3050
   540.0000     0.0001    82.0359    75.0700    69.3202   -39.3824  -316.7200   -27.4600
   540.0000     0.0001    53.3708   132.1580    57.7649   293.4200  -235.8870   207.7090
   540.0000     0.0001    47.1078    47.9428    25.2500  -116.8050   211.7330  -165.1460
   540.0000     0.0001   158.5470   121.9320    59.3660  -183.1700     7.0887   108.2990
   540.0000     0.0001   119.0200    33.2257    61.9324   101.1970  -198.9560   -20.9992
   540.0000     0.0001    67.4856    57.0449    46.3618   -43.7084   -45.2983  -161.2870
   540.0000     0.0001    -3.8357   269.1630   -42.3593    43.9934   130.5690    57.0336
   540.0000     0.0001    61.9920   269.2290    -0.0195   107.5240    70.4946   104.9310
   540.0000     0.0001    58.8015    70.4937    40.4375   -73.9841    84.8470  -162.1730
   540.0000     0.0001    87.9203    80.3967    71.4994   -45.3657  -312.2110  -146.9220
   540.0000     0.0001   138.7950   141.1070    80.4346    60.0813  -170.6790    65.4587
   540.0000     0.0001    23.0976   282.8510   -13.3125    72.8545   115.9150    79.3381
   540.0000     0.0001    11.9326    72.9154   -13.0366   148.6430    36.2048   228.3540
   540.0000     0.0001    73.0800   235.1890    25.5993   141.8800    -2.8496   171.0700
   540.0000     0.0001    85.6399    83.1687    86.4724   -87.5804  -252.8620   -82.4674
   540.0000     0.0001    25.1737   105.6130    -6.0256    75.0756   263.2390   -63.1496
   540.0000     0.0001    51.0083   270.0530     3.6329    62.9420   116.7100   125.8420
   540.0000     0.0001    86.9467   103.9930    81.2677    97.9272  -361.4830    -7.3812
   540.0000     0.0001    42.6124   152.7800   -45.0900    82.0512   194.6680    49.9547
   540.0000     0.0001     3.7570    48.8950     6.3566    17.2916   188.8560  -137.2100
   540.0000     0.0001     9.3861   247.9920   -36.8728    66.4722   107.3170    76.1286
   540.0000     0.0001    37.9676   118.4560    17.9240  -119.1620  -146.6370  -205.8750
   540.0000     0.0001    32.2539    31.8426    18.2039   -35.2035   170.7570  -184.1580
   540.0000     0.0001    17.7477   276.7430   -34.4970    44.6734    98.1581    64.0470
   540.0000     0.0001    74.5477   142.8610    62.0475   122.2330  -253.3430   204.1870
   540.0000     0.0001    59.0997   176.8050    43.4118    99.0308  -133.1050   122.8610
   540.0000     0.0001    82.1729    93.3949    76.3617    -4.1467  -357.8910  -111.2040
   540.0000     0.0001   170.2280    80.3432    26.7972   102.9180   -45.2946    -9.2187
   540.0000     0.0001    78.9430   106.1310    65.5633    67.6779  -497.6060   137.2130
   540.0000     0.0001    18.0968   128.2970   -71.3764   102.1150   159.3730   -44.8176
   540.0000     0.0001    46.1555   254.3960   -12.9259   109.8470    83.3369   108.0740
   540.0000     0.0001    21.3979   287.2180   -30.5211    30.4396   121.9380    71.3039
   540.0000     0.0001    96.6067   117.9140    70.8070    59.0727  -361.3080   140.4220
   540.0000     0.0001    -4.6634   258.7440   -44.5981    47.8948   117.6080    58.7969
   540.0000     0.0001   146.3410   -32.5343   178.7400   -65.9793   -51.6085   -99.1421
   540.0000     0.0001    64.4548   -32.9431    68.3362   -42.6628    72.9894  -160.4530
   540.0000     0.0001    77.7405    92.5071    70.4343    57.2658  -421.5750   -67.4506
   540.0000     0.0001   113.0050    25.2726    52.6482    74.0273  -188.9560   -37.0949
   540.0000     0.0001    51.8531   270.2040   -12.9499    55.3091   112.3760   100.7190
   540.0000     0.0001    91.6157   122.5150    82.0546    79.6978  -311.8480   168.5950
   540.0000     0.0001     6.6827   244.8480   -43.1639    47.8123    92.5647    74.4197
   540.0000     0.0001    47.0873   265.8730    17.0527    58.1275    47.9209   120.8360
   540.0000     0.0001    78.3260    68.7932    56.1423   -25.0513  -244.4860  -168.7350
   540.0000     0.0001    18.5955   110.5980   -14.1213    27.6816   251.4220   -26.1290
   540.0000     0.0001    77.7923    71.7394    71.0723   -13.1812  -287.0290   -71.0492
   540.0000     0.0001    43.6904   -19.8871    81.8759   -73.8442    55.4598  -164.0580
   540.0000     0.0001    57.6490   237.5160   -62.1657    79.6094   126.7920    36.1695
   540.0000     0.0001    30.1525   263.3080     2.7377    89.1604    86.2546   109.3580
   540.0000     0.0001   -18.1326   211.4620   -27.6528    18.6412   132.4250    75.9165
   540.0000     0.0001     0.7566   278.9140  -120.1290    22.2628   166.2790   -35.8233
   540.0000     0.0001     5.4226   274.6850   -29.8107    56.8274   127.9160    69.4577
   540.0000     0.0001    68.7702    61.7336    49.5164   -75.6781  -135.9920  -189.6690
   540.0000     0.0001   166.0540   -59.4375   229.4240   -26.2841   -73.4510   -64.7335
   540.0000     0.0001    33.3848   224.8420    16.1431   105.9540     8.8146   145.6050
   540.0000     0.0001    90.3375   109.8880    77.3871    97.1226  -396.4780    12.1222
   540.0000     0.0001    36.8367   144.4430    -8.0082   104.3250   248.8560     3.6774
   540.0000     0.0001    26.9522   226.5080   -17.3086    71.0873    42.6699   114.3420
   540.0000     0.0001    71.4392   143.4460    64.0170    83.7077  -276.4110   172.7800
   540.0000     0.0001   273.8200    35.7317   140.0210   -38.6820  -153.6410    -3.4428
   540.0000     0.0001    14.1326   264.6170  -116.9090    47.4408   148.2060   -26.5871
   540.0000     0.0001    24.2714    -5.3544    57.7672   -22.5752    99.2482  -180.7340
   540.0000     0.0001    47.8659    93.1529    25.3658    -8.8666   173.8260   -79.1547
   540.0000     0.0001    72.3624   176.5470    75.8900    91.2990  -157.7770   136.0040
   540.0000     0.0001   340.8280    63.6284   161.4460    12.6387  -138.4320    14.7191
   540.0000     0.0001    60.8401   280.8970   -34.6120    84.1073   137.0050    77.0338
   540.0000     0.0001   100.1350    62.3008    56.6331    89.4206  -288.3510  -108.3330
   540.0000     0.0001    75.9659    65.4484    59.5550   -32.0295  -206.5710  -181.2430
   540.0000     0.0001    71.6435   183.3050    50.9044    71.5206  -124.6170   130.6200
   540.0000     0.0001     3.6867   289.6540   -62.7423    17.9473   146.6630    34.3337
   540.0000     0.0001    32.7582   278.6980   -36.8703    38.7178   130.1840    69.4879
   540.0000     0.0001    25.8844   253.6430   -13.5795    87.9243    92.0748   102.8710
   540.0000     0.0001    67.4778   152.1130    53.9578   154.9400  -212.8210   168.5450
   540.0000     0.0001   109.1490   -31.8834   142.3800   -75.5974    -9.5016  -132.9130
   540.0000     0.0001   122.2540    33.8829    41.6296    78.1966  -124.2480   -57.4742
   540.0000     0.0001    60.0906   256.7320    10.9530   121.9130    84.8049   132.9620
   540.0000     0.0001    58.8804   242.2410     1.2352    91.9728   106.2750   142.8790
   540.0000     0.0001    87.9951   -19.2406   106.9980   -97.6762    29.8446  -151.7530
   540.0000     0.0001    76.0647    69.0326    70.5966   -12.9296  -249.9820  -139.7730
   540.0000     0.0001    85.3645   124.2190    85.3601   149.5900  -307.3780   100.7500
   540.0000     0.0001    43.4993   247.7080   -30.2667    89.4676   127.3750    81.0946
   540.0000     0.0001    82.1087    53.6516    48.1192   -16.1017  -137.6460  -122.0320
   540.0000     0.0001    48.5701   253.4720    29.4923   120.2380    35.2058   125.7170
   540.0000     0.0001   184.7780   -75.2122   215.3360   -53.2072   -81.8566   -32.1557
   540.0000     0.0001    72.5558   262.3140    23.3224    93.8848    35.3512   134.0280
   540.0000     0.0001    73.9425    60.6913    47.9089   -51.4996  -131.7790  -181.5910
   540.0000     0.0001    80.0925   106.1050    58.4803  -504.9380    39.6446   226.7580
   540.0000     0.0001    51.7013   239.2620   -12.4987    75.1200   129.9050    88.2988
   540.0000     0.0001    56.1644   260.0660    -4.3913   112.1650    87.8731   119.5330
   540.0000     0.0001    82.3805   267.3190   -16.2372    92.9092   115.8490   100.0040
   540.0000     0.0001    94.8880   -19.2022    96.7333   -88.3903    36.6453  -160.6600
   540.0000     0.0001    20.7660   262.4240    -1.6258    72.4347    91.7837   110.2330
   540.0000     0.0001    71.5526    60.3277    56.7141   -43.8979  -144.8660  -174.3350
   540.0000     0.0001    40.7988    87.0914   -11.0834   104.2720   251.2930  -105.0930
   540.0000     0.0001    69.2937   242.5390   -10.7755    92.2968    30.4624   115.2610
   540.0000     0.0001    81.7222   100.0670    75.3212    54.8730  -428.4240   -85.8905
   540.0000     0.0001    91.7427   142.6180    65.4749   -17.3444  -288.7390   170.4340
   540.0000     0.0001    50.3869    -1.9268    64.1312   -76.4268   108.5840  -170.4610
   540.0000     0.0001    76.3243    85.0769    72.8433   -55.6024  -359.8080   -87.3448
   540.0000     0.0001    57.0441   246.8290    27.8342   133.6360    28.2281   146.2790
   540.0000     0.0001    32.7582   278.6980   -36.8703    38.7178   130.1840    69.4879
   540.0000     0.0001    57.8748   236.9010    35.5536   144.7250    -2.9552   141.3130
   540.0000     0.0001    43.5153    77.2150    26.0892   -66.4250    94.1367  -112.7160
   540.0000     0.0001    94.0354    98.6902    71.3561  -323.7040   190.0990   -58.1304
   540.0000     0.0001    -0.4870   250.5290   -31.2222    46.0782    95.5968    80.9980
   540.0000     0.0001     4.7076   249.7280   -35.7518    56.2535    93.6995    77.3450
   540.0000     0.0001     0.0112   210.6060   -17.6519    31.5088    98.1521    79.0469
   540.0000     0.0001    66.8358   232.1830    40.3244    89.0461   -21.9529   149.6890
   540.0000     0.0001    36.9790   167.1060   -66.4370    80.9033   164.3190     5.6486
   540.0000     0.0001    56.1644   260.0660    -4.3913   112.1650    87.8731   119.5330
   540.0000     0.0001    73.7624    66.7469    56.1936   -59.5001  -212.0440  -184.5020
   540.0000     0.0001    30.6871   234.4350    12.3409    96.1932    16.1487   130.5200
   540.0000     0.0001    -4.4317   211.5370   -41.9108    49.6097   110.2550    85.0516
   540.0000     0.0001   126.3640   -51.4962   150.1050   -76.8177   -24.8368  -103.8200
   540.0000     0.0001    82.0490   113.9810    82.6118    98.4408  -357.4600    87.1590
   540.0000     0.0001    24.3304   202.9400   -30.1220    84.6809   159.2220    56.3418
   540.0000     0.0001    26.6925   241.2750   -20.2662    54.7546    74.2328   117.9180
   540.0000     0.0001    29.7713   268.3210    14.2438    87.4410    78.8809   114.1290
   540.0000     0.0001   272.4990   -39.0514   223.1860   -24.3045  -111.7090     3.2801
   540.0000     0.0001    73.1508   181.8320    50.9091    75.9171  -125.9130   142.8590
   540.0000     0.0001    84.7992    -7.2840    87.6754  -104.9260    46.8243  -173.6960
   540.0000     0.0001    99.7501    98.7203    45.9638  -304.6270    66.7271   234.5530
   540.0000     0.0001    47.5168   235.3580   -29.9310    91.0952   131.6150    74.7235
   540.0000     0.0001    91.4965    73.5494    76.1490   -27.5503  -292.5300   -19.2226
   540.0000     0.0001    29.0953   257.9270    -9.1291    89.6461    95.8546   102.1950
   540.0000     0.0001    67.7327   253.7610   -20.8639    97.4577   103.8340   107.6310
   540.0000     0.0001    78.5069    50.2512    55.8233   -21.9888  -110.5060  -103.0030
   540.0000     0.0001    67.8526    57.0558    65.8570   -62.5613   -90.0962  -132.6980
   540.0000     0.0001   193.7530   -42.5523   199.8920   -55.6053   -77.7808   -56.0825
   540.0000     0.0001    84.1093    93.4547    80.6776    33.3137  -366.6720   -83.4629
   540.0000     0.0001   -13.3823   221.6780   -83.6195    24.8339   142.1030     7.7218
   540.0000     0.0001    24.4674   222.3510  -116.1000    32.2693   113.6140   -14.5959
   540.0000     0.0001    28.9926   239.3090   -53.4163    76.9255   136.6200    50.5367
   540.0000     0.0001    72.9689   162.3830    44.6198    88.1390  -198.1300   137.3110
   540.0000     0.0001     6.4377   268.1870   -25.9940    60.1823   106.7230    75.0366
   540.0000     0.0001    73.0130   145.4070    75.4528   165.9280  -247.6310   133.2540
   540.0000     0.0001    80.3156   113.9840    68.7081   140.5400  -432.5590    94.8609
   540.0000     0.0001    47.8659    93.1529    25.3658    -8.8666   173.8260   -79.1547
   540.0000     0.0001   -14.8042   217.8570   -65.8731    48.6648   124.7600    41.6426
   540.0000     0.0001    70.3056   234.9770    28.1703   142.2930   -26.4443   142.7730
   540.0000     0.0001    27.3893   255.3530   -19.4065    91.9046    91.8130    91.5759
   540.0000     0.0001    32.3820   121.3670    34.7750   110.5920   292.2340    -3.1286
   540.0000     0.0001    60.6640   257.2400    27.5005   115.6430    65.8131   158.5180
   540.0000     0.0001    54.3327   251.3580   -10.3041    68.4845   128.6550   103.4200
   540.0000     0.0001    28.8191   255.7750   -70.9149    49.7594   135.8300    36.7359
   540.0000     0.0001    56.8961   230.6140    34.6849   130.2700    26.3559   199.1320
   540.0000     0.0001    86.8832   106.8780    79.2420    95.7344  -375.2870    97.9387
   540.0000     0.0001    60.0906   256.7320    10.9530   121.9130    84.8049   132.9620
   540.0000     0.0001    83.3096   138.4830    80.4182   189.2980  -318.9410    48.7511
   540.0000     0.0001    93.1260    68.6268    60.2316    -1.5909  -221.6680  -170.8540
   540.0000     0.0001    79.1830    63.4488    52.1284   -38.3534  -168.9250  -178.5600
   540.0000     0.0001   -13.8611   253.6020   -98.4018    27.8693   149.6750   -20.9396
   540.0000     0.0001    75.5950    68.3860    62.1965   -42.2778  -237.4160  -178.7740
   540.0000     0.0001    86.5780   119.7520    79.1331   115.8650  -387.9600    14.5181
   540.0000     0.0001    82.1493   132.8810    74.2229   152.9820  -358.8270   112.8850
   540.0000     0.0001    61.1452    59.4605    44.7616  -113.9950     7.1791  -128.3310
   540.0000     0.0001    32.1868   181.3500   -21.0395   105.4540   178.8740    45.0704
   540.0000     0.0001    55.5758    84.6641    27.2281   -44.4891   176.6670   -67.6777
   540.0000     0.0001    92.4438    72.4463    67.5272    18.4963  -275.3510  -124.8410
   540.0000     0.0001    92.8501   107.8580    70.4716    60.9125  -408.5170   100.7240
   540.0000     0.0001    67.8699   267.9490    17.1650   110.3680    85.9249   143.0130
   540.0000     0.0001    53.5634   164.6340   -15.3693   123.2420   214.2460    18.0771
   540.0000     0.0001    79.4679    63.8751    68.3012   -15.2850  -183.8630  -147.0730
   540.0000     0.0001    32.2884   281.9250   -40.2391    40.0146   136.2250    64.7014
   540.0000     0.0001    58.8204     2.2460    73.6388  -111.0300    75.6034  -181.1370
   540.0000     0.0001    95.8726    70.4442    53.6495    55.3888  -290.8890  -175.8670
   540.0000     0.0001     9.6471   267.1140   -51.9173    38.2483   146.8580    40.7739
   540.0000     0.0001    47.4212   224.9670    11.3336   130.3570     9.8043   143.3060
   540.0000     0.0001   307.4430   245.3040   135.8910    99.6473  -149.4600    27.3908
   540.0000     0.0001    78.6563   114.1020    68.5859    66.1671  -440.6360   146.2490
   540.0000     0.0001    89.0432    -1.0484    74.8839  -124.1310    58.7950  -171.1570
   540.0000     0.0001    70.6945    64.0284    62.7197   -47.0492  -205.0010  -155.1090
   540.0000     0.0001    47.6892   179.0080   -12.6347   120.3780   192.6230    38.3611
   540.0000     0.0001    21.1226   152.0610   -10.7838    -6.0318   224.1030    62.8971
   540.0000     0.0001    77.3215    63.8692    58.7541   -30.3473  -192.3630  -155.9210
   540.0000     0.0001    73.9836   250.9560    27.9687   134.6190    44.0540   164.5100
   540.0000     0.0001    81.2388    97.1059    72.5023   -24.9453  -430.2780    32.1821
   540.0000     0.0001    26.2012   252.2260    -1.0561    91.5313    82.2288   115.4550
   540.0000     0.0001    77.5014    62.2936    52.0673   -27.2903  -188.0910  -159.6970
   540.0000     0.0001    22.7157    54.4588     6.7628   -25.1715   210.8990  -146.2270
   540.0000     0.0001   167.7600   123.9670    77.8208   213.5730    27.4676    45.8389
   540.0000     0.0001   159.4290   -34.6593   208.8270   -50.8073   -62.9156   -80.7064
   540.0000     0.0001    21.4420   259.4850   -53.6718    84.0531   139.1390    37.0170
   540.0000     0.0001   -17.7788   181.9840   -47.2674    40.3959   148.0370    35.3567
   540.0000     0.0001    77.0685   166.1920    71.9948   110.7680  -163.9550   190.0760
   540.0000     0.0001    64.0265    59.3901    65.6395   -89.0133  -159.5750  -110.4750
   540.0000     0.0001    46.3415   279.3560   -40.0522    70.1490   139.2560    65.7647
   540.0000     0.0001    90.6825    63.6340    57.6933    38.3659  -191.5040  -142.1160
   540.0000     0.0001    78.6865   123.3460    65.7530    79.7189  -394.2020   146.1380
   540.0000     0.0001    75.8165   138.8970    81.2817   143.1280  -323.9290    80.7827
   540.0000     0.0001    64.1194   240.7420    34.0673   126.8210   -18.8676   129.0050
   540.0000     0.0001     1.0491   249.8480   -64.2832    59.2250   138.2230    22.9653
   540.0000     0.0001    75.8833    77.3004    56.1031  -121.6500  -249.5750  -228.3680
   540.0000     0.0001   146.1570   -44.6506   175.2040   -68.1447   -46.9092   -91.2137
   540.0000     0.0001    -8.1251   272.6420   -26.5355    32.9779   115.5060    72.7823
   540.0000     0.0001    33.5717   287.7270   -55.7454    61.5402   155.3860    42.2321
   540.0000     0.0001    50.7230    26.7151    35.6868  -106.3410   155.5980  -185.4600
   540.0000     0.0001    50.6943    92.4031    42.9837   286.3570    41.6550    -2.4227
   540.0000     0.0001    22.9445    96.9472   -20.4407    95.5925   227.1370   -80.6770
   540.0000     0.0001     2.7397   195.6050   -49.9724    82.7126   136.2360    50.4296
   540.0000     0.0001    75.4360    55.6930    59.3258   -20.0935  -143.9960  -141.0420
   540.0000     0.0001    95.6422   128.6370    83.6223    -2.2675  -302.7290    92.4455
   540.0000     0.0001    77.6179   118.3460    80.9969   143.7440  -352.1410    74.9582
   540.0000     0.0001    49.9601   267.1560   -18.3318   102.1480    84.4296    90.7958
   540.0000     0.0001    51.8927   215.2130    25.6247    78.6447   -82.8597   149.6960
   540.0000     0.0001    57.2137   129.9670    37.5381  -154.6590  -127.2550  -286.1670
   540.0000     0.0001    26.5833   257.4160   -34.3546    87.2179   125.3680    73.3619
   540.0000     0.0001    68.2281    12.9392    60.8656  -108.1740    78.1678  -211.3440
   540.0000     0.0001    45.3335   120.5830   -14.6921    40.3048   269.0610   -50.0156
   540.0000     0.0001    74.8291   153.9600    53.5705   176.3010  -245.3990   150.7570
   540.0000     0.0001    84.2476    68.4901    52.7553   -23.0704  -205.4740  -224.3100
   540.0000     0.0001   324.0570   154.8910   149.8860    39.9159  -160.3000    23.9873
   540.0000     0.0001     6.4394   228.3540    -9.5547    56.7832   130.6080    80.8980
   540.0000     0.0001    83.3612   142.1870    63.3598    52.8765  -295.0420   157.4050
   540.0000     0.0001    36.0764   101.3920    24.1268   -63.3519  -217.6310  -203.5740
   540.0000     0.0001     8.7051   215.4550   -29.5932    56.2207   141.2840    63.0198
   540.0000     0.0001   187.2650   -32.9545   228.2860   -40.4465   -74.7810   -53.5255
   540.0000     0.0001    66.2507    51.7440    54.2744   -51.9136   -73.4287  -113.0020
   540.0000     0.0001    79.8858   164.0910    63.9490   134.8460  -155.6970   207.8900
   540.0000     0.0001    47.4212   224.9670    11.3336   130.3570     9.8043   143.3060
   540.0000     0.0001    63.5051   265.3600     5.8869    78.6895    52.7518   124.1760
   540.0000     0.0001    32.3192    68.8733    -6.4244    30.0422  -147.8740   -65.4438
   540.0000     0.0001    87.4975    69.3481    59.9177    -2.1585  -185.7040  -228.5860
   540.0000     0.0001    84.7897    80.5148    71.1761    62.7030  -300.2760  -136.2830
   540.0000     0.0001   126.6830   -34.6942   161.0490   -70.9033   -28.4385  -116.1060
   540.0000     0.0001    80.7643    58.2712    68.8542   -66.2671  -172.8000   -80.3006
   540.0000     0.0001    -0.3341   189.2970   -28.4634    33.9527   158.9920    67.9907
   540.0000     0.0001    -4.4317   211.5370   -41.9108    49.6097   110.2550    85.0516
   540.0000     0.0001   103.9460   -24.4113   118.1370   -99.0756    12.7151  -135.1860
   540.0000     0.0001    99.0759    61.5636    60.2945    51.5755   -55.3066    16.9671
   540.0000     0.0001    34.2182   156.1220    48.5631   229.7590  -154.9710   175.4320
   540.0000     0.0001    81.9133    81.2337    76.0319  -100.6480  -305.5870  -118.2090
   540.0000     0.0001    81.0326   165.1520    40.1726    97.3510  -133.3060   223.5500
   540.0000     0.0001    88.8612    83.9317    78.8528    15.8115  -327.3300    -5.0838
   540.0000     0.0001    81.9888    83.5709    68.4452    81.4950  -369.9200   -55.0557
