#         t          m          x          y          z         vx         vy         vz
   530.0000     0.0001    86.9823    91.2195    64.9317   100.5320  -385.6170  -118.6040
   530.0000     0.0001   189.2840   -32.3333   235.2100   -26.7538   -85.3109   -44.4732
   530.0000     0.0001    26.4156   245.0190     0.8753    99.6649    98.0779   113.8840
   530.0000     0.0001    50.9179   221.7740     1.4341   123.6710    34.2695   163.2840
   530.0000     0.0001   278.6770   228.6460   125.7300   106.1010  -163.8700    23.5010
   530.0000     0.0001    79.2928   102.0640    77.3912   -59.4219  -348.1730    15.5848
   530.0000     0.0001    64.8749   174.4940    37.0838   133.9280   -61.1434   200.3750
   530.0000     0.0001    41.1683   247.8380    -4.5878   111.9330    78.5219    99.4131
   530.0000     0.0001    19.1355   163.1390   -57.6379    91.2277   171.5790   -24.0469
   530.0000     0.0001    13.4207    69.6783    -7.8141     7.6256   211.3670  -129.6120
   530.0000     0.0001    24.9836   113.5130    44.4706    97.9492   -52.9989   -31.6226
   530.0000     0.0001    43.9259   215.7710   -39.1482   105.1740   156.8750    53.3860
   530.0000     0.0001    34.1910   166.6070   -14.5442     8.4990   218.3750    45.8002
   530.0000     0.0001    56.0037   176.2920    12.3626   108.5990   -46.4051   154.6170
   530.0000     0.0001    74.3877   118.9470    68.3648   129.8110  -385.6280   127.0280
   530.0000     0.0001    77.3784    84.4910    68.2363    23.3971  -301.4430  -146.2840
   530.0000     0.0001    41.9930   254.1600    -7.5270    62.7975   153.8300   119.8660
   530.0000     0.0001     8.2329   242.7980  -110.0810    42.4598   160.1200   -40.0830
   530.0000     0.0001    71.0600   -14.0928    84.5216   -96.1878    50.6109  -151.8590
   530.0000     0.0001    38.3313    47.0025    33.6445   -76.0963   194.6590  -196.3740
   530.0000     0.0001    18.4146   245.4980    -5.4606    86.9101    94.6185    99.7010
   530.0000     0.0001    65.5846    10.3289    78.2056  -100.3030    82.5057  -183.1160
   530.0000     0.0001   -27.7195   242.6290   -88.5920    -6.4999   166.0750   -21.1532
   530.0000     0.0001    46.7350   243.8300   -14.4037   117.0370    99.4079   110.1480
   530.0000     0.0001   195.2790   -34.1640   213.0770   -45.9767   -97.2190   -36.6530
   530.0000     0.0001    28.9075   224.1810   -14.8921    81.4938    72.0703   122.8820
   530.0000     0.0001    44.8647   264.2530   -69.4150    47.7976   165.6760    26.8973
   530.0000     0.0001    63.8514   176.8700    54.0368   218.9810   -99.6575   140.2110
   530.0000     0.0001   174.6850   -31.4323   187.6330   -63.0929   -83.4340   -55.0994
   530.0000     0.0001    78.6440    89.6133    70.9656    42.8014  -347.2560   -12.2095
   530.0000     0.0001    71.9567   155.9180    64.5721    92.4055  -211.9450   166.4160
   530.0000     0.0001    17.1115   171.1250    -6.8449    28.1098   216.2220    55.8267
   530.0000     0.0001   135.3430    50.9865    28.3769   103.3840  -102.0100   -45.5474
   530.0000     0.0001    15.0957   240.0130   -31.2398    79.7245   122.8600    73.2993
   530.0000     0.0001    21.5928   247.1440   -27.2789    87.1681   129.2430    74.0909
   530.0000     0.0001    58.9207   235.4530   -13.7573   116.6650    48.1326    82.2040
   530.0000     0.0001     0.3204   269.6050   -54.7960    11.9670   176.9660    30.9947
   530.0000     0.0001    34.5700   265.8110   -21.3453    75.6659   166.7520    86.7326
   530.0000     0.0001    -0.4717   235.3320   -68.5248    47.7345   160.8590    14.3876
   530.0000     0.0001    53.9003   236.5280   -34.7322    95.9567   137.5040    85.2476
   530.0000     0.0001    62.8284    56.6745   -31.5919    17.5891    49.7667   183.5340
   530.0000     0.0001    96.2440   155.9620    76.8646    89.9170  -215.2700   119.6980
   530.0000     0.0001     8.8302   261.3200   -45.3590    52.8371   162.8870    44.0702
   530.0000     0.0001    28.1560   158.0660    26.0026   188.7500  -126.6120   208.1700
   530.0000     0.0001   167.8810   -44.8208   211.8610   -37.7963   -69.8537   -59.7556
   530.0000     0.0001    59.2685   173.0560    46.7814    97.9608  -147.0310   139.2870
   530.0000     0.0001    71.0118   243.3710   -15.6414   128.7010    84.4344   103.5960
   530.0000     0.0001    63.9397   210.2870   -34.2245    97.0757   156.9310    48.2380
   530.0000     0.0001   267.6660    15.6782   153.9660   -41.9001  -136.3990    -0.0451
   530.0000     0.0001    58.4683   183.1140     8.2273   112.1160   -76.3039   100.6550
   530.0000     0.0001   130.0440   -32.8781   196.0550   -36.2672   -56.7849   -96.0757
   530.0000     0.0001    49.4164    39.5828    40.8806   -58.0281   175.3470  -219.9370
   530.0000     0.0001    60.5100   232.5010     9.3222   133.1910    54.9998   175.4520
   530.0000     0.0001    54.9250   159.9350    39.8536   239.9040  -188.0250   201.6960
   530.0000     0.0001    41.5568    47.5883    37.1642   -53.6217   194.4630  -217.9910
   530.0000     0.0001     1.6293   236.5880   -63.5851    41.8307   166.7880    21.4455
   530.0000     0.0001    63.0858   188.7260    42.7523    59.8015   -62.5797   161.9300
   530.0000     0.0001    -7.6309   260.8370   -48.5082    11.8658   150.5650    42.7226
   530.0000     0.0001    78.9120   102.7710    76.2361   -53.8955  -368.1820   -61.3582
   530.0000     0.0001   -37.8268   183.3370   -98.0864   -25.4622   137.7070   -20.9146
   530.0000     0.0001    96.5788   -31.0240   132.1850   -85.3511   -21.6859  -126.2580
   530.0000     0.0001    96.0013   124.2080    89.9921  -210.1050   108.1850  -139.6940
   530.0000     0.0001   124.0290   109.7600   107.7560  -125.7430   124.6360   -81.6015
   530.0000     0.0001    -6.6094   228.5870   -66.2026    47.4371   159.4250     3.2550
   530.0000     0.0001    72.4677   121.5790    65.8690  -328.9970    -5.5998  -246.9360
   530.0000     0.0001    67.6411   -18.5460    97.9010   -87.6036    31.1454  -152.9900
   530.0000     0.0001    55.3808   173.7200    63.5486   125.8500  -123.6930   156.4030
   530.0000     0.0001    29.1485    63.2558     3.9199    -4.4332   212.7910  -180.8960
   530.0000     0.0001    64.4788   239.3260   -18.0980   109.5890    90.5775   118.5340
   530.0000     0.0001    83.9458    84.5145    76.0921   -70.8797  -286.2740    -0.5921
   530.0000     0.0001    70.1066   245.7000    17.2437   120.5940    60.4825   128.4300
   530.0000     0.0001    67.7387   154.2430    48.5924    88.4542  -207.3560   189.4450
   530.0000     0.0001    14.4002   236.3310   -22.8626    57.1360    81.3923    93.3610
   530.0000     0.0001    50.1270   237.8100     9.1516   133.3940   102.1530   152.5110
   530.0000     0.0001    46.5845   236.9250     8.4144   141.6530    63.3335   130.8060
   530.0000     0.0001    25.8653    89.8293    11.3772   -21.3794  -187.7010  -139.5200
   530.0000     0.0001    10.8706   240.0250     1.7809    57.7025    73.6995   107.0290
   530.0000     0.0001    42.5326   209.8270     1.4756   135.6830    37.5306   153.3050
   530.0000     0.0001    85.2284   112.9290    65.1581    20.8384  -401.6670   125.0060
   530.0000     0.0001     9.9640   267.8390   -23.7416    25.8602   160.6480    75.6894
   530.0000     0.0001    73.7235   177.1720    49.2955   144.3100   -79.4343   185.8090
   530.0000     0.0001    18.3143   247.1510     7.6235    67.1737    77.4092   110.1270
   530.0000     0.0001    25.6356   224.1180   -46.0701   106.2450   148.6220    27.3882
   530.0000     0.0001    17.5815   267.9890   -39.7444    22.8121   147.6660    57.2775
   530.0000     0.0001    67.5937   185.7300    23.2445    49.9724   -64.8848   148.5920
   530.0000     0.0001    70.4876   127.2850    71.4215   135.5310  -338.2720   111.2760
   530.0000     0.0001    50.1270   237.8100     9.1516   133.3940   102.1530   152.5110
   530.0000     0.0001    76.6421   175.2370    55.0625   134.4120  -119.7350   154.6990
   530.0000     0.0001    54.9935   167.0640    44.9223   113.8960  -104.7150   202.3750
   530.0000     0.0001    57.2245   186.5950    45.5194   113.7190   -56.1793   154.4420
   530.0000     0.0001   -15.9789   183.5620   -75.5823    -8.4879   150.2800     2.1670
   530.0000     0.0001    62.4898   182.2170    31.4435   115.5030   -66.4618   132.7300
   530.0000     0.0001    45.0983   254.8650   -26.2188    99.4861   156.4380    83.3966
   530.0000     0.0001    -0.3917   232.9770   -50.3810    26.4052   119.7550    58.4128
   530.0000     0.0001    68.8919   183.5500    37.0842   175.5640   -39.9762   157.0870
   530.0000     0.0001    64.5907   104.6710    53.8501   -75.3291    12.1168  -216.8180
   530.0000     0.0001    15.2805   154.6450   -15.1460    56.5786   223.3440     9.3875
   530.0000     0.0001     7.1093   263.7010   -14.3232    25.2216   131.3540    87.4838
   530.0000     0.0001    12.5951   231.3270   -37.8672    51.0214    93.2236    78.7596
   530.0000     0.0001    67.3192    77.2108    68.3854   -97.0641  -183.0900  -161.7330
   530.0000     0.0001    31.4242   273.4670   -49.1515    44.8276   164.1090    47.4037
   530.0000     0.0001    33.9007   228.0530   -45.8444    68.6981   101.4670    85.4677
   530.0000     0.0001    59.3884   187.7070    39.2994    82.7344   -47.3033   160.9420
   530.0000     0.0001    58.5597   191.0880    36.2541    91.1067   -16.2809   169.7760
   530.0000     0.0001   111.1810   -25.8994   142.5150   -83.3006   -29.8522  -119.6370
   530.0000     0.0001    78.3958    92.8935    68.1374     3.1671  -379.3230    -3.3491
   530.0000     0.0001    43.3732   246.3280     0.5045   117.1470    80.7233   117.8500
   530.0000     0.0001    60.4553   247.2430    13.0354   116.4590    53.3228   114.8090
   530.0000     0.0001    71.3933   177.1170    41.4932    82.3112   -72.1507   213.7610
   530.0000     0.0001    52.5222   169.7560    47.9160   152.2290  -195.4810   151.1400
   530.0000     0.0001   141.2860   -38.8629   176.2130   -62.5449   -63.2036   -79.1411
   530.0000     0.0001    82.5412    73.3083    71.0935   -47.0369  -233.2700   -72.8409
   530.0000     0.0001    20.9119   189.4980   -11.6155    18.9102   177.4440    73.9967
   530.0000     0.0001    49.7181   175.5580    45.3268    60.4124  -100.7480   180.2750
   530.0000     0.0001    76.7652    97.9323    72.8556   -17.1718  -370.8190   -61.5310
   530.0000     0.0001    37.4345   179.4350    36.2252   116.3460   -58.0840   158.2060
   530.0000     0.0001   148.1040   -20.2743   183.8720   -57.2976   -58.3548   -92.0337
   530.0000     0.0001    58.0065   244.3040     5.5953    68.2087    47.6706   123.3830
   530.0000     0.0001    57.5260   126.0220    44.1114  -180.6130  -118.4530  -333.8310
   530.0000     0.0001    62.4875   167.6270    35.3053   196.7230    58.1027   142.6690
   530.0000     0.0001    74.1424   121.8650    65.1912   270.9090  -371.8500   223.5880
   530.0000     0.0001    81.7328    79.2541    76.5835   -72.6578  -233.3820   -34.4244
   530.0000     0.0001    23.4685   222.0740   -34.9342    76.3539   159.4530    66.2396
   530.0000     0.0001    30.5204   199.3200    -8.8295    46.6305   181.4190    91.3811
   530.0000     0.0001    71.2602    90.7497    62.6190  -155.7680  -336.9770  -127.0940
   530.0000     0.0001    22.9505   145.1580   -23.4059    91.5546   226.1750   -11.5753
   530.0000     0.0001    44.4108   117.6010    31.6071  -147.8310  -189.5450  -255.7750
   530.0000     0.0001   -20.9068   244.6720   -80.2402    10.1986   159.3970     1.3285
   530.0000     0.0001   220.4660   -82.5401   186.5830   -39.8423  -105.1320   -12.6407
   530.0000     0.0001   276.9760   128.5410   123.3470    40.2503  -187.0640     7.3310
   530.0000     0.0001    77.2681   150.5930    59.8757    40.5093  -271.3270   160.3960
   530.0000     0.0001    47.7176   255.4180     1.8584   105.9340   125.8540   126.6320
   530.0000     0.0001    51.3355   233.8640    -5.7257    94.4440   142.8030   140.0600
   530.0000     0.0001   -11.6903   267.5980   -48.5088    13.1083   161.4890    37.9981
   530.0000     0.0001   254.9850   253.2180   133.9060   120.3050  -163.8210    43.3314
   530.0000     0.0001    84.3133    96.6682    76.6206   -27.9752  -341.5330   -30.3006
   530.0000     0.0001    43.8781   136.6940    13.6005   115.4940   229.1900    77.4819
   530.0000     0.0001   118.4120   -37.0717   137.5310   -80.3749   -25.0999  -109.2690
   530.0000     0.0001    37.0723   117.1640   -14.0944   -42.3057  -144.3000  -114.1610
   530.0000     0.0001   176.7250   -71.5264   192.1010   -56.5736   -90.8150   -29.4322
   530.0000     0.0001    76.2559    90.0137    66.3783   -26.5976  -368.1990     3.3042
   530.0000     0.0001    -2.9050   259.8240   -83.0036    20.1630   183.1110    -8.9519
   530.0000     0.0001    66.0143   195.6130    36.2042   125.4780   -41.4537   123.7710
   530.0000     0.0001    53.9752   247.6200    13.7600    86.2366    57.0574   132.3170
   530.0000     0.0001     8.3796   249.0950   -39.7403    64.7926   150.3390    52.1974
   530.0000     0.0001   174.6850   -31.4323   187.6330   -63.0929   -83.4340   -55.0994
   530.0000     0.0001    63.5490   167.0740    26.4011   144.6580  -142.6400   140.9410
   530.0000     0.0001    67.9684   227.6300    13.3383   119.4880    -0.5264   156.3050
   530.0000     0.0001    36.6518    78.0160    12.8635   -43.8898   262.8250  -172.6470
   530.0000     0.0001    31.1840   248.6970    -7.0674   101.2700   113.3090   102.6040
   530.0000     0.0001    69.9762   195.9300    37.1706   102.0690   -41.4454   133.9810
   530.0000     0.0001    48.2544   165.7580    64.6572   177.4530  -185.8300   138.6740
   530.0000     0.0001    31.6776    69.9181    30.2162   -20.8320   264.5220   -55.8930
   530.0000     0.0001    74.6799   121.1480    74.1263    76.2878  -375.0110    67.1938
   530.0000     0.0001    77.5521   113.9530    73.4443     3.8685  -400.5880    42.7963
   530.0000     0.0001    57.2306   169.6290    -4.6886   131.5910   -24.2922   183.5710
   530.0000     0.0001    26.8503   161.1600   -15.7487    61.1410   220.2620    15.4570
   530.0000     0.0001     4.7327   252.8060   -46.8134    59.7356   153.5250    40.2459
   530.0000     0.0001   119.6020   114.3650   109.5470  -147.1300    94.8740   -82.4907
   530.0000     0.0001    73.7259   109.9350    72.4038    90.3876  -401.1840    78.6944
   530.0000     0.0001    62.5332   156.6130    53.9487   157.9330  -201.1290   147.9910
   530.0000     0.0001    -3.0385   193.1920   -26.0461    10.6189   136.6160    59.9838
   530.0000     0.0001    78.3699   102.7590    72.1005    31.5067  -387.8520   -60.4053
   530.0000     0.0001    25.3833   227.1590   -52.1420    59.1567   155.8010    55.5157
   530.0000     0.0001    33.4238   270.3690    -9.9424    69.9239   116.3150    77.7985
   530.0000     0.0001    24.9836   113.5130    44.4706    97.9492   -52.9989   -31.6226
   530.0000     0.0001    59.1386   177.8780    34.0201    65.3392   -94.4461   155.1960
   530.0000     0.0001    69.2032   163.4600    62.1305    73.1667  -259.0990   143.1770
   530.0000     0.0001    39.1454   148.7350    37.4758   232.0510  -175.6290   209.0040
   530.0000     0.0001    40.2253   178.0260    37.0856   166.7680   -34.5851   205.9350
   530.0000     0.0001    15.9558   238.1810   -25.9445    71.6620   127.7920    92.4354
   530.0000     0.0001    85.0808   -52.6605   135.6540   -41.3997   -15.4360  -129.8480
   530.0000     0.0001    68.9400   153.4380    68.3543    97.3170  -289.1040   119.5240
   530.0000     0.0001   104.6750    -0.3422   106.6840  -113.3130   -20.0740  -158.9760
   530.0000     0.0001    53.1723   133.5490    39.1885  -175.9890   -70.3607  -290.3480
   530.0000     0.0001    31.6708   101.6150    -0.8392    18.7226   289.2600   -82.6057
   530.0000     0.0001    71.6186   133.8780    65.6123   103.7980  -384.9180   118.4820
   530.0000     0.0001    26.9435   258.5680   -18.3962    70.2362   154.5070    97.3514
   530.0000     0.0001    38.8465   252.0120     2.3022   100.6470    79.2540   102.5750
   530.0000     0.0001    83.7033   100.3510    81.3776   -72.1308  -322.3990   -15.0833
   530.0000     0.0001    56.1930   129.8060    60.1897  -304.6250     2.7314  -201.7040
   530.0000     0.0001    49.1900   160.5120    43.7402   178.1960  -214.5820   181.1830
   530.0000     0.0001   171.5410   -60.9083   228.3790   -19.9555   -81.1870   -50.5624
   530.0000     0.0001   151.0600   -26.0228   161.1290   -63.0113   -51.7772  -100.8160
   530.0000     0.0001    71.6526   136.6910    65.1884    69.4368  -321.6250   158.0550
   530.0000     0.0001   101.6840    93.7101    84.6530  -180.4160   167.9840   -98.0305
   530.0000     0.0001    11.6120   144.7840   -21.3996   -16.2147   217.3250    40.7923
   530.0000     0.0001    76.2904    -3.4362    84.4117   -97.5051    57.1703  -165.8200
   530.0000     0.0001    80.6851   -17.6881   122.3140   -72.0615     4.2138  -154.5110
   530.0000     0.0001    25.6112   252.5380   -39.3585    33.0384   154.7930    62.0013
   530.0000     0.0001    13.9611   263.2820   -99.6245    36.6858   164.9730   -26.3355
   530.0000     0.0001    72.9068   133.3450    66.6899    69.7242  -344.7660   145.0230
   530.0000     0.0001    49.2803   221.8850     1.1079    73.7630    23.1485   152.2400
   530.0000     0.0001    44.4978   231.1750   -11.5266   104.6810    28.6276    84.7317
   530.0000     0.0001    38.8246   206.6560   -24.8399    95.1978   164.2620    67.0921
   530.0000     0.0001    42.5435   169.5530   -48.8060   115.5370   175.2780    -8.4903
   530.0000     0.0001    31.0320    52.1077    25.3216   -56.4188   215.4180  -175.0280
   530.0000     0.0001    22.7339   110.8090    -6.4951    32.9590   269.1670   -60.2578
   530.0000     0.0001    36.0828   231.5020   -24.2177    84.7148    72.8521    94.9432
   530.0000     0.0001    33.9165    71.8038    32.6385  -137.0590   217.2810   -75.0488
   530.0000     0.0001   304.4920   122.5380   147.2670    25.9846  -163.2890    11.6269
   530.0000     0.0001    42.6388   194.5970   -25.9534   115.5260   176.8450    32.3057
   530.0000     0.0001     4.8135   219.3150   -62.5184    43.0293   159.8320     5.3097
   530.0000     0.0001    -1.2414   241.6350  -107.9150    23.9168   173.8900   -39.4537
   530.0000     0.0001    45.3550   225.1340   -47.4440    94.5839   129.5720    68.0154
   530.0000     0.0001    11.6613   240.8960   -65.3376    64.2016   164.7870    15.9057
   530.0000     0.0001    40.3465   213.5510     5.2110   111.0890    48.4396   180.1010
   530.0000     0.0001    77.4813    90.9696    68.4580    78.7840  -355.0480   -58.1321
   530.0000     0.0001    13.3845   276.7650   -16.0244    36.8846   163.2500    80.6562
   530.0000     0.0001   141.6390    86.7759    45.6562  -150.8050    62.2441    98.6390
   530.0000     0.0001    66.8170   247.0610    -5.2546   120.2470   133.9200   126.3300
   530.0000     0.0001    -1.0867   252.1000   -42.8389    52.8202   151.5820    44.7814
   530.0000     0.0001   113.4420    99.9095   -19.2118   -75.7303    -2.6917   195.1900
   530.0000     0.0001    18.0874   254.5580    -1.3550    75.5276   114.0910   103.6220
   530.0000     0.0001    68.6306   269.0270     2.6540    95.6558   126.8080   111.0070
   530.0000     0.0001   108.6570   129.1470   110.7320  -116.8570    77.2925  -159.9480
   530.0000     0.0001    22.8311    58.2531    -6.8860     7.6462   194.0810  -161.1980
   530.0000     0.0001    38.9663   261.4770   -16.2722    94.5131   135.8440    91.6350
   530.0000     0.0001    75.1911    81.0594    62.8032   -48.5453  -279.6920  -171.8390
   530.0000     0.0001    -0.3408   238.9620   -43.7028    55.4347   135.0440    54.1112
   530.0000     0.0001    24.9543   232.9980    -7.7386   104.1160    97.3540   108.7580
   530.0000     0.0001    77.4670   105.9780    69.1988    69.3999  -423.2940    36.3343
   530.0000     0.0001   299.3280   212.2290   144.0260    81.1510  -161.0220    27.4251
   530.0000     0.0001    19.9410   227.2520   -27.9572    79.9585   110.7640    97.3239
   530.0000     0.0001    39.7025   252.2410    25.8880    65.7595    99.0587   160.6400
   530.0000     0.0001    45.9883   253.7870   -33.8784    82.6923   158.8290    64.2450
   530.0000     0.0001    64.3300   181.6750    49.9081    91.7433   -83.7101   193.4910
   530.0000     0.0001    15.5468   210.4840   -10.4148    65.1377   160.1880    55.6254
   530.0000     0.0001    79.3534   157.2530    71.9944    64.3234  -222.6250   143.0540
   530.0000     0.0001    86.5380   124.9300    76.1260     1.1160  -349.9710   101.2260
   530.0000     0.0001    54.0303   227.0770     2.0364   101.1150    -3.2719   112.2970
   530.0000     0.0001    30.9019   236.5100   -34.3600    73.8356   149.4350    79.2106
   530.0000     0.0001   160.1290   -44.5154   200.4740   -46.1076   -68.1429   -66.7761
   530.0000     0.0001    64.0337   182.0720    52.7962    81.4470  -100.1390   162.4710
   530.0000     0.0001    43.4408   182.3530    10.0738   116.4230   -23.6639   139.3280
   530.0000     0.0001   287.1360   -16.0284   142.2780   -26.6347  -125.5070     3.4170
   530.0000     0.0001   225.6520   -63.8336   162.8250   -49.2490  -111.4350   -15.5184
   530.0000     0.0001    62.0044   196.5140    36.8953    64.7471    -3.6691   215.9450
   530.0000     0.0001    32.3180   205.7140   -57.9147    95.8886   159.0920     3.8925
   530.0000     0.0001   248.4660     1.5221   277.5500    -2.7715  -101.8230    -0.4431
   530.0000     0.0001   103.8190   -24.0167   119.1380   -97.6458   -20.1156  -132.6260
   530.0000     0.0001   207.9580   -38.4014   275.4140    -7.6400  -100.1390   -15.0952
   530.0000     0.0001     5.2363   205.3160   -61.6588    75.6514   136.6040    34.0764
   530.0000     0.0001    42.5435   169.5530   -48.8060   115.5370   175.2780    -8.4903
   530.0000     0.0001    57.0463   161.4700    43.5618    98.4697  -148.9290   186.9300
   530.0000     0.0001    55.9853   258.0140   -39.5389    86.7879   153.0920    72.5985
   530.0000     0.0001    87.6566   112.2370    77.3223   133.9080  -349.3790    26.8797
   530.0000     0.0001   -18.4945   253.5160   -77.0177    -5.0064   172.4650     3.0299
   530.0000     0.0001    84.9488    -3.1252   113.6490   -69.4996     9.5298  -176.5120
   530.0000     0.0001    57.8332   -23.2889    83.1922  -105.9400    13.0992  -150.4710
   530.0000     0.0001    55.9143   168.1210    66.0564   168.5870  -194.3730   138.3340
   530.0000     0.0001    41.7588   226.0410   -17.9269    74.7843    77.2142   138.4670
   530.0000     0.0001    42.1838   241.5280    -5.6853   124.4060   106.4660   112.7150
   530.0000     0.0001    22.3739   224.3490   -20.0025    73.8626   125.4980   108.2300
   530.0000     0.0001    80.2962   131.5630    70.4529    82.2868  -282.2040   217.8800
   530.0000     0.0001    38.9917   239.9660     5.5218   132.0850    95.9424   122.6330
   530.0000     0.0001    25.6356   224.1180   -46.0701   106.2450   148.6220    27.3882
   530.0000     0.0001    68.2686   234.5480    20.5499    96.6304    22.6652   156.8950
   530.0000     0.0001    -7.9459   238.3830   -50.5331    42.0359   138.4820    43.2204
   530.0000     0.0001    48.4154   158.6260    44.9814   107.5790  -180.6970   176.2540
   530.0000     0.0001   163.2630   -36.0584   181.8810   -69.7637   -84.8993   -61.0787
   530.0000     0.0001    34.6828   162.7530   -15.3156    95.4033   224.4550     8.9472
   530.0000     0.0001   103.5140    98.7204    73.1282   357.6660  -129.6350    99.5272
   530.0000     0.0001    38.3861   233.9700    17.0822   121.9990    61.1680   151.2630
   530.0000     0.0001    44.5251   166.9860   -19.3276   105.3110   218.1170     8.7875
   530.0000     0.0001    74.2729   128.5310    78.0558   109.9060  -353.8120    31.1975
   530.0000     0.0001    51.5496   225.0760   -24.1369    90.8767   164.6530    59.8742
   530.0000     0.0001    50.6333   245.1710   -41.4970    99.6542   107.8270    71.9742
   530.0000     0.0001    74.3865   120.9900    71.4064    94.3733  -383.7900    70.7933
   530.0000     0.0001   -31.7862   177.3370   -95.8818    16.9525   140.5880   -29.9008
   530.0000     0.0001    77.2052   108.8770    75.7913    26.6145  -385.4190    -9.9465
   530.0000     0.0001    60.7068    97.2042    73.2670  -193.1460   -41.7164   166.5210
   530.0000     0.0001    38.2991   228.3910     1.1436   120.7740    75.2298   146.2180
   530.0000     0.0001     4.1789   221.0330   -21.5130    37.2489    89.3861   105.7470
   530.0000     0.0001   103.6620    48.8454    50.3808   120.4760  -187.9660   -45.6585
   530.0000     0.0001    57.3020   164.6720    49.1677    78.8802  -177.7180   277.3280
   530.0000     0.0001   337.9880   174.2430   174.9460    59.8370  -140.2830    32.7126
   530.0000     0.0001    56.2168   243.5150   -32.6145   113.1380    85.7328    70.9060
   530.0000     0.0001    91.9446   104.5690    79.0626    25.2087  -320.0840    87.6641
   530.0000     0.0001    28.1067   142.2980   -13.0508    74.0340   247.8690   -18.0245
   530.0000     0.0001    41.0916    73.4868    24.9059   -26.0989   270.3750   -81.9601
   530.0000     0.0001    41.6196   215.7170   -14.8406    99.2841   114.9910   144.6390
   530.0000     0.0001    58.1462   248.8320   -16.9144   131.4220   142.8330    90.5383
   530.0000     0.0001    67.8610   167.5040    47.9878    67.0865  -132.6770   206.0390
   530.0000     0.0001    63.8468   166.7640    46.8102    81.0335  -112.6580   226.8220
   530.0000     0.0001   187.0810   -52.4754   155.0040   -71.7548   -76.1090   -48.0252
   530.0000     0.0001    86.5037   112.1660    72.0034    -7.6783  -374.2910   103.3870
   530.0000     0.0001    43.3986   161.7130   -63.4462   124.3840   160.6870   -13.9507
   530.0000     0.0001    23.2337    68.0205     1.2086    25.8082   215.7310  -169.6240
   530.0000     0.0001    41.7588   226.0410   -17.9269    74.7843    77.2142   138.4670
   530.0000     0.0001    85.3411   104.3860    72.6472   -39.3738  -379.5310   -26.5805
   530.0000     0.0001    70.7385   131.6770    73.3291   119.0250  -302.4500   152.2440
   530.0000     0.0001    74.2319   197.4570   -36.6522   132.8310   151.5080    48.4053
   530.0000     0.0001    72.7428    69.3537    55.9876  -128.2330   -98.7768  -141.1880
   530.0000     0.0001    74.9232    79.3302    61.4262  -111.9960  -217.8610  -188.2100
   530.0000     0.0001    69.5104   243.4510    24.1640   143.0870    78.1896   155.4680
   530.0000     0.0001    37.4661   163.0870   -25.8590    83.0778   214.8780    -1.7950
   530.0000     0.0001    38.0508    96.8246    41.9199   376.2500    46.5355   253.9920
   530.0000     0.0001    82.9915    -9.7664    96.8323   -91.1994    38.2954  -158.4870
   530.0000     0.0001    68.8940   147.5720    60.4869   131.6480  -280.5870   138.0070
   530.0000     0.0001    63.4123   138.6120    50.3720   175.4680  -267.3070   199.7130
   530.0000     0.0001    76.9359   201.5510    23.3463    99.7130     3.8665   157.6090
   530.0000     0.0001     5.9752   180.7070   -22.2560    -0.1509   170.2150    68.9741
   530.0000     0.0001    68.3684   236.7750    31.8014   103.6690    28.7318   137.6220
   530.0000     0.0001    36.7252   231.7820    -1.7444   121.9950    65.2464   123.0340
   530.0000     0.0001    77.7483    78.7680    58.7761   -39.5782  -246.1980  -185.2090
   530.0000     0.0001    44.1528   179.9420   -16.6683   132.1540   195.6110    30.1587
   530.0000     0.0001    74.4303   176.2180    64.0677    71.1737  -147.0390   163.7030
   530.0000     0.0001    44.8531   235.2750     2.9465   115.3090    37.7988    80.4871
   530.0000     0.0001    82.3314    81.6078    80.0673   -63.5708  -232.9940   -40.3003
   530.0000     0.0001    16.3949    64.1882    -4.2049    -8.6870   205.9170  -142.3540
   530.0000     0.0001    41.7967   112.1310    37.6398  -150.6720  -220.4840  -254.4840
   530.0000     0.0001    81.5369   132.4510    73.4097    72.5487  -361.8330    48.0713
   530.0000     0.0001    17.6982   230.1070   -42.6434    82.3428   122.6290    67.1602
   530.0000     0.0001    26.0627   227.0970    -1.4691    84.1535    66.1883   142.8480
   530.0000     0.0001     7.0677    81.4043    13.7720   235.0940    37.1219   212.0690
   530.0000     0.0001    80.2123    96.6566    69.8455    25.7501  -377.1890   -41.2219
   530.0000     0.0001    68.7813   172.2470    57.2249    61.6175  -223.0710   168.0550
   530.0000     0.0001    26.9822   236.4940   -18.9772    72.0948    74.8320   101.6920
   530.0000     0.0001    60.3020   163.4970    54.8193   131.6570  -218.1750   138.5260
   530.0000     0.0001    10.3728   228.2320   -35.8547    49.1869   160.5040    36.6263
   530.0000     0.0001    50.6936   244.2940   -12.3775   120.9730   111.2060   116.0250
   530.0000     0.0001    73.1515   121.7960    73.6747    84.7247  -367.4260   100.6530
   530.0000     0.0001    31.6111   231.6320    -0.5281    94.7736    83.2606   143.0170
   530.0000     0.0001   -23.4669   214.7040  -116.4120    11.0251   157.7970   -65.6201
   530.0000     0.0001    16.9378   249.6140   -17.2895    66.8692   133.9170    95.0593
   530.0000     0.0001   160.2530   -35.5472   165.1640   -79.9190   -69.3565   -66.3551
   530.0000     0.0001   125.9080   -41.2164   213.0940   -28.7496   -61.7691   -80.7049
   530.0000     0.0001    27.8567   245.7920     8.2464   103.8120    99.0400   122.4160
   530.0000     0.0001    41.7081   236.3540    -4.3978   125.6860    76.8607   119.3610
   530.0000     0.0001    61.8992     9.7913    76.3261  -102.8370    72.2822  -187.4560
   530.0000     0.0001    29.1261    98.8191    -6.6442    58.4166   261.5750  -111.7700
   530.0000     0.0001    70.3711    69.9601    57.0313   -75.4375   -88.8776  -174.3570
   530.0000     0.0001    77.8863    98.3722    67.3356    74.2207  -401.2090    -0.1750
   530.0000     0.0001    50.2944   124.8910    47.2378   333.2980  -158.9020   316.1350
   530.0000     0.0001    64.1996   205.7510    39.1509    92.9892   -21.6849   124.3660
   530.0000     0.0001    35.6673   198.5970   -75.8812    80.9771    69.4477     3.8715
   530.0000     0.0001   182.7040     9.6078   215.9340   -39.1295   -94.7670   -68.9014
   530.0000     0.0001    38.4485    94.3247     9.8189   -27.2689  -210.2770  -160.9480
   530.0000     0.0001   111.8030   106.5750    84.0647  -238.9290    82.2717   -56.9542
   530.0000     0.0001    -3.3068   315.4400    61.6078   223.8310   -39.0623    65.1668
   530.0000     0.0001    77.5821   189.6450    23.2564    47.2503   -47.3664   169.0350
   530.0000     0.0001    64.0168   211.1760   -68.0110    96.1014   150.4410    24.7274
   530.0000     0.0001     4.2431   178.9470   -15.3626    -3.6052   165.8970    77.1355
   530.0000     0.0001    22.2472   121.3860   -14.4013   -49.6058   232.4590   -44.3820
   530.0000     0.0001    88.0923    99.8164    77.4006    29.0545  -337.4830   -55.9625
   530.0000     0.0001    52.3110   105.3880    10.2742   -39.5804  -222.8070  -204.7970
   530.0000     0.0001    86.4932    72.9310    67.9167   104.1760  -351.7740    25.8460
   530.0000     0.0001    79.3494   118.6930    70.2554    24.2708  -390.1120   100.7540
   530.0000     0.0001    75.3115   121.7470    72.9002    56.3391  -373.3380   121.2070
   530.0000     0.0001    55.1444   155.4700    43.7215   152.0060  -155.9980   185.8350
   530.0000     0.0001    66.1566   168.7860    31.1184   153.8650  -161.8890   140.2890
   530.0000     0.0001    81.5295   101.4540    71.1685    75.6268  -381.2680   -57.5657
   530.0000     0.0001   -21.7749   203.7180   -62.3201    -8.0824   114.0440    26.8021
   530.0000     0.0001    35.8317   220.3740     4.1398    99.5188    40.2453   126.0690
   530.0000     0.0001    74.3032   187.6740    40.6687   110.0570   -79.6354   128.9260
   530.0000     0.0001    95.8882   148.9430    72.1098    48.7681  -253.0620   103.5520
   530.0000     0.0001    30.1835   241.5120   -45.8748    82.7119   155.8110    60.2088
   530.0000     0.0001    67.7658   192.5530    34.0719   124.0950   -24.9843   145.0070
   530.0000     0.0001    78.2116   104.1220    75.7910   -59.8431  -368.6750   -15.0074
   530.0000     0.0001    -4.2505   239.1210   -32.5033    45.1988   124.1890    71.3595
   530.0000     0.0001    80.5425   -28.0234   113.6520   -68.0935    13.3280  -147.1980
   530.0000     0.0001    85.3087   113.0130    72.3351    96.7284  -368.8080   -39.3200
   530.0000     0.0001    59.3050    25.9402    45.9735  -127.2920   128.6400  -182.5920
   530.0000     0.0001    73.8949   172.7620    40.5086    74.8171  -146.1350   153.5330
   530.0000     0.0001   -35.8630   174.3180   -74.9013   -17.7014   147.9390     3.2146
   530.0000     0.0001    15.5005    93.3737   -13.3449   -20.7931   242.1450   -61.6740
   530.0000     0.0001    71.1127   162.4480    28.3894   148.1690  -140.1350   182.3730
   530.0000     0.0001    30.1835   241.5120   -45.8748    82.7119   155.8110    60.2088
   530.0000     0.0001    58.4398   160.3420    38.0895   143.9170  -165.9220   157.3300
   530.0000     0.0001    15.1626    91.3159   -17.8640    79.4031   217.6750  -110.3420
   530.0000     0.0001    75.9636   145.0580    73.8560   145.6400  -287.4210   105.2850
   530.0000     0.0001    66.5225   134.8430    55.4850   167.3370  -289.3220   198.9330
   530.0000     0.0001   262.6070   318.3980   134.1490   136.2990  -122.9280    44.5028
   530.0000     0.0001    64.5570   169.7200    45.2188   147.7330   -88.8126   206.4660
   530.0000     0.0001   -16.8185   192.2630   -67.4708    26.3596   164.7080    -4.8474
   530.0000     0.0001     0.8910   240.6380   -45.5814    60.8308   138.9880    48.6375
   530.0000     0.0001    51.4664   186.7020    23.9901    96.2146    -4.8317   179.4930
   530.0000     0.0001   192.1090   -11.9445   236.9310   -23.3045   -91.1340   -50.6920
   530.0000     0.0001    66.1023   153.4560    33.9937   113.6160  -195.6400   192.2590
   530.0000     0.0001    80.8916   137.7120    76.8399   102.8920  -316.3740    97.2210
   530.0000     0.0001   103.8020   124.3480    99.9562  -144.4350   126.1230  -146.1980
   530.0000     0.0001    76.4921    71.5077    63.3695   -38.1601  -202.8150  -137.6410
   530.0000     0.0001    79.9234   101.5200    67.8227   116.7590  -403.6600    55.5869
   530.0000     0.0001   -26.8870   232.2520   -75.0073    14.0494   162.5750    -4.3896
   530.0000     0.0001    86.6018   110.6440    75.6124   100.2740  -345.6920   -74.1226
   530.0000     0.0001    74.7224   155.2470    71.4505   156.5570  -250.6320   113.1780
   530.0000     0.0001    14.0235   234.3310   -56.3489    66.3081   155.0410    39.6478
   530.0000     0.0001    20.6770   182.2120   -27.0569    83.8088   183.1660    17.7378
   530.0000     0.0001    73.9751    82.5589    77.0451   -60.6506  -271.2610   -81.2896
   530.0000     0.0001    98.5762   110.5110    76.0782  -288.2960   107.9750   -65.2059
   530.0000     0.0001    22.3749   230.2440   -69.3654    52.9146   162.3950    29.4259
   530.0000     0.0001    36.0913   245.9490   -42.8869    91.3806   158.4730    60.2057
   530.0000     0.0001   168.1670   -25.8830   173.3860   -73.1770   -85.4059   -64.9476
   530.0000     0.0001    -9.0927   259.4740   -57.3615     3.0006   162.0410    30.6272
   530.0000     0.0001    61.8748   167.3370    12.0487    97.0543  -110.3620   157.6560
   530.0000     0.0001    23.8443    94.0761    21.6125   261.1230    20.3746   271.7850
   530.0000     0.0001     7.4462   235.7330   -38.2162    58.6635   136.3000    68.6011
   530.0000     0.0001    68.9626   155.4370    45.8115    89.8248  -194.1310   192.8990
   530.0000     0.0001    54.6759   130.6950    14.0305   -94.6154  -165.9180  -230.2720
   530.0000     0.0001   283.3910    56.0784   162.5580   -18.6434  -150.8880     8.6462
   530.0000     0.0001     6.5557   241.2820   -39.8956    63.6844   133.9360    61.9698
   530.0000     0.0001   237.9140    10.2681   120.7750   -61.5379  -145.4860    -5.2990
   530.0000     0.0001   144.3450   -30.3855   169.5930   -78.6723   -65.0183   -81.2382
   530.0000     0.0001   -34.6809   217.3700   -92.8387     3.4277   160.1830   -33.2616
   530.0000     0.0001    44.4365   237.1390     9.8049   130.3320    63.3987   142.2470
   530.0000     0.0001    11.3379   194.9840   -21.7592    45.5829   178.0890    50.4880
   530.0000     0.0001    26.9822   236.4940   -18.9772    72.0948    74.8320   101.6920
   530.0000     0.0001    43.3412   207.5230   -27.5884    90.7847   152.9350   100.8250
   530.0000     0.0001    13.6131   199.6360   -21.1897    87.9846   133.8000    98.5515
   530.0000     0.0001    78.9304   145.9500    63.7502    40.0099  -295.0830   144.3580
   530.0000     0.0001    61.9709   -18.1209   154.2070   -48.4040   -23.8350  -145.3650
   530.0000     0.0001   289.5780   247.3430   143.4400   105.1590  -150.3180    30.6843
   530.0000     0.0001    83.9517   129.1390    88.2398    66.2705  -283.4990    43.7720
   530.0000     0.0001    43.3225   174.3430   -47.0656    77.8914   -12.5269   139.3550
   530.0000     0.0001   126.7340   -30.5003   124.3690  -105.8190   -41.1536  -100.1090
   530.0000     0.0001    67.9403    68.2427    63.0657   -91.8126  -125.7600  -140.8930
   530.0000     0.0001   147.9670   -38.5039   127.5990  -115.6960   -73.1177   -57.4550
   530.0000     0.0001    73.4367   177.3500    52.1398   141.3790  -104.4620   157.0740
   530.0000     0.0001    66.8266   104.5870    11.3389   -21.5536    -5.0489   369.3350
   530.0000     0.0001    36.2764   221.8840    12.1142    84.7982    30.1254   180.1210
   530.0000     0.0001    71.5275   158.1090    75.0643    93.2524  -265.8450   115.2070
   530.0000     0.0001    40.1673   227.6460   -22.1086    61.5823    58.7393   103.0510
   530.0000     0.0001    33.9482   244.2290   -37.5413    45.5787   158.8340    66.9669
   530.0000     0.0001    20.1093   118.3240   -13.4425    39.3592   249.7260   -60.4522
   530.0000     0.0001    84.4433    94.9944    77.7390    59.8048  -322.3760    19.4772
   530.0000     0.0001    10.9079   242.4650   -58.8260    56.7781   160.7940    30.4650
   530.0000     0.0001    78.0048   171.0120    53.4986    32.4200  -216.0650   199.6880
   530.0000     0.0001    83.9172    85.0167    61.6716   -26.6961  -267.5370  -189.0540
   530.0000     0.0001    77.7429    81.0707    72.8734  -120.2780  -257.3430   -61.8174
   530.0000     0.0001   130.8930    82.1351    40.6284  -169.4710    75.2069   112.4200
   530.0000     0.0001    62.2248   151.8500    46.1666   149.8550  -167.2180   216.4710
   530.0000     0.0001    45.9596   227.5960     6.1854   123.4440    53.2251   128.4330
   530.0000     0.0001    34.8600   251.5020   -15.8878   101.0290   101.5700    87.8525
   530.0000     0.0001    61.3895   227.7760   -51.9431   119.7370   137.9490    53.2450
   530.0000     0.0001    79.5318   127.4920    75.8819  -171.3120    81.0955  -285.8300
   530.0000     0.0001    58.1394    -2.8452    70.3920   -92.3525    86.9691  -160.9670
   530.0000     0.0001    64.7584   231.1870    17.1702    67.5276     6.1895   146.0580
   530.0000     0.0001    68.1108   158.0660    50.6290   193.8470  -193.2000   165.4760
   530.0000     0.0001    17.0823   240.0140   -21.3195    76.6923   139.4260    92.7983
   530.0000     0.0001    -8.6866   204.1860   -52.8361    27.7295   161.8650    16.5973
   530.0000     0.0001    49.3349   267.0500     8.5744    84.3218   125.0860   124.5920
   530.0000     0.0001    33.2366   216.8650    16.3400   107.8820    45.3148   176.4640
   530.0000     0.0001    16.6367    78.2870   -13.3770    41.6219   212.6420  -134.3070
   530.0000     0.0001    -3.5064   200.1340   -23.9050    53.3775   160.5830    44.0101
   530.0000     0.0001    65.2311   137.3270    60.0371   193.2060  -267.4640   175.4460
   530.0000     0.0001    57.4630   180.4260    44.7150   113.2480   -85.6033   149.9140
   530.0000     0.0001    73.7941    53.5985    40.3699  -122.7860   130.7590  -268.3910
   530.0000     0.0001    10.2294   225.7750   -30.4304    64.5563   122.0020    86.1214
   530.0000     0.0001    56.4882   246.0190    -2.6227    99.0534    52.0319    95.1098
   530.0000     0.0001    70.0002   164.7090    32.5386   178.4950  -186.7280   194.4140
   530.0000     0.0001   303.6960    48.2340   160.2500    -7.7437  -141.8180     7.8751
   530.0000     0.0001    38.4737   219.7960     4.6305   110.8450    30.9503   158.8230
   530.0000     0.0001   -27.7920   218.6630   -28.1827    47.0081   139.6210    36.7402
   530.0000     0.0001    57.2612   137.8970    51.5306   287.8220  -221.7780   256.9400
   530.0000     0.0001    70.3853   195.0380    36.3379    84.5819   -53.7278   128.7960
   530.0000     0.0001    95.3055   -23.7645   131.2410   -59.0491    -4.5283  -146.2700
   530.0000     0.0001    84.6862    84.3603    69.6010   -40.7119  -290.9280  -115.7010
   530.0000     0.0001   286.7210    29.2238   153.4090   -17.2335  -143.7850     4.0605
   530.0000     0.0001    34.8778   260.7390   -59.5102    40.6586   165.8140    44.3191
   530.0000     0.0001    32.8772   112.7730   -13.8598    86.3565   261.1810   -71.4238
   530.0000     0.0001    29.7178    38.6772    32.5832   -50.8412   185.9930  -179.4850
   530.0000     0.0001    43.7547     9.4361    90.2009   -40.2220    64.8653  -202.8400
   530.0000     0.0001    11.9053   184.6080   -32.0721     4.0928   142.3750    38.4809
   530.0000     0.0001    77.4672   100.3910    78.2917   -35.9747  -352.4930   -15.1199
   530.0000     0.0001    43.3986   161.7130   -63.4462   124.3840   160.6870   -13.9507
   530.0000     0.0001   278.3780    77.9368   162.6490   -15.2102  -160.4990    16.3557
   530.0000     0.0001   150.6840    87.9238    29.6697   173.5150   -61.4644   -31.5757
   530.0000     0.0001    29.2898   249.9260   -18.0434   100.0620   124.1650    83.2835
   530.0000     0.0001    19.3062    82.5078    -5.3098   -18.2228   242.5590  -104.6870
   530.0000     0.0001   -28.1953   248.7820   -85.8542    10.6066   174.9550   -28.5695
   530.0000     0.0001     3.9123   244.4530   -30.1613    60.6595   123.3100    70.8675
   530.0000     0.0001    51.4004   170.7920    58.5689   192.3870  -154.9800   146.7140
   530.0000     0.0001    59.6851   159.3600    43.5181   129.6410  -163.8460   167.5090
   530.0000     0.0001    70.1066   245.7000    17.2437   120.5940    60.4825   128.4300
   530.0000     0.0001    23.8766   104.1910    -6.4746    72.9729   255.1860  -103.2490
   530.0000     0.0001   -11.1104   184.2420   -27.0477    31.3964   169.8820    40.8043
   530.0000     0.0001    78.0695    68.6604    54.2157   -52.3030  -129.1740  -158.6800
   530.0000     0.0001    67.8253   236.8040    23.1866   142.6480    47.9781   166.9750
   530.0000     0.0001     2.5509   191.4620   -14.9946    53.2063   172.9810    53.4060
   530.0000     0.0001   134.0810    63.2520    60.7792   218.9880  -172.7380    18.8591
   530.0000     0.0001    20.5424   235.7110   -61.1671    69.5195   155.9050    36.7549
   530.0000     0.0001    77.7496   127.3120    71.4832    20.3847  -375.6190    83.6763
   530.0000     0.0001    72.3917    76.6003    67.5249   -25.8389  -195.1620  -180.8320
   530.0000     0.0001    63.0025   172.5710    48.0759   103.3860  -201.7690   144.9870
   530.0000     0.0001   144.8920   -20.9822   175.7920   -67.3988   -61.6628   -94.0772
   530.0000     0.0001    73.7259   109.9350    72.4038    90.3876  -401.1840    78.6944
   530.0000     0.0001    17.4088   250.4440   -11.2783    72.1368   116.8730    98.4195
   530.0000     0.0001    43.8900   103.7000    21.7398   -67.9321  -238.7820  -220.4740
   530.0000     0.0001    47.2944   256.4790     4.5578   117.3040   104.9770   101.4040
   530.0000     0.0001    44.0443   243.5560    11.0933   121.6400    69.5061   126.2400
   530.0000     0.0001    43.4740   248.5100   -13.7878   128.7000    99.5682    80.6930
   530.0000     0.0001    77.1637    93.7578    75.5415   -16.2550  -341.8450    15.2033
   530.0000     0.0001    53.6856   134.4970    35.2047  -172.9920   -89.1029  -277.5450
   530.0000     0.0001    38.2991   228.3910     1.1436   120.7740    75.2298   146.2180
   530.0000     0.0001    35.6994   243.6900   -44.2494    85.0012   162.2700    58.6828
   530.0000     0.0001    76.4921    71.5077    63.3695   -38.1601  -202.8150  -137.6410
   530.0000     0.0001    44.7545   254.2180    -9.9691   112.5170   148.4550   101.8640
   530.0000     0.0001     6.2820   229.6940   -41.7505    56.0281   116.7920    72.5496
   530.0000     0.0001    57.1295   251.7510    26.3561   101.2020    86.2280   157.9610
   530.0000     0.0001    23.5028   234.6930     0.1603    75.0919    88.7162   141.8950
   530.0000     0.0001    31.0501   222.1200     4.4830    91.8288    27.1342   143.5670
   530.0000     0.0001    32.7298   132.8650   -11.3024   106.8380   256.7980   -34.8861
   530.0000     0.0001    76.3921    94.6239    76.2105    -6.7870  -342.4350   -13.1115
   530.0000     0.0001    89.7543    64.9138    56.7518   140.5150  -282.5420   -60.8654
   530.0000     0.0001    71.3760   127.1150    68.6892   132.3110  -357.4350   107.6500
   530.0000     0.0001    40.2799   218.9610    -3.2837   100.2730    78.1793   167.7410
   530.0000     0.0001    77.5117   108.1200    73.5297    33.5356  -395.7490   -21.9623
   530.0000     0.0001    71.7707   151.9180    54.9949   192.8350  -229.0140   156.0540
   530.0000     0.0001    36.8010   241.6210   -22.2073   109.7530   117.1100    96.0193
   530.0000     0.0001    33.0160   181.7150    20.2066   138.8670   -96.6664   190.9800
   530.0000     0.0001    77.0427   100.9930    72.0785    58.1086  -395.2260    11.6026
   530.0000     0.0001    37.3578   246.9020   -37.0538    92.8074   150.6120    66.8678
   530.0000     0.0001    14.3999   236.0550   -29.1770    74.5192   125.7640    82.4688
   530.0000     0.0001    55.8130   172.7400    22.8298   135.0070  -103.4220   132.0260
   530.0000     0.0001    65.0852   215.6090    -0.8359    58.8864     1.5065    96.9339
   530.0000     0.0001    64.4289   195.3150    38.6237    59.1855   -72.8809   120.7560
   530.0000     0.0001    71.9111    62.2151   -15.9813   -23.7526  -136.5950    61.9248
   530.0000     0.0001    71.0600   -14.0928    84.5216   -96.1878    50.6109  -151.8590
   530.0000     0.0001     7.1439   204.8860   -32.6557     7.6623   125.5980    62.0722
   530.0000     0.0001    -4.5710   222.1310   -57.3708    45.5048   138.7250    41.2548
   530.0000     0.0001    25.7821   170.5320    47.0226   199.5100  -128.4440   152.9630
   530.0000     0.0001    27.2984   251.1000   -38.4632    44.9525   110.8010    63.8146
   530.0000     0.0001    -1.2414   241.6350  -107.9150    23.9168   173.8900   -39.4537
   530.0000     0.0001    33.0712   240.0160     8.7459   113.4050    78.9208   124.0280
   530.0000     0.0001    10.8390   121.4480   -20.9568     4.8287   227.9920   -27.3400
   530.0000     0.0001    18.3143   247.1510     7.6235    67.1737    77.4092   110.1270
   530.0000     0.0001    -8.4266   254.0410   -65.6303    24.1647   172.7420    15.0182
   530.0000     0.0001    42.1607   170.2020    59.1473   173.0660  -183.9030   132.4640
   530.0000     0.0001    35.6765   184.4420   -35.0854   100.1690   177.9820    13.0736
   530.0000     0.0001    -8.6520   237.3740   -59.7696    43.0340   155.8740    23.9295
   530.0000     0.0001    14.9555   243.1230   -15.3474    38.7032    87.6702    96.2330
   530.0000     0.0001    89.0515   -14.3591    89.6068  -153.7490    -3.2405  -113.3720
   530.0000     0.0001    -8.7512   199.2400   -61.7256    36.9820   164.9150     2.1458
   530.0000     0.0001    14.2177   238.1940   -27.0634    74.9282   124.1810    85.1144
   530.0000     0.0001    29.0423   146.0940    22.3005   122.5360   183.2580    50.7915
   530.0000     0.0001    -2.4843   195.9030   -67.1506    22.6365   158.9710     7.9901
   530.0000     0.0001    70.1581   152.0220    79.4786   180.7780  -242.4230    98.3436
   530.0000     0.0001    80.8020    88.9728    70.1815   -98.7783  -303.8810  -113.7620
   530.0000     0.0001   101.2620   116.6100    97.1847  -156.3600   130.4820  -153.3270
   530.0000     0.0001    39.0351   223.1580     8.3389   136.7420    60.0979   155.6720
   530.0000     0.0001    48.2183   271.0740   -63.6399    67.3737   179.5650     9.9192
   530.0000     0.0001     2.1455    82.8947     9.0822   218.4180    28.1258   210.6120
   530.0000     0.0001    57.2306   169.6290    -4.6886   131.5910   -24.2922   183.5710
   530.0000     0.0001    76.7005    73.5805    75.5251   -14.8239  -221.4240   -72.0816
   530.0000     0.0001    66.0278     2.5629    76.3160  -104.3550    70.7457  -172.5600
   530.0000     0.0001     0.8286   230.8060   -46.4161    52.8664   133.2570    56.8876
   530.0000     0.0001    35.0531   234.3140    11.5915   116.3320    62.2393   139.4810
   530.0000     0.0001   -23.3991   185.5790   -64.3298   -22.2420   140.0280    27.8878
   530.0000     0.0001   181.4400   -37.4255   187.7720   -62.7721   -84.4872   -49.8161
   530.0000     0.0001   -13.8104   247.8730   -87.7350     0.6781   169.6440   -17.8593
   530.0000     0.0001    52.4420   236.6400    22.9366   130.4420    48.8794   162.8950
   530.0000     0.0001    91.0579    77.0447    66.0818   -20.3567  -227.7850   -89.8950
   530.0000     0.0001    41.7962    27.2744    48.0962   -78.3808   147.3990  -192.4190
   530.0000     0.0001   129.7680   -24.4662   176.4700   -65.2155   -55.3349  -100.6660
   530.0000     0.0001    51.1921   223.1410   -35.4359    75.1427   157.2360    47.2227
   530.0000     0.0001    44.2477   252.2300   -25.1681    96.0466   147.9610    91.5862
   530.0000     0.0001    71.7340    69.8527    68.3226   -56.2129  -191.8080  -112.6440
   530.0000     0.0001    77.2681   150.5930    59.8757    40.5093  -271.3270   160.3960
   530.0000     0.0001    68.3153    73.7014    68.7703   -84.9374  -177.4100  -136.8250
   530.0000     0.0001    39.8943   257.6970   -75.8317    45.3973   157.9580    20.7814
   530.0000     0.0001    87.7173    99.2063    70.2966    14.1987  -361.9900   -68.3857
   530.0000     0.0001    16.0990   206.1870   -14.2501    55.5684   171.2770    59.3561
   530.0000     0.0001    57.9295   181.3150    30.7259   162.2160   -77.0785   115.7930
   530.0000     0.0001    48.1199   -17.1275   101.9930   -81.3038    41.3718  -146.9800
   530.0000     0.0001    68.5356   181.5300    30.9035    52.8250   -89.5319   158.0060
   530.0000     0.0001   -11.4217   226.5950   -60.5392     4.5182   147.3780    21.8456
   530.0000     0.0001    79.0478    91.0681    75.4028   -55.1050  -338.4150     8.8147
   530.0000     0.0001     9.0489    95.1964   -13.8490   162.7870    -2.2479   235.5240
   530.0000     0.0001    33.0946   258.4930   -61.6140    54.2054   170.9170    29.0686
   530.0000     0.0001    61.4318   168.5370    55.5577    92.1021  -125.9320   199.4430
   530.0000     0.0001    74.2208   129.0620    70.6620    35.1839  -373.3790    94.0288
   530.0000     0.0001    29.5251   256.4310    -1.3403    86.1972    94.1920    94.2119
   530.0000     0.0001    61.2265   177.2510    30.9589    97.0156   -50.1928   194.2890
   530.0000     0.0001    77.8645   114.2820    73.2843   106.7380  -402.2980   -33.0844
   530.0000     0.0001    79.1350   122.0870    75.7289   160.1290  -352.4540   -19.9928
   530.0000     0.0001    51.1804   222.7390   -20.0547    81.6515   153.1070   104.9130
   530.0000     0.0001    57.5306   190.4350    32.6841    99.3027   -45.1664   127.4560
   530.0000     0.0001    86.7657   112.4150    68.8745     4.1200  -388.1860    75.1347
   530.0000     0.0001   289.5780   247.3430   143.4400   105.1590  -150.3180    30.6843
   530.0000     0.0001    43.9577   244.9710    27.6300    69.3876    83.7891   178.0060
   530.0000     0.0001    22.2753   236.2130   -54.6324    74.5714   155.9440    43.5859
   530.0000     0.0001    57.2598    34.6655    46.5137   -86.6917   137.5900  -226.4670
   530.0000     0.0001   113.2760   -28.4871   109.9300  -133.8620   -36.1088   -90.7300
   530.0000     0.0001    50.0645   251.3980   -20.3382   103.2430   147.1220    86.4202
   530.0000     0.0001   -24.9290   173.8100   -81.7095   -15.1452   142.6550    -6.7749
   530.0000     0.0001    38.4686    38.0922    31.0955  -101.5210   165.3390  -186.0870
   530.0000     0.0001    63.6822   231.0270   -14.8281   103.2800   123.0250   131.2650
   530.0000     0.0001    86.6734    99.4165    78.9434    -2.5552  -337.5850   -43.5742
   530.0000     0.0001    43.3009   183.3130    15.7787   110.2540   -20.0709   159.5380
   530.0000     0.0001    21.6590   163.8710   -22.5230    79.2041   204.7500     3.8673
   530.0000     0.0001    30.6242   233.9040   -27.9532    98.6369   108.2040    94.7212
   530.0000     0.0001   123.8340    81.2227    45.5469  -181.4380    94.9772   104.8650
   530.0000     0.0001    55.9143   168.1210    66.0564   168.5870  -194.3730   138.3340
   530.0000     0.0001    44.6328   225.0030   -10.7985    88.9504    51.9882   135.0680
   530.0000     0.0001    76.9964   136.7350    79.0519   125.1900  -326.6510    39.1438
   530.0000     0.0001    74.0287   183.9860    27.2407    21.5057   -71.6330   206.1920
   530.0000     0.0001    53.9037   196.6720   -36.4804   116.2090   167.5410    33.3468
   530.0000     0.0001   209.2680    -0.0425   168.6050   -78.1474  -114.4290   -35.7759
   530.0000     0.0001    85.2284   112.9290    65.1581    20.8384  -401.6670   125.0060
   530.0000     0.0001    16.1255   164.0380   -28.0855    91.1168   -44.6644   176.4950
   530.0000     0.0001    37.1702   268.3710   -62.6691    58.3381   172.1100    18.1886
   530.0000     0.0001    63.6332    86.1875    70.3185   -26.1420  -222.6740   217.2010
   530.0000     0.0001    55.7791   165.8600    51.8173    94.4704  -168.9640   154.1320
   530.0000     0.0001    76.9485   105.0590    64.2481   425.3740  -300.4710   193.0040
   530.0000     0.0001   240.2350     4.9556   155.2800   -63.9668  -126.4690   -16.7084
   530.0000     0.0001   100.5000   -29.4765   122.5500   -89.1660    -3.5417  -124.7530
   530.0000     0.0001    41.9448   259.9070    15.2708    73.1979   116.9070   135.2140
   530.0000     0.0001   145.2880    45.3724    48.3946   -85.2461    70.2888    63.9678
   530.0000     0.0001    78.0646    83.0196    68.8547    45.9199  -303.1830   -99.2118
   530.0000     0.0001    62.2792   176.9430    37.1782    81.1482  -156.2660   126.7060
   530.0000     0.0001   111.0350   -18.4232   142.7690   -76.0403   -22.5770  -130.2990
   530.0000     0.0001    83.9657     8.7720    95.5011  -108.6250    22.7211  -185.7400
   530.0000     0.0001    26.5211   247.2140    20.9578    45.7604    86.3249   146.6650
   530.0000     0.0001    15.6294   262.4340   -10.2152    36.7255   118.3770    94.3734
   530.0000     0.0001   156.3970   -43.0680   176.3030   -60.3699   -64.1431   -76.6101
   530.0000     0.0001    78.1953   100.3420    80.5065   -55.6629  -322.1450   -33.1865
   530.0000     0.0001    25.4603   181.6680    24.8671   140.5010   -78.7359   175.3000
   530.0000     0.0001    43.9118   100.4560    20.3525    77.4921   312.6910   -11.5172
   530.0000     0.0001    67.5949   233.9220    -8.6004    63.4866    79.3807   143.2100
   530.0000     0.0001    23.1959   247.5360   -36.5216    85.9512   134.1880    65.2894
   530.0000     0.0001    69.2765   159.4440    63.6462   137.1540  -161.8280   198.5910
   530.0000     0.0001    81.9191   160.7060    41.1777   110.8540  -132.4830   223.4830
   530.0000     0.0001    74.9582    74.6320    64.2080  -126.5530  -136.2450  -141.6520
   530.0000     0.0001    29.2805   241.7380   -99.4706    42.7455   166.2120   -23.7292
   530.0000     0.0001    10.2643   240.2700   -42.3005    75.0878   157.1110    45.7309
   530.0000     0.0001    72.1543   141.1280    61.0548  -137.1580     9.6080  -310.5300
   530.0000     0.0001    51.8472   270.3580     2.4135    78.0602   134.3750   118.8770
   530.0000     0.0001    16.8573   228.2130   -31.6520    72.5233   102.0900    92.3686
   530.0000     0.0001    51.7046   213.1710   -64.4180    87.5629   149.8350     9.5197
   530.0000     0.0001     8.7027   222.6330   -46.7826    49.2204   160.2010    21.6209
   530.0000     0.0001    60.3400   114.1790    53.8963   421.1450  -189.1800   385.3130
   530.0000     0.0001    56.4961   168.7980    72.8590   157.6100  -218.0920   113.0300
   530.0000     0.0001    -4.0216   214.8810   -76.5709    42.7052   160.7850   -18.7257
   530.0000     0.0001    80.5809    80.1664    68.9127   -12.6439  -272.9770   -84.0634
   530.0000     0.0001    76.7652    97.9323    72.8556   -17.1718  -370.8190   -61.5310
   530.0000     0.0001    50.1270   237.8100     9.1516   133.3940   102.1530   152.5110
   530.0000     0.0001    78.9816    70.8485    54.8768   -38.4243  -157.5400  -168.8800
   530.0000     0.0001   107.3780   -70.3533   162.7440   -64.8599   -53.5174   -80.6688
   530.0000     0.0001    83.5273   126.4660    74.7997   -10.4364  -344.7230    89.8809
   530.0000     0.0001    13.6165   231.9690   -83.4041    38.0449   165.5590    -7.4170
   530.0000     0.0001   105.1510   -10.8211   112.4000  -100.9290    -2.8187  -145.9540
   530.0000     0.0001    -3.6590   247.2730   -36.8544    32.2604   121.7980    64.2122
   530.0000     0.0001    95.4019    94.7899    21.4412  -116.4010    96.8872   327.4580
   530.0000     0.0001   116.7890     3.1482    96.6293   -98.8184    -1.4912  -169.0100
   530.0000     0.0001    52.8399   175.5820    13.4264   114.7010   -42.5976   168.7670
   530.0000     0.0001    56.6498   179.7430    50.8591    77.7765  -175.6550   159.9990
   530.0000     0.0001    34.8110   261.9000   -17.6265    85.2996   154.9710    89.4933
   530.0000     0.0001    -6.2807   236.8470   -48.5850    44.0537   133.7690    46.3614
   530.0000     0.0001    50.6657   208.9280   -51.9517    86.9611   153.3260    19.7550
   530.0000     0.0001    82.1819    89.8511    76.5836  -104.8250  -299.9140   -29.8901
   530.0000     0.0001    68.0341    72.9410    64.4070   -75.8255  -120.7330  -175.5920
   530.0000     0.0001    71.2472   134.9620    57.0098   260.0560  -314.0770   213.6950
   530.0000     0.0001    73.1574    79.5082    70.0042   -29.1465  -245.3180  -143.0710
   530.0000     0.0001   156.1240   -54.6962   222.1780   -33.6481   -73.4474   -54.7103
   530.0000     0.0001    27.3440    79.0123     8.4580   -11.6996   254.6700  -155.4610
   530.0000     0.0001   -12.9594   208.1900   -68.5090    44.8911   147.3980   -15.0164
   530.0000     0.0001   -24.0725   254.1630  -102.1550    -4.3326   170.2540   -37.4639
   530.0000     0.0001    88.5796    99.5532    79.4990    19.7138  -325.3570   -63.5181
   530.0000     0.0001    77.4898   134.1540    71.0984   106.6300  -275.0090   204.8690
   530.0000     0.0001    73.9780    82.6130    75.9270   -54.9622  -267.2060   -72.8604
   530.0000     0.0001   125.7030   -47.9347   145.0180   -70.0433   -29.6479   -97.3247
   530.0000     0.0001    69.5398   146.3680    62.7625    80.4524  -322.1550   121.7730
   530.0000     0.0001    62.0995   236.9660   -18.0438    84.7902    62.0199    94.1652
   530.0000     0.0001    60.9974     3.3100    86.4718   -86.7582    59.1144  -184.9870
   530.0000     0.0001    53.5080   225.5020   -21.8021    82.5234   148.5470   105.2450
   530.0000     0.0001    45.4804   222.4840   -18.8017    84.1394   163.5290    89.0014
   530.0000     0.0001   210.1120   -25.0313   218.2280   -38.1368  -100.5760   -28.3540
   530.0000     0.0001    81.4567    82.4349    75.5225    -6.2223  -244.6960  -103.9750
   530.0000     0.0001    66.0683   143.9100    52.8354   127.8130  -229.1850   225.2040
   530.0000     0.0001    22.6264   108.9990   -20.1466   -20.5888  -154.5980   -29.9319
   530.0000     0.0001    81.2536    88.4651    65.0812    40.6580  -343.5610   -69.5820
   530.0000     0.0001    28.5135   220.9400     1.8091    56.1256    26.0251   146.5260
   530.0000     0.0001    -2.7408   253.7310   -35.1080    47.0413   135.2960    58.5440
   530.0000     0.0001    88.2515    -5.7839   125.4270   -63.6196     9.2070  -165.7480
   530.0000     0.0001   -13.3644   134.0810   -76.2203    39.4583   159.8890   -53.5281
   530.0000     0.0001    76.0306   112.0630    82.4538   125.5070  -340.8400    -9.6783
   530.0000     0.0001   158.8830   -21.6355   177.6240   -54.6016   -66.0262   -93.0779
   530.0000     0.0001   -15.1854   173.8220   -61.9344     2.1549   152.6570    14.0358
   530.0000     0.0001    -7.2090   244.6970   -44.5556    31.4153   128.5130    53.2782
   530.0000     0.0001   245.8170   -52.4504   247.0620    -7.4967  -101.5810    -6.1582
   530.0000     0.0001   109.4980    84.7528    63.3874  -220.7380   151.4800    31.5611
   530.0000     0.0001    46.1938   207.1350   -37.9728    93.0095   164.8480    33.5787
   530.0000     0.0001    68.6365   176.3710    67.7490   102.4910  -226.9940   125.7950
   530.0000     0.0001    12.8384   206.0930   -23.7933    75.9206   152.0150    92.6758
   530.0000     0.0001    39.7306   232.4980     4.7320   134.8470    72.7985   133.4170
   530.0000     0.0001    63.7003   164.8030    66.9700   154.2400  -220.7380   119.5840
   530.0000     0.0001    22.5660   232.9210    -8.5404    73.2750    89.5998   126.8710
   530.0000     0.0001    48.2372   253.5200    12.2969   100.7460   133.1580   147.1730
   530.0000     0.0001     4.4762   231.9530   -35.1249    53.6289   120.1670    79.4456
   530.0000     0.0001    56.4688   262.3800   -20.4854    76.0827   109.7680    74.8538
   530.0000     0.0001    64.3983   181.4450    27.2348    62.8556   -95.7177   133.9600
   530.0000     0.0001   127.9210   -19.8200   149.7650   -79.4299   -32.8972  -113.6610
   530.0000     0.0001    50.8418   244.4360    -2.8163   134.9330   107.8110   122.2490
   530.0000     0.0001    59.6014   232.7140     9.6006   152.0960    33.0841   137.2680
   530.0000     0.0001    36.4368   176.2440   -36.3066    53.1945   159.9860   -21.4477
   530.0000     0.0001   226.7580   -14.4599   248.2520   -19.3051  -106.0170   -12.6035
   530.0000     0.0001    -2.0105   254.1460  -113.9220    16.1927   180.6860   -51.6850
   530.0000     0.0001   292.6700   234.5610   128.3750   101.7470  -155.4150    32.5251
   530.0000     0.0001    52.5258   247.0000   -77.1474    77.5523   164.2660     5.6714
   530.0000     0.0001    -9.3756   133.8030   -65.9115   -19.0824   169.0440   -11.3133
   530.0000     0.0001   -11.9378   236.7340   -63.9684    14.3115   164.2970    10.4222
   530.0000     0.0001    71.2906   169.2680    64.0940    75.3013  -239.6950   149.9950
   530.0000     0.0001    15.1188   262.2730   -14.7188    66.6319   132.5350    81.2623
   530.0000     0.0001   185.2030    11.8415   204.9160   -52.2325   -78.1622   -66.3601
   530.0000     0.0001    67.4154   176.6030    51.7632    64.4925  -123.2180   171.4660
   530.0000     0.0001    82.9838   126.0210    74.1945     5.8573  -351.3230    79.6528
   530.0000     0.0001    -5.9774   262.1260   -60.0445     8.6066   156.2530    27.9323
   530.0000     0.0001    95.3950    76.3476    79.1698   183.6880  -300.1900    65.8149
   530.0000     0.0001    27.9942    96.9487    22.6597   -30.6893   269.9530   -34.6405
   530.0000     0.0001    40.1438    -6.9139    54.8637   -79.0776    89.3750  -161.0750
   530.0000     0.0001    52.1367   225.4980   -34.0917   112.8400    84.4020    95.7144
   530.0000     0.0001    -1.4796   184.7960   -54.5918    -0.4403   158.1110    33.4373
   530.0000     0.0001   165.1480   -31.5192   225.6760   -30.9946   -78.8040   -62.1306
   530.0000     0.0001    13.0357   152.8500   -19.4963   100.5950   -59.8677   189.7240
   530.0000     0.0001    51.8075   241.7770     8.1377   124.0910    54.8549   131.9690
   530.0000     0.0001    79.7737   102.3420    70.8881    59.6911  -395.3100   -61.9232
   530.0000     0.0001    32.6988   257.8250     2.5120    79.6972   128.4980   122.3220
   530.0000     0.0001    64.4243   200.6350    47.6554    80.6785   -85.5617   116.3490
   530.0000     0.0001    83.0020    76.9903    71.1316     1.8419  -265.5440   -54.7511
   530.0000     0.0001    15.8088   217.2500   -40.1180    62.0338   161.0050    30.9009
   530.0000     0.0001   118.7280    -0.4815   122.0500   -98.7252   -30.5075  -148.5370
   530.0000     0.0001     8.4458   219.4270   -46.8035    76.8529   150.9070    25.3831
   530.0000     0.0001    -0.8631    43.0161   -38.3739     5.7232   145.9810  -124.2040
   530.0000     0.0001   126.3190   -13.3741   135.1960   -86.2738   -37.6915  -128.8900
   530.0000     0.0001    79.1361   141.9050    88.5975    23.0159  -242.7760    64.4128
   530.0000     0.0001    77.4286   120.2430    85.2496    99.4743  -336.0700    -5.7107
   530.0000     0.0001    -7.5872   161.5380   -50.6083    28.2856   180.4320     0.8368
   530.0000     0.0001    49.9281     0.4598    72.8790   -76.5388    61.3572  -190.4270
   530.0000     0.0001    64.5523   170.9230    20.7677   146.9480  -134.5080   133.3790
   530.0000     0.0001    91.3878   112.0920    77.6789    35.5900  -320.1310   127.5040
   530.0000     0.0001   184.1070   -44.6952   229.0540   -30.1262   -86.1914   -47.0440
   530.0000     0.0001    62.1245   166.3380    63.2555   130.2800  -231.0330   125.7240
   530.0000     0.0001    22.1876   135.9720   -16.6070    82.1113   240.0960   -28.1163
   530.0000     0.0001   208.4670   -39.6410   239.6120   -19.0117   -87.1152   -31.7926
   530.0000     0.0001    68.2085   234.7280     4.0639   158.2810    82.2936   150.3470
   530.0000     0.0001    62.0323   113.5450    57.1018   482.4080  -215.4830   295.6520
   530.0000     0.0001    23.5102   119.0620   -11.5904    66.9968   252.8900   -68.6921
   530.0000     0.0001     3.2065   178.9770   -20.9480     3.0810   152.5570    39.5161
   530.0000     0.0001    89.0481    41.7302    37.4104    41.3532  -182.3230  -109.0460
   530.0000     0.0001    92.3919   111.8280    85.5577    41.9579  -291.0180    78.5152
   530.0000     0.0001    19.6898   173.7860   -11.8785    29.8017   213.2760    53.8798
   530.0000     0.0001    25.8617   217.7720     1.5054    99.2588    33.2064   122.4650
   530.0000     0.0001    76.1858   131.5770    66.2858    72.5008  -323.7920   173.7900
   530.0000     0.0001    31.8468   225.8670     9.6202   121.6750    40.0990    93.2726
   530.0000     0.0001    60.5100   232.5010     9.3222   133.1910    54.9998   175.4520
   530.0000     0.0001    26.2662    66.2030     9.1240   -61.7702   235.0570  -137.7250
   530.0000     0.0001    65.7021   192.2080    35.5920    54.7946   -62.8659   135.3320
   530.0000     0.0001     9.0274   238.2010   -51.6224    30.5336   157.3030    35.3907
   530.0000     0.0001    74.9744   121.4300    65.8263    61.0300  -388.7730   170.6690
   530.0000     0.0001    46.5143   239.4750    16.3197   118.6730    36.6265   118.7400
   530.0000     0.0001    16.8144   244.2150   -72.1189    61.4738   169.1340     9.9024
   530.0000     0.0001    68.5577   155.9230    69.5512   140.1310  -270.5010   100.5300
   530.0000     0.0001    57.4947   180.7190    45.0518    72.1438   -77.1127   177.7160
   530.0000     0.0001    62.1339   241.5740   -44.2672   106.4440   154.5810    35.7519
   530.0000     0.0001    46.0999    57.9177    37.3900  -157.1530   172.5320  -108.2990
   530.0000     0.0001    57.6443   244.3460     5.7995   109.1090   110.7170   156.2620
   530.0000     0.0001    38.6609   259.9060    -3.2087   102.4240   115.2060    91.1820
   530.0000     0.0001    21.3361   226.6430   -25.5868    80.2137   127.6470    95.2307
   530.0000     0.0001    68.0341    72.9410    64.4070   -75.8255  -120.7330  -175.5920
   530.0000     0.0001    50.3589   241.5200    35.5723    90.3520    61.5229   174.2450
   530.0000     0.0001    36.9280   234.7280   -34.2611   104.0740   126.6930    81.0315
   530.0000     0.0001    50.9288   187.0570    42.7162   136.8630   -69.3221   124.9150
   530.0000     0.0001    34.0853   244.9720   -64.6571    78.9454   156.2370    20.3365
   530.0000     0.0001    33.8446   232.2430   -59.3954    95.4002   157.1190     8.4347
   530.0000     0.0001    71.9177   121.9040    72.8889   145.9250  -358.8590    71.9288
   530.0000     0.0001   -20.8989   178.7360   -54.3748     1.4678   163.2060    19.9714
   530.0000     0.0001    48.0391   189.4670    50.0846   166.7330   -17.2571   188.9800
   530.0000     0.0001   124.9590   -28.1220   167.1480   -53.6545   -35.6585  -112.1470
   530.0000     0.0001    79.4418   116.2530    70.8753    88.8017  -410.9950   -49.6463
   530.0000     0.0001    23.2500   270.8190   -31.5527    32.3185   154.5110    67.8924
   530.0000     0.0001    46.4702   221.1830     4.1949    75.5126     1.3193   143.2760
   530.0000     0.0001    44.4108   117.6010    31.6071  -147.8310  -189.5450  -255.7750
   530.0000     0.0001    41.2085   127.0370   -11.2414    75.8781   269.3770   -68.2057
   530.0000     0.0001    76.3445   119.7840    75.2273    79.4593  -364.0030    70.7716
   530.0000     0.0001    74.8434   156.5250    57.3021    72.1841  -245.9070   160.0830
   530.0000     0.0001    38.2310   180.2170    31.6843   140.6450   -19.7551   214.6630
   530.0000     0.0001    20.4511   227.2890   -46.9306    77.9804   154.7120    45.9382
   530.0000     0.0001    67.6075   236.8760    20.1499   120.0230    39.5637   166.4470
   530.0000     0.0001    54.0889   190.6640    31.6723    90.8029   -29.3817   142.3320
   530.0000     0.0001    57.7868   135.0980    49.5467   241.2920  -256.1540   278.4950
   530.0000     0.0001    52.5316   253.4910     1.4040   123.0650   120.3450   115.6480
   530.0000     0.0001   196.6860    -9.0052   213.6660   -48.0425   -95.2604   -44.0299
   530.0000     0.0001    47.2477   179.9600   -31.8660   118.7020   185.9890    18.4899
   530.0000     0.0001   -30.9701   235.7070  -106.0260    -0.5393   165.4780   -44.2455
   530.0000     0.0001   111.8070    36.0892    75.1172    89.0473  -139.2750    33.0208
   530.0000     0.0001   189.8750   364.9250   128.4740   163.4740   -97.6468    56.8701
   530.0000     0.0001   254.4290   286.4230   144.9880   131.0670  -141.9520    42.9879
   530.0000     0.0001   283.6090   126.2810   139.1590    38.3591  -177.4940    20.0846
   530.0000     0.0001    64.5523   170.9230    20.7677   146.9480  -134.5080   133.3790
   530.0000     0.0001    85.8133    92.6035    81.3328   -50.9402  -285.4030    42.6016
   530.0000     0.0001    14.7331   168.1640   -20.5019     1.0438   192.4770    52.9456
   530.0000     0.0001   103.8020   124.3480    99.9562  -144.4350   126.1230  -146.1980
   530.0000     0.0001   279.8340   227.3610   146.5890    97.6838  -164.2580    33.6027
   530.0000     0.0001     9.2240   229.3020   -29.6866    60.2341   111.4400    90.7671
   530.0000     0.0001    25.0800   218.8660   -28.8352   115.4340   124.8990    72.4884
   530.0000     0.0001    31.4754   109.0820    11.8020    44.4589   254.3360   -30.3919
   530.0000     0.0001    29.4358   230.8460   -18.1186   100.9660   100.5590   111.4690
   530.0000     0.0001    27.9897   243.5430    -1.6073    97.2466   104.2440   122.7320
   530.0000     0.0001    78.1200   102.0020    69.7694    78.9689  -397.2160    66.4767
   530.0000     0.0001    73.1703   118.7650    73.6683    76.5036  -384.9760    73.0495
   530.0000     0.0001    59.1386   177.8780    34.0201    65.3392   -94.4461   155.1960
   530.0000     0.0001    66.8204   159.0520    70.0941   129.2750  -240.1910   143.8950
   530.0000     0.0001   103.4890   -14.8043   136.9470   -85.7158   -26.9552  -137.5050
   530.0000     0.0001    21.5623   245.4180   -23.1496    79.3933   126.4720    92.0703
   530.0000     0.0001    54.9546   190.5810   -41.5978   109.7580   168.1890    19.5453
   530.0000     0.0001     5.0912   237.4380  -126.2020    17.7207   169.7740   -66.9062
   530.0000     0.0001    21.8622   249.2390   -23.7161    77.7802   155.9910    78.9569
   530.0000     0.0001    37.9056   129.9800    38.2168   302.6080  -109.8810   270.4830
   530.0000     0.0001    74.1424   121.8650    65.1912   270.9090  -371.8500   223.5880
   530.0000     0.0001    18.9983   243.2860   -36.6773    82.4134   141.0130    65.6096
   530.0000     0.0001    31.1268   222.8160    -2.0735   100.5850    52.4154   135.2570
   530.0000     0.0001    76.9354   120.6750    72.5071    73.6276  -352.4360   157.6020
   530.0000     0.0001   269.9830   216.7360   135.7890   102.0420  -174.0750    27.3224
   530.0000     0.0001   207.9580   -38.4014   275.4140    -7.6400  -100.1390   -15.0952
   530.0000     0.0001    74.9357   133.2930    67.2030  -253.5060    99.6621  -229.7470
   530.0000     0.0001   142.8010   101.7880    88.8895  -159.8600    65.5081    11.1261
   530.0000     0.0001    31.6865    84.8888    27.2071   -81.6541   255.1140   -76.0589
   530.0000     0.0001    74.0672    13.3781    91.4485   -84.2374    48.8961  -204.8560
   530.0000     0.0001   105.0100   116.0100    82.1282  -232.0240   139.7280   -78.7665
   530.0000     0.0001    59.1658   180.1200    44.1676    50.5646  -101.0260   167.7880
   530.0000     0.0001    73.1973   108.0010    68.4330   131.1050  -431.6020    48.9506
   530.0000     0.0001    50.2041   140.1840    47.5961   255.4510  -236.1710   215.6770
   530.0000     0.0001    66.2176   162.0070    23.3454   138.9490  -126.7420   180.9340
   530.0000     0.0001    57.5279   218.2350   -39.3763    97.9421   153.2650    36.5336
   530.0000     0.0001    70.4083   146.7890    76.6479   164.4130  -272.8130    85.0254
   530.0000     0.0001    76.2426    70.5673    70.8529   -12.2431  -220.1970   -73.9337
   530.0000     0.0001     8.6669   244.1820   -29.8722    74.1152   130.2520    69.6024
   530.0000     0.0001    57.2864     8.6883    63.5591  -101.1700   103.1350  -172.2080
   530.0000     0.0001    29.4123   226.2230   -17.3138    75.9965    74.4572   123.3220
   530.0000     0.0001    66.0278     2.5629    76.3160  -104.3550    70.7457  -172.5600
   530.0000     0.0001    64.4436   157.2220    61.1697   116.6750  -179.2510   191.6350
   530.0000     0.0001    97.4225    -9.7780   108.2200   -99.5185     5.7983  -153.0090
   530.0000     0.0001   -28.9865   216.4530   -83.6967    16.4880   158.0390   -21.4248
   530.0000     0.0001   129.2160   -42.1782   164.8230   -70.6021   -48.7008   -91.5132
   530.0000     0.0001    -8.5719   110.0660     5.4060   210.3690    -7.5914   187.9310
   530.0000     0.0001    11.6324    16.5049    27.3190     5.1548   122.0480  -183.6220
   530.0000     0.0001    48.5347    83.6321    11.2760   -23.9923   251.1300  -225.6750
   530.0000     0.0001    55.8375   114.7240    59.1554  -406.3570   -78.7850  -165.5520
   530.0000     0.0001    57.0684   179.4320    33.6021    53.5518   -87.8490   160.0640
   530.0000     0.0001    81.2014    74.6627    61.6135     9.5895  -228.0520  -138.6590
   530.0000     0.0001    74.4491   142.3250    62.9375    67.6395  -306.0140   158.4930
   530.0000     0.0001    59.1953   232.7550    -1.6143   132.0350    59.9684   147.2710
   530.0000     0.0001   176.2190   108.6910   100.6350  -103.9450    67.2204    41.7183
   530.0000     0.0001    34.5947    52.0574    30.2050   -48.6434   203.2600  -206.0720
   530.0000     0.0001    85.2460   -14.2899    65.6059   -86.9517    56.2856  -162.7270
   530.0000     0.0001    35.2892   239.1980    16.6619   114.2850    75.1807   141.8690
   530.0000     0.0001    -3.0592   270.0060   -35.3327    33.6201   153.1490    50.3663
   530.0000     0.0001    30.5204   199.3200    -8.8295    46.6305   181.4190    91.3811
   530.0000     0.0001    73.2484   159.0780    62.3875   141.1610  -264.1460   104.9470
   530.0000     0.0001    -3.4101   231.7750   -56.3271    45.2984   148.9970    37.1008
   530.0000     0.0001   141.7930   -32.5340   194.6750   -50.8024   -59.1519   -83.6234
   530.0000     0.0001   166.0380   -24.6428   219.1100   -41.5945   -76.9706   -63.3069
   530.0000     0.0001    76.8360   111.6710    76.4146    -7.6525  -386.3040    22.3009
   530.0000     0.0001    82.0592    83.0015    67.0798    37.4540  -280.8340  -125.0980
   530.0000     0.0001    38.0574   142.0500   -13.3684    26.7714   261.3240    -9.1420
   530.0000     0.0001    79.2555   136.4860    69.2888   157.6510  -314.6220   122.0110
   530.0000     0.0001    48.1479   162.2420   -19.2012    99.6215   220.5030   -17.6094
   530.0000     0.0001    -4.8841   268.2130   -45.5658    31.5592   157.3790    38.7953
   530.0000     0.0001    43.0130   116.5070    37.7200  -186.5090  -152.9980  -269.3520
   530.0000     0.0001    57.6670   230.7590     9.3338   100.3840    -3.9604    86.5907
   530.0000     0.0001    60.0025     5.2405    68.5836   -55.2075    90.4538  -197.3600
   530.0000     0.0001    41.9877   227.8210    -5.9745   151.3810   122.6210    93.7917
   530.0000     0.0001    87.4570   108.1730    75.2764    85.3429  -365.6800    55.8786
   530.0000     0.0001    27.2056   224.6460    -8.0342    80.7054    57.5512   126.2710
   530.0000     0.0001    74.8286   120.3430    77.0309    29.7996  -352.2920   116.0490
   530.0000     0.0001    12.7935   223.1230   -60.0205    76.3690   154.7660    27.2948
   530.0000     0.0001   283.7790    92.4192   140.1770     5.1920  -173.2980     9.6654
   530.0000     0.0001    82.6292   139.8380    66.1567     5.4062  -295.1700   166.4360
   530.0000     0.0001    86.9913   112.2260    79.7131    46.2603  -357.0940    -7.6508
   530.0000     0.0001     9.5421   189.6420   -18.2549     9.5897   163.4300    75.5139
   530.0000     0.0001    83.3932   100.6230    68.7930   311.6770  -355.9250   117.8050
   530.0000     0.0001    48.7010   261.3970    -2.7742   100.9880   141.3500   108.8570
   530.0000     0.0001    34.6871    32.7421    42.4061   -63.7505   144.6890  -209.5430
   530.0000     0.0001    71.5243   155.3110    47.3608    85.4602  -204.5460   187.9300
   530.0000     0.0001    70.9644   121.3060    70.4353   123.4250  -376.9340   102.6050
   530.0000     0.0001    28.7940    75.8246     6.0402    13.1248   236.4650  -179.1180
   530.0000     0.0001     8.8767   254.4850   -33.3098    65.6765   155.2690    51.3486
   530.0000     0.0001    75.7683   141.5200    74.7625   137.9930  -304.6170    91.3247
   530.0000     0.0001    47.2782   158.9500   -20.1773   113.0730   219.8150   -16.9882
   530.0000     0.0001    60.7283     0.9743    60.8172   -93.2749    99.7360  -164.1200
   530.0000     0.0001    78.5240   114.5520    75.8830   135.7850  -378.2130   -22.5336
   530.0000     0.0001    12.4457   240.2350   -24.6138    75.4764   125.5450    80.5388
   530.0000     0.0001    64.4019   131.9710    68.2057   153.5610  -294.9690   188.7280
   530.0000     0.0001    29.2867   122.2920   -13.3058    88.4747   251.0480   -64.8521
   530.0000     0.0001    80.9807   132.6760    74.6431    -2.8980  -343.2210    94.5071
   530.0000     0.0001    93.3116     7.2563    73.7961  -127.0790    39.2337  -173.4190
   530.0000     0.0001   -12.6018   181.2830   -82.6999    34.5126   161.9710   -18.2398
   530.0000     0.0001    39.2544   223.9730   -91.6971    77.5005   150.2030    -9.3039
   530.0000     0.0001    60.7283     0.9743    60.8172   -93.2749    99.7360  -164.1200
   530.0000     0.0001   115.3030   -31.8088   164.3490   -59.2141   -37.1861  -112.7700
   530.0000     0.0001   -14.9596   249.2420  -101.0490    16.1836   172.0910   -48.7372
   530.0000     0.0001    76.6324   227.5610    21.9363   100.0730    11.6255   145.2710
   530.0000     0.0001    84.0009   155.5550    75.0283    72.1533  -277.0070   108.3430
   530.0000     0.0001    74.7973   123.2190    70.6197    81.4983  -386.1470    78.3924
   530.0000     0.0001    -0.9037   263.0690   -58.7609    10.4612   158.1350    30.3610
   530.0000     0.0001    55.4202   224.6660   -24.9737   107.4690   127.7040   110.4580
   530.0000     0.0001    79.0733   123.9720    75.1917    16.8108  -357.8110    72.7429
   530.0000     0.0001    39.9169   240.9420   -69.0503    71.1596   130.9430    38.5208
   530.0000     0.0001    -3.5064   200.1340   -23.9050    53.3775   160.5830    44.0101
   530.0000     0.0001    78.2115   107.2340    80.5908    93.3756  -342.7260    72.7598
   530.0000     0.0001    78.4443   109.7090    85.0122    14.6724  -324.7340    12.8833
   530.0000     0.0001   -27.6707   254.3260  -104.5700    -4.9927   179.5580   -44.9425
   530.0000     0.0001    31.2228   238.5270   -23.1722   102.7790   110.5780    93.5106
   530.0000     0.0001    67.9403    68.2427    63.0657   -91.8126  -125.7600  -140.8930
   530.0000     0.0001    49.5319   183.3150   -49.2948   118.3030   163.8420     6.0185
   530.0000     0.0001     6.8197   246.6190   -29.3069    53.3887   140.4250    78.1517
   530.0000     0.0001    12.3935   203.1890   -27.2778    36.8325   168.1450    53.5183
   530.0000     0.0001   108.1060   118.5380    95.6394  -174.0440    96.1639  -115.6100
   530.0000     0.0001    79.4893   121.4190    74.6134   168.2780  -353.9430    65.3319
   530.0000     0.0001   134.6000   -28.1847   166.3330   -71.2106   -51.0301   -99.0652
   530.0000     0.0001    15.8858   221.9670    -1.8508    73.4086    53.4033   127.1590
   530.0000     0.0001    53.7146   206.2710    -5.7846    82.5002    19.1573   150.0430
   530.0000     0.0001    59.5869   231.1910     5.4450   124.5400    21.4407   148.8910
   530.0000     0.0001    47.2211   147.3140    32.6138   170.2810   196.8050   145.9900
   530.0000     0.0001    18.6082   246.2970   -32.4053    58.7787   165.6650    63.6728
   530.0000     0.0001     7.7261   249.2180   -28.6361    61.5927   131.5220    76.4323
   530.0000     0.0001   111.2180    95.7190    99.9386  -132.2630   127.5500  -107.9100
   530.0000     0.0001    31.1268   222.8160    -2.0735   100.5850    52.4154   135.2570
   530.0000     0.0001    72.0269    75.5092    69.9020   -67.3761  -226.2370  -119.4570
   530.0000     0.0001    17.3743   238.9870   -25.1631    80.6404   123.2550    85.1867
   530.0000     0.0001    37.8718   215.8400    29.8570   129.4180     1.4540   128.4460
   530.0000     0.0001    74.1788   161.6140    57.1926   136.0600  -263.9380   150.5390
   530.0000     0.0001    44.3318   244.0220    -1.7354    90.6518    45.1600   100.4630
   530.0000     0.0001    62.5328   229.0720     5.4973   115.7920    -0.0247    99.8170
   530.0000     0.0001   117.8930   109.8870   -22.0521   -68.0744   -15.8616   186.0850
   530.0000     0.0001   -10.2087   229.8950   -51.0360    33.6426   139.6570    48.6816
   530.0000     0.0001    87.8574   161.5240    57.7478    16.8727  -243.0260   196.4780
   530.0000     0.0001    66.9953   169.5650    67.1022    86.0102  -218.9280   152.0330
   530.0000     0.0001   154.1580    84.5140    45.8407  -127.5490    39.9480    86.0090
   530.0000     0.0001    24.9457   236.0110     6.2540   102.9440    85.3455   128.4860
   530.0000     0.0001    38.6801    58.2407    17.6945   -32.7388   216.1750  -206.0460
   530.0000     0.0001   194.1010   342.0180   125.2820   161.1110  -115.9680    58.2879
   530.0000     0.0001    10.8930    92.8698    -5.0750    85.6468   226.6230  -114.8610
   530.0000     0.0001   185.8640   -31.9176   231.2710   -27.5960   -86.2080   -49.4711
   530.0000     0.0001    60.0094   250.8820     0.1532   113.1190   113.0750   141.3060
   530.0000     0.0001    32.5732   241.9210  -115.6910    43.8615   166.8490   -42.8510
   530.0000     0.0001    35.0120   190.0690   -85.3252    90.7818   149.8750   -21.8449
   530.0000     0.0001    15.3688   214.9820   -83.5819    76.1283   153.4050   -27.7109
   530.0000     0.0001   282.3640     4.7400   164.8940   -15.6000  -132.1430     6.5346
   530.0000     0.0001    57.4405   149.6300    52.3726   122.2000  -202.3170   201.7340
   530.0000     0.0001    33.7433   240.8610   -30.0077    66.5672   147.7800    92.4034
   530.0000     0.0001    68.5860   246.1380     4.9273    92.8092    53.9734   120.1650
   530.0000     0.0001    16.9629   213.2200   -33.5812    60.9566   135.2440    95.5283
   530.0000     0.0001    28.6504   217.2140   -91.6846    78.1640   148.6850   -15.5365
   530.0000     0.0001    81.3600   124.2690    71.4251    44.9591  -395.1530    28.2397
   530.0000     0.0001    57.0561   152.3830    66.0239   202.5320  -265.8040   120.2260
   530.0000     0.0001    74.4303   176.2180    64.0677    71.1737  -147.0390   163.7030
   530.0000     0.0001    77.3686    84.9693    71.2325   -55.5379  -317.0450   -40.2632
   530.0000     0.0001    43.4059   266.8560   -37.9619    81.3357   166.1090    63.4471
   530.0000     0.0001   182.3060   -35.8536   264.3110   -10.1966   -90.3215   -34.5264
   530.0000     0.0001    22.3321   112.4650   -16.4727   -53.5580   242.7320   -18.3765
   530.0000     0.0001    14.3531   235.8280   -23.0278    78.3235   109.8430    89.7760
   530.0000     0.0001    12.0855   227.6620   -22.4200    62.4834   115.8060   106.6320
   530.0000     0.0001    79.9793   110.8830    71.0031   203.5600  -423.6200    -8.4780
   530.0000     0.0001    66.8266   104.5870    11.3389   -21.5536    -5.0489   369.3350
   530.0000     0.0001    70.6628   140.4880    52.9297   129.8110  -290.9450   180.7460
   530.0000     0.0001    26.0587   241.1050   -60.3602    55.4804   163.4620    31.1155
   530.0000     0.0001    70.1581   152.0220    79.4786   180.7780  -242.4230    98.3436
   530.0000     0.0001    43.3986   161.7130   -63.4462   124.3840   160.6870   -13.9507
   530.0000     0.0001    37.5859   248.4410   -59.6183    94.8532   148.9870    31.5029
   530.0000     0.0001    32.4156   216.4750     8.9000    88.4272    60.0218   174.0510
   530.0000     0.0001    23.9584   249.6810   -65.4461    51.6576   133.3690    38.1131
   530.0000     0.0001    79.0228   165.2160    58.5072   116.3990  -152.0810   192.9580
   530.0000     0.0001    74.5752   177.7410    51.5430   141.9950  -119.3980   143.0160
   530.0000     0.0001    84.6315    97.6564    73.0793    58.8231  -315.0150  -146.0700
   530.0000     0.0001    79.9131   112.9100    67.3020    10.9053  -404.7680   161.4200
   530.0000     0.0001    82.3857   101.9460    72.9616    72.8692  -375.2230   -81.0529
   530.0000     0.0001    25.3574   246.4860   -55.4633    57.0045   166.0250    35.5944
   530.0000     0.0001    53.4851   189.9920    44.9134   108.3860   -39.0139   157.0550
   530.0000     0.0001     4.7239   239.7560   -28.2952    65.7679   116.7870    72.1138
   530.0000     0.0001    71.9050    78.6119    76.4754  -107.8640  -214.9810   -86.8746
   530.0000     0.0001    20.0794   263.0640   -41.5484    66.9066   144.8610    53.7732
   530.0000     0.0001     3.5116   244.7340   -27.6649    55.0519   134.9700    79.0540
   530.0000     0.0001    39.6330   222.5820   -98.9567    86.1515   146.9290   -27.6746
   530.0000     0.0001    55.1555   155.1310    58.9520   115.8380  -193.9040   176.7250
   530.0000     0.0001    64.3561   161.7890    39.9294   123.0940  -201.0830   162.5250
   530.0000     0.0001   248.3220   -42.8688   255.7520   -12.0433  -113.6360    13.8955
   530.0000     0.0001    10.7843   176.9930   -35.0936    44.6452   189.0190    24.3453
   530.0000     0.0001    50.3404   189.7090    24.5262    54.7436   -27.4828   130.2910
   530.0000     0.0001    66.9724   197.1750    39.8589    97.3789   -32.9279   157.6460
   530.0000     0.0001    76.4714    94.6849    75.7972   -26.7594  -348.4790   -53.5238
   530.0000     0.0001     1.6470   203.3750   -31.1777     5.9045   127.1610    63.0210
   530.0000     0.0001    93.4247   143.7130    23.0404  -128.9170  -132.0330   265.8020
   530.0000     0.0001    72.5672    87.6933    78.2499   -35.7550  -290.4180   -87.7243
   530.0000     0.0001    74.5215   119.1520    71.8194   121.9160  -380.1440    61.3726
   530.0000     0.0001    27.6179   121.6980   -25.9751    88.0050   226.7360   -73.1433
   530.0000     0.0001    25.2710   246.1370   -36.6243    51.5417   151.2150    78.7332
   530.0000     0.0001   -11.7134   217.3340  -123.0790    18.7255   157.9550   -68.8848
   530.0000     0.0001    28.0036   220.4650  -114.6170    48.4736   153.9340   -49.1672
   530.0000     0.0001    58.0957   166.5050    37.6534    78.2166  -182.4370   153.5050
   530.0000     0.0001    72.9344   110.6540    72.7101    99.5206  -404.8970    36.3502
   530.0000     0.0001    42.0411   220.7270     6.4513   113.5610    10.4691   158.4630
   530.0000     0.0001    59.9334   181.2580    51.7253    83.9783   -74.4779   187.7320
   530.0000     0.0001    87.0132   112.0020    86.7897    -7.7981  -296.7190    31.2793
   530.0000     0.0001   -20.3969   205.7320   -93.8047     4.5132   161.0930   -29.5770
   530.0000     0.0001   107.2830    63.3868   115.9540   -40.1636   118.5640   -79.9558
   530.0000     0.0001    41.3319   238.3250    -4.3247   126.2090    85.5969   120.4580
   530.0000     0.0001    80.2215    80.2620    56.1007   -72.9508  -186.8730  -227.3990
   530.0000     0.0001     3.4845   209.2730   -47.7928    32.1966   159.7550    36.6207
   530.0000     0.0001   208.4670   -39.6410   239.6120   -19.0117   -87.1152   -31.7926
   530.0000     0.0001    23.8125   182.2100    15.6658   130.8720   -81.0791   183.1600
   530.0000     0.0001    67.6474   160.6930    67.4389   134.0780  -153.6680   202.1790
   530.0000     0.0001   150.9480   -44.7615   189.1940   -51.7355   -60.1947   -74.0381
   530.0000     0.0001    20.6770   182.2120   -27.0569    83.8088   183.1660    17.7378
   530.0000     0.0001    56.7047    37.9431    51.1238  -133.8970   142.3280   -99.4929
   530.0000     0.0001     2.8962   233.7030   -53.7253    38.8870   162.3390    16.7103
   530.0000     0.0001   108.4890   105.6900    57.8899   385.3620   -50.5497   -10.8186
   530.0000     0.0001    58.7050   178.0500    32.8352    40.8259  -134.9750   171.2370
   530.0000     0.0001    45.2309   191.4510    28.9463    96.0673   -56.5770    98.6473
   530.0000     0.0001    38.7000   137.2660   -33.0277    53.0472   -37.6680   202.0370
   530.0000     0.0001    76.2345   222.0880    18.2922   117.4230    -5.9252   158.6770
   530.0000     0.0001    50.5867   242.2690     6.8570   121.9220    58.9950   133.4260
   530.0000     0.0001    74.5398   164.0200    28.6968   153.1320   104.1350   171.2100
   530.0000     0.0001    -9.1225    73.0749   -35.0735    42.8308   162.3820  -119.5280
   530.0000     0.0001    62.3295   183.2760    41.5279   186.6680   -32.8190   198.8980
   530.0000     0.0001    36.3009   229.7830     5.4490   108.9890    68.4404   153.0980
   530.0000     0.0001    61.9050   147.1570    58.3060   214.2120  -280.3040   164.5760
   530.0000     0.0001    60.0177   264.9050   -17.9187    99.5154   138.7960    95.7318
   530.0000     0.0001   -31.7951   224.9990  -100.6340   -10.2831   161.3670   -31.7043
   530.0000     0.0001    36.1662   244.4880   -20.6506   105.2500   106.5390    95.3334
   530.0000     0.0001    45.0214    76.5842     0.3752    16.8557   -95.1009   189.7630
   530.0000     0.0001    37.3578   132.9380   -10.4015    82.7091   268.9780   -38.1693
   530.0000     0.0001    75.3618    79.6696    67.8632   -57.7768  -287.3490   -89.4460
   530.0000     0.0001    54.5339    20.2045    62.7590  -101.2060    94.4251  -205.6510
   530.0000     0.0001    81.0985    80.1924    63.1682   192.0570  -346.5970   -31.4364
   530.0000     0.0001    77.2945    70.5277    70.5916   -42.1745  -161.3460  -115.2770
   530.0000     0.0001    34.3347   250.7960   -22.1189   102.0330   116.6160    84.8140
   530.0000     0.0001   -31.5675   237.2640   -77.9944     7.2100   168.5330   -19.3814
   530.0000     0.0001    67.1259    10.7712    62.8462  -118.7590    69.9558  -189.1100
   530.0000     0.0001    58.9140   185.9030    42.2653    79.4128   -35.0346   197.4670
   530.0000     0.0001    97.4225    -9.7780   108.2200   -99.5185     5.7983  -153.0090
   530.0000     0.0001    15.2980   247.2780   -32.6617    80.1256   135.1100    67.6635
   530.0000     0.0001    41.5336   217.9230   -23.3442    66.4771   169.0030    62.0798
   530.0000     0.0001   -10.9535   201.0530   -47.5329    28.6697   165.1170    21.7396
   530.0000     0.0001     9.3565   203.5380   -29.0810     9.7208   155.9930    70.6607
   530.0000     0.0001    64.5478   187.0960    50.3046    90.7175   -84.0181   161.8740
   530.0000     0.0001    26.4950   248.9600   -48.0960    89.4236   151.1110    45.2619
   530.0000     0.0001    72.1458   136.0080    69.3512   128.2490  -275.2260   193.4670
   530.0000     0.0001    80.7102   -70.8383   172.9440   -45.3524   -49.8181   -92.2110
   530.0000     0.0001    75.0209   138.0860    66.7817    44.0987  -294.9490   188.4820
   530.0000     0.0001    69.9932   197.4000    38.0025    81.1436   -55.5154   129.6780
