#         t          m          x          y          z         vx         vy         vz
   520.0000     0.0001    60.5520   177.3550    19.4344   101.3250    66.0561   199.6190
   520.0000     0.0001   157.7000   -34.9660   198.6210   -42.7076   -76.5304   -57.9664
   520.0000     0.0001    -3.3673   218.5010   -51.5725    19.3871   142.6520    37.2024
   520.0000     0.0001    58.3407   184.9540    10.0090    59.6388   -14.7564   132.0770
   520.0000     0.0001    72.5373     0.8101    94.2116  -103.1400     0.5203  -169.2770
   520.0000     0.0001    81.6244   113.4810    76.6268   -43.3914  -293.9770    81.1629
   520.0000     0.0001    32.7016   210.9950   -40.5623    73.8253   187.5750    34.4633
   520.0000     0.0001    79.1705   143.8680    69.4524    31.7142  -304.3680    79.0447
   520.0000     0.0001    44.2736   179.8300    15.0378    69.6181   -67.1544   121.6290
   520.0000     0.0001    47.0689   159.5700    37.0184    91.9036  -108.4320   218.9700
   520.0000     0.0001    32.1760   175.8500   -50.9660    47.1664   155.4710   -16.0757
   520.0000     0.0001    33.0570   231.1070   -17.7814   120.4770   128.3200    83.5052
   520.0000     0.0001    45.9902   160.9200    28.3691   119.2370  -104.4720   169.4630
   520.0000     0.0001    56.9414   183.9620    55.0564   124.6600  -153.4350   132.6220
   520.0000     0.0001     1.8705   213.7240   -36.6613    46.6217   133.2720    70.6516
   520.0000     0.0001    53.3479   176.1670    45.0512   107.3250   -98.1706   150.0410
   520.0000     0.0001   142.3540   -33.3143   163.1480   -63.7969   -74.0674   -82.9833
   520.0000     0.0001    53.7945   180.0720    14.3008    59.3289   -18.6541   147.8870
   520.0000     0.0001    20.6008   177.7110    12.6166   190.7680   -86.4280   166.1270
   520.0000     0.0001    28.4483   193.7360    24.3374   140.6840   -72.1970   154.6630
   520.0000     0.0001    55.5181   164.1490    27.9049   111.8690  -117.3120   172.3240
   520.0000     0.0001    54.5736   196.7550    16.8401    98.1880    45.3928   111.6800
   520.0000     0.0001    46.2244   148.0430    50.1780   138.1570  -190.1940   325.5170
   520.0000     0.0001    -5.2967   148.5740   -44.3328    -1.0997   195.4200   -21.8112
   520.0000     0.0001    43.3138   212.8610   -20.8952   123.2740    92.9121   119.7010
   520.0000     0.0001    37.6255   157.8790   -24.7668    72.3252   232.4680   -27.7643
   520.0000     0.0001    29.2659   217.5830   -16.3117    92.4870    64.6593   106.8970
   520.0000     0.0001     9.8104   223.4610   -51.1897    31.3456   129.3890    42.1989
   520.0000     0.0001    78.1768   107.6740    72.8552    50.2785  -322.6290    76.7819
   520.0000     0.0001   -20.0836   191.1640   -96.4769    14.9617   172.6890   -77.0114
   520.0000     0.0001    55.0463   196.0820    26.9571   111.6680    14.9827   134.3400
   520.0000     0.0001    54.7385   150.6440    53.8391   127.7680  -201.0570   191.3710
   520.0000     0.0001    -0.1357   146.9800   -55.0836    45.3150   170.2700     2.7979
   520.0000     0.0001    44.0926   191.3530    40.8812   117.0990  -115.8410   136.6830
   520.0000     0.0001   241.4650   285.7780   126.3540   137.0160  -141.9810    46.9553
   520.0000     0.0001    80.4846   107.2090    73.2537   -30.8161  -310.8140    28.7262
   520.0000     0.0001    23.3801   209.8200   -14.0249    90.9140    75.0163   123.0890
   520.0000     0.0001    68.3396   104.4340    56.4952   184.8360  -493.9670   137.7400
   520.0000     0.0001    59.3080   174.4860    22.6698    84.0433   -74.4319   154.0240
   520.0000     0.0001   250.8730    15.5398   242.7610    -4.3643   -96.8713    -2.1935
   520.0000     0.0001    17.7217   233.7810   -12.5075    62.9934   156.9990   116.1730
   520.0000     0.0001    55.3189   153.4120    50.3555   145.7580  -170.9170   187.0650
   520.0000     0.0001    34.5779   144.7150   -28.5064   109.1180   230.4410   -35.6716
   520.0000     0.0001    80.0449   132.3850    77.6812  -129.7030   122.6370  -254.2430
   520.0000     0.0001   162.1850    -7.8322   198.8560   -50.4618   -84.9781   -64.3661
   520.0000     0.0001    32.8729   214.5900   -19.6843    83.4736   197.2870   105.9800
   520.0000     0.0001   159.6560   -25.2307   184.3840   -48.4593   -80.1403   -71.1754
   520.0000     0.0001    28.5585   -12.0271    95.9795   -58.6403    32.8585  -154.9510
   520.0000     0.0001    40.1211   223.1730   -18.1890   118.4680   144.9120   127.7230
   520.0000     0.0001    22.4220   170.2630   -36.9891   -20.9689   162.0370   -14.4624
   520.0000     0.0001    88.6669   -13.9740   148.0580   -57.5228   -24.8986  -133.0820
   520.0000     0.0001    38.6764   228.1070    -3.7755   130.8190   168.4410   130.4390
   520.0000     0.0001   144.4420   122.9690   122.3180   -96.5440    68.5433   -36.1544
   520.0000     0.0001   187.2980    61.2529     7.3033   -32.0638    10.7590    73.1720
   520.0000     0.0001    72.5109   146.6720    60.3325   112.5010  -253.0200   165.6070
   520.0000     0.0001    55.2903   202.6400    24.1997    83.5898    49.1829   142.0650
   520.0000     0.0001    69.2918   155.2790    40.5496   150.6880  -190.8570   174.6910
   520.0000     0.0001    67.6540   168.6450    50.6979    51.3772  -194.2910   156.5520
   520.0000     0.0001    61.7350   163.0960    50.3678    89.6475  -186.6430   165.5480
   520.0000     0.0001    -1.6107   208.7100   -54.3939    23.4093   187.7530    -8.3852
   520.0000     0.0001    79.8550   123.8820    70.9296    45.7252  -336.8170   111.1760
   520.0000     0.0001   124.9120   -14.5924   136.0470   -99.0141   -44.8790   -96.6757
   520.0000     0.0001    55.1993   224.6090   -39.1730    96.8528   184.7050    54.9097
   520.0000     0.0001    -0.0319   216.8060   -54.2607    40.1651   190.7110    18.2014
   520.0000     0.0001    21.6985   216.7180   -15.3436    84.9733   121.8340   129.4240
   520.0000     0.0001    93.9817   -28.0183   156.3030   -73.5472   -62.3035  -105.8910
   520.0000     0.0001    18.4143   253.4570   -38.0408    34.9790   195.1500    45.4241
   520.0000     0.0001   150.3960    47.7167    22.9061   -55.6046    39.2289    72.6598
   520.0000     0.0001     9.5806   243.5420   -64.2278     9.8111   183.5470     6.1564
   520.0000     0.0001   133.4960   137.9740   -17.1879   -71.2793   -29.6746   153.6330
   520.0000     0.0001    91.1508   -15.5912   112.3630   -84.2817    -1.5662  -137.7420
   520.0000     0.0001    50.7052   160.1830    40.9853   120.0500  -105.3900   210.5140
   520.0000     0.0001   192.0550   -29.4481   179.7720   -62.8738  -105.9170   -26.1284
   520.0000     0.0001    62.0867   170.8790    21.9680    72.8259   -48.2002   192.7230
   520.0000     0.0001    -5.5257   179.6490    -4.9810   106.8810   -50.7759   144.1650
   520.0000     0.0001    22.6060   219.2150   -12.4898    89.5396   163.6260   124.2310
   520.0000     0.0001    51.0306   227.4510   -39.2818    77.3681   187.8280    54.6150
   520.0000     0.0001    55.3187   189.6990    10.2957    65.6267   -23.3116   102.4630
   520.0000     0.0001    48.9891   190.1930    18.6060    74.9837   -88.8648   126.7990
   520.0000     0.0001    18.6487   229.5070   -42.4742    85.0634   151.5690    47.8306
   520.0000     0.0001    15.4099    32.4730    32.7338   -58.3815   135.7940  -178.3170
   520.0000     0.0001    59.2698   178.5290    54.3846   138.3840  -212.4950   142.5230
   520.0000     0.0001     7.3132   212.4180   -22.8350    44.3701   140.7690   105.9490
   520.0000     0.0001    65.1991   118.0290    62.4558   231.5640  -450.6580   114.1070
   520.0000     0.0001    42.5493   234.7980   -21.3015   107.9970   115.3220    80.2639
   520.0000     0.0001    15.9143   191.3910    -4.7802   100.4000   -42.4039   158.5770
   520.0000     0.0001    51.2899    20.2665    55.8407  -116.0590    82.5198  -189.0290
   520.0000     0.0001    50.7116   172.7200    15.7067   105.6930   -69.8099   130.3690
   520.0000     0.0001    19.2620   240.2340   -60.2759    48.9283   158.1920    13.7083
   520.0000     0.0001   164.4120   -34.9410   220.1570   -40.7392  -110.1730   -29.8381
   520.0000     0.0001    -5.9543   177.8500   -48.1374   -20.8296   162.6210    23.8317
   520.0000     0.0001    30.5999   192.3770    15.8940   122.4170   -55.4707   113.0740
   520.0000     0.0001    63.4888   148.4720    64.2346   156.4540  -183.1730   201.8040
   520.0000     0.0001    43.0431   192.3440    36.0566   111.6120   -99.8220   138.2970
   520.0000     0.0001    63.9634   191.2580    22.3712    94.3339   -60.2842   107.5710
   520.0000     0.0001    43.7735   230.7380    -3.4505   111.1650    78.6238    94.4823
   520.0000     0.0001    22.6007   167.3760   -79.6798    82.2160   167.4950   -58.4411
   520.0000     0.0001   187.2980    61.2529     7.3033   -32.0638    10.7590    73.1720
   520.0000     0.0001   -10.0798   214.2610   -83.6564   -11.3517   186.3070   -29.9255
   520.0000     0.0001    39.4904   228.6990   -39.4044    58.9731   191.3890    60.3094
   520.0000     0.0001    17.4005   211.8300    -8.7784    82.9248   143.2860   124.7340
   520.0000     0.0001   106.1390   -46.4042   196.9690   -49.2859   -76.2943   -71.3965
   520.0000     0.0001   140.7480   -24.0946   168.4580   -66.0802   -67.4301   -81.8682
   520.0000     0.0001    19.0099   146.0400   -33.5737    75.0951   212.0290   -55.5368
   520.0000     0.0001   123.5540    34.8426    64.1489   -69.7085    99.0741    27.5197
   520.0000     0.0001    75.3081     7.8913    94.2319   -96.5489     1.4265  -186.0110
   520.0000     0.0001   163.0030   -17.6908   233.1520   -22.4370   -86.4112   -45.1933
   520.0000     0.0001     4.3361   234.5380   -35.2698    56.4341   161.2440    49.5532
   520.0000     0.0001   -23.0369   205.5360   -69.0716    21.5185   168.1250   -14.3669
   520.0000     0.0001    25.5291   162.2300    32.9889   244.0680  -141.2340   138.3450
   520.0000     0.0001    39.9774   190.5620    24.8251    83.1555    20.4582   134.4930
   520.0000     0.0001    41.5028   223.2660   -15.9546    67.5852   182.2500   127.7820
   520.0000     0.0001    42.5256   211.9460   -23.3074    68.8779    85.8927   116.0360
   520.0000     0.0001    63.9235   140.9530    39.6512  -134.2820   -30.8678  -320.8330
   520.0000     0.0001    22.5371    19.7609    21.3930   -47.0511   109.0590  -188.9540
   520.0000     0.0001     0.5743    64.6511     2.8129    -4.8309   186.9820  -148.6620
   520.0000     0.0001    77.5647   180.4720    40.2711   106.0010   -62.6233   165.4250
   520.0000     0.0001    -7.8647   232.1470   -52.7556    22.4969   182.9490    22.2344
   520.0000     0.0001    65.9031   156.2180    44.6682    85.9554  -164.4620   217.0260
   520.0000     0.0001    27.5391   221.8630    -1.7746   108.8830   107.0320   138.6910
   520.0000     0.0001    33.6509   116.4330    -9.9254    59.0782   272.4640   -97.4127
   520.0000     0.0001    17.6046   201.0520     7.6218   158.2910   -46.1715   148.2190
   520.0000     0.0001    40.4031    19.8343    44.7722   -60.8579   121.7900  -190.5150
   520.0000     0.0001    46.8315   176.3750    33.4846   142.3560  -104.8700   144.9000
   520.0000     0.0001    29.2776    93.1007     8.9847    22.4246   286.8990  -146.8310
   520.0000     0.0001   -14.9295   226.8480   -65.2030     8.1635   192.5190    -3.6109
   520.0000     0.0001    -3.7285   213.2490   -69.0864    32.2644   178.7110    -2.6115
   520.0000     0.0001   145.2380    56.6409   115.6570   -39.4386    68.4267    -3.7733
   520.0000     0.0001    41.8215   239.3400   -25.0344    72.3222   130.9590    88.2006
   520.0000     0.0001    15.0958   219.6140    -8.3037    84.6248   142.5760   119.4700
   520.0000     0.0001   305.8710   232.0650   201.0580    78.3897  -128.2880    65.8190
   520.0000     0.0001    60.8713   119.8920    56.5223   258.6320  -438.2830   205.7070
   520.0000     0.0001    36.7317   221.5230   -54.1632    61.4044   190.4820     1.7341
   520.0000     0.0001    35.1212   185.4240    28.3774   145.8160   -64.9713   127.0530
   520.0000     0.0001   326.1670    54.4758   206.6630    30.8327  -132.1170    31.2900
   520.0000     0.0001    42.0218   189.8800    18.7763    86.8487   -78.8233   110.1180
   520.0000     0.0001    59.2463   193.4070    38.8337    76.1773  -139.6890   155.9230
   520.0000     0.0001   -12.6279   215.0420   -61.6651    27.2384   166.7030    10.4146
   520.0000     0.0001    63.0779   162.7520    25.5328    86.7916  -109.4960   198.5180
   520.0000     0.0001    40.8125   178.9450    11.5610    71.1592     2.8278   133.9990
   520.0000     0.0001   102.0150    41.9515   122.9550    -5.0623    84.3710   -35.2909
   520.0000     0.0001    52.5260    -6.3974   104.7830   -72.0675     7.2866  -169.3700
   520.0000     0.0001   -28.0648   110.0160   -25.3742   142.9160    -4.3898   161.8520
   520.0000     0.0001    17.7059    46.6128     2.8284   -11.8309   155.5530  -190.6260
   520.0000     0.0001   308.5520   180.6700   153.5590    58.8710  -152.5820    42.5165
   520.0000     0.0001    26.4349    82.2900     8.9947   -24.5632   238.0010  -186.3520
   520.0000     0.0001   200.8590   -16.5890   206.0860   -31.4617  -111.8120   -30.5957
   520.0000     0.0001    75.9272   150.7260    52.0172    98.7992  -232.9360   170.4990
   520.0000     0.0001    68.0863   127.4090    42.9512   -13.5031  -241.1280   286.3640
   520.0000     0.0001   -17.9924   113.5230   -19.2112   158.1480   -14.7119   184.9290
   520.0000     0.0001    14.8270   241.5850   -61.2542    13.6530   185.6910    10.3839
   520.0000     0.0001    42.8006   173.3050    14.0848   129.1510   -77.8930   137.5890
   520.0000     0.0001    -4.9583   222.3860   -44.4787    39.4368   150.8350    43.8305
   520.0000     0.0001    17.8403   226.3320   -16.1269    92.8529   132.5710    92.4296
   520.0000     0.0001    -2.1475   197.4860   -70.9565    33.3270   180.3570   -41.0008
   520.0000     0.0001    19.4336   124.4380   -22.2819    45.4985   230.9100   -81.2174
   520.0000     0.0001    81.8533   138.8260    90.4209   -78.4213    68.7100  -240.3080
   520.0000     0.0001    75.5755   119.5730    74.7197    25.8153  -323.4460   107.7830
   520.0000     0.0001   -10.0798   214.2610   -83.6564   -11.3517   186.3070   -29.9255
   520.0000     0.0001    57.9067   179.8810    59.9415   106.8180  -186.3550   105.7320
   520.0000     0.0001    68.1360   138.0660    80.2743   131.0820  -277.9750    35.6138
   520.0000     0.0001    21.8376   239.4000    -8.8203    37.1011   176.7540   113.8570
   520.0000     0.0001    81.2416   135.8530    80.3317   109.3100  -245.1170   102.1560
   520.0000     0.0001    52.3824   228.4000   -28.6775   131.5700   125.8340    77.2622
   520.0000     0.0001    24.6361   118.3410    49.5769   -96.3952   -12.0251   -33.5912
   520.0000     0.0001    49.6916   195.9930   -46.1679   100.2610   180.8880    -4.1278
   520.0000     0.0001     9.5377   218.5670   -25.0170    74.8204   125.3320    84.7523
   520.0000     0.0001    63.8568   189.3420    39.8607    75.7514   -39.9984   169.8320
   520.0000     0.0001    17.4150   111.1940   -12.0945    27.3762   252.1320   -88.1223
   520.0000     0.0001   295.2890    68.8822   168.9640    15.4101  -152.2790    18.3169
   520.0000     0.0001     3.8828   163.0400    17.3734   168.6680   -92.2354   163.7060
   520.0000     0.0001    45.0749   165.1170    36.0705   121.9620  -129.6900   175.3560
   520.0000     0.0001    43.4485   159.0710    12.2371   127.5830   -68.0370   169.4900
   520.0000     0.0001    41.7910   131.7410    -6.9267   -90.2531  -152.2100  -139.0790
   520.0000     0.0001    57.1488   113.6150    52.6827   461.0700   -69.7661   404.8550
   520.0000     0.0001    90.2451   -11.4484   117.7280   -94.3108   -23.6008  -140.2780
   520.0000     0.0001   283.9700    66.5979   155.9350    12.2178  -152.2660    16.2833
   520.0000     0.0001   303.5430    68.7958   158.6030     9.9068  -145.8550    15.1900
   520.0000     0.0001    -5.2791   215.1080   -65.9965    14.1964   146.7270    17.6963
   520.0000     0.0001    47.8192   227.0820   -81.4634    86.7626   174.3880   -19.7070
   520.0000     0.0001    74.2734   169.4540    30.7184    62.6187  -120.2370   192.1730
   520.0000     0.0001    57.5836   171.3110    22.6606    80.9379   -35.6818   195.8840
   520.0000     0.0001    86.2329   128.4260    83.5704  -112.0690   142.4210  -228.0070
   520.0000     0.0001    24.3896   217.1860   -31.9903    98.8311   157.5550    75.5703
   520.0000     0.0001     1.5946   157.7120    -2.8663   175.4740   -48.8282   185.0560
   520.0000     0.0001    72.9746   169.9000    49.0970    93.3033  -172.0620   176.3130
   520.0000     0.0001   122.7320   -16.3786   174.4200   -65.2075   -61.4449   -93.0906
   520.0000     0.0001   145.2380    56.6409   115.6570   -39.4386    68.4267    -3.7733
   520.0000     0.0001     9.1917   200.9460   -37.5735    42.9907   192.4700    10.1579
   520.0000     0.0001    10.5776   228.0990   -27.6936    21.9867   123.0150    75.4686
   520.0000     0.0001    61.2306   167.9330    24.8311    89.3263   -92.9888   173.6950
   520.0000     0.0001    72.9787   154.8270    57.8664    63.5052  -205.3830   189.9130
   520.0000     0.0001    55.4504   194.2300    31.4243   121.9540     0.1133   137.3700
   520.0000     0.0001    22.0416    44.9696    16.2458   -35.7522   156.9900  -197.9180
   520.0000     0.0001    18.6156   238.8200     0.7245    40.8713   141.8980   123.1880
   520.0000     0.0001   209.0740   -20.4681   212.1890   -28.1384  -112.3940   -20.7712
   520.0000     0.0001    79.6486    94.2376    73.0568   -51.7731  -243.3470  -100.4360
   520.0000     0.0001    99.3102   120.9900    86.0288  -213.2080    69.6858  -103.9140
   520.0000     0.0001    19.6406    91.6012   -19.7613    65.9775   211.4820  -141.0760
   520.0000     0.0001    74.4353    84.9277   -18.5491    -9.3619  -179.0780   -28.8218
   520.0000     0.0001    24.2099   230.3880   -10.3136   105.1440   116.1010    88.7712
   520.0000     0.0001    72.9746   169.9000    49.0970    93.3033  -172.0620   176.3130
   520.0000     0.0001    79.8385    13.1653    66.2464  -112.2140    20.8585  -195.1160
   520.0000     0.0001    28.6884   179.4580    27.3594   199.0750  -121.7240   160.2930
   520.0000     0.0001    18.4220   226.2200   -62.9166     3.2664   173.7710     9.6939
   520.0000     0.0001    32.2625   126.4370   -11.9583    19.0120   270.1710   -70.1074
   520.0000     0.0001    -9.1204   234.0870   -68.0788    11.7776   198.9080   -10.2869
   520.0000     0.0001    17.7189    14.5975    46.3206   -32.2595   100.1760  -188.2740
   520.0000     0.0001    74.2259   168.5300    72.4883    44.1649  -126.2730   149.4530
   520.0000     0.0001    12.4714   242.8290   -55.6668    12.0170   179.2730    19.2148
   520.0000     0.0001    65.5056   191.4140    31.6142    77.9606   -46.7184   138.3860
   520.0000     0.0001    53.7134    28.3301    52.6437   -88.1490    91.8538   -99.4198
   520.0000     0.0001    71.8473   163.7600    45.2776    92.7197  -108.4010   220.6490
   520.0000     0.0001    61.4988   159.1780    51.1837    77.1972  -185.7210   191.1480
   520.0000     0.0001    35.3944   174.4140   -45.0228    75.2352   194.8950   -19.4406
   520.0000     0.0001   178.2850   149.4190    37.1355   -88.5853   -10.9042   126.4710
   520.0000     0.0001    28.5599   192.6640    28.5081   129.5730   -92.1901   149.4340
   520.0000     0.0001    42.5132   184.6850     8.8346   148.7360   -68.0222   130.5040
   520.0000     0.0001     5.4336   236.0100   -61.4552    13.7722   159.4240    15.5575
   520.0000     0.0001    23.2454   237.2570   -29.1008    75.8105   190.7700    69.8991
   520.0000     0.0001    -4.8818   109.2910   -61.4830   -44.4043   172.6760   -51.7482
   520.0000     0.0001    34.0313   131.5190    63.4960   -54.3738    52.9817    23.6178
   520.0000     0.0001     9.0220   226.2200   -22.0356    67.7930   160.8840    86.7231
   520.0000     0.0001    -2.1893   222.8070   -28.3488    51.9131   144.7830    67.4387
   520.0000     0.0001    20.9219    88.4303     2.9419    22.5771   260.0080  -132.4930
   520.0000     0.0001    96.6877   -20.0612   141.7440   -78.7836   -31.2918  -116.8580
   520.0000     0.0001    13.1330   210.0240   -38.7122    93.2400   149.8070    48.2516
   520.0000     0.0001     9.2147   235.5150   -43.9896    50.7933   184.3680    43.8022
   520.0000     0.0001    77.4285   105.2890    77.6949    48.9247  -298.5720    52.9051
   520.0000     0.0001    18.4832   175.2170     7.4254   181.7920   -79.4402   177.8580
   520.0000     0.0001    52.6863   174.2340    57.1372   141.4150  -165.4690   127.1880
   520.0000     0.0001    35.3380   233.0390   -13.8197   116.3500   167.2800    95.7093
   520.0000     0.0001     0.5274   200.9040   -51.1032    37.7605   170.2950    38.2556
   520.0000     0.0001    21.8597   218.4390   -12.6259   113.4660   123.6400   108.3800
   520.0000     0.0001    84.1930   104.6310    72.4017    -8.5487  -317.4260     7.5440
   520.0000     0.0001    78.8898   140.0160    64.8031   110.8850  -222.7510   228.5140
   520.0000     0.0001    32.1634   237.9120   -69.3632    53.2338   202.3350   -18.8981
   520.0000     0.0001    18.9082    75.2926    -1.2771    -0.4445   233.3140  -137.4570
   520.0000     0.0001    12.6715   231.1490   -19.1802    61.6138   159.5650    91.7558
   520.0000     0.0001    48.5961   189.4780   -32.5757   100.8830   193.3350     0.0144
   520.0000     0.0001    41.1263   177.1690    23.8481   101.1290  -169.5680   159.9690
   520.0000     0.0001    31.1172    40.1774    30.2723   -84.6100   148.2740  -195.6380
   520.0000     0.0001    46.2828    50.5253    29.6697   -47.9186   165.8800  -241.3660
   520.0000     0.0001    29.0570    32.2139    43.2468    -6.5611   134.2120  -215.5120
   520.0000     0.0001   170.7650    38.1905   203.7280   -52.8362   -83.4902   -62.4057
   520.0000     0.0001    60.0304   159.9800    68.9802   121.8390  -240.5780    68.2863
   520.0000     0.0001    32.3891    52.5576    10.1095  -109.1120   183.2270  -154.0770
   520.0000     0.0001   -13.2067   224.3530   -42.4186    15.1951   152.0200    44.7599
   520.0000     0.0001    52.9909   142.5900    59.3068   209.8370  -303.4600   161.6620
   520.0000     0.0001    36.6949     3.5623    64.4618   -77.8346    56.6468  -185.2010
   520.0000     0.0001    18.5452   214.7660   -29.2007    58.4605   105.6510    88.5391
   520.0000     0.0001   -14.4249   164.7320   -55.7868     2.7414   185.7140   -21.6856
   520.0000     0.0001    20.4760   212.7570   -49.4909    68.0788   187.1560    35.2547
   520.0000     0.0001    72.0745   152.3180    64.1004    88.3452  -244.8080   139.3340
   520.0000     0.0001    60.5330   188.4330    10.5394    60.2400   -10.4265   125.8250
   520.0000     0.0001     9.8798   219.4810   -83.0867    22.5226   194.5620   -31.8825
   520.0000     0.0001     2.5053   183.1300   -38.0167   -18.6415   156.0520    31.1320
   520.0000     0.0001    56.4773   192.2140    37.5639    79.8758   -59.2186   135.4200
   520.0000     0.0001    12.1143   210.4040   -61.6742    54.5683   174.5960    21.3501
   520.0000     0.0001    41.2580   179.1000    19.7804    78.0236    17.7325   184.8120
   520.0000     0.0001    83.0746   142.7560    56.0182   104.7310  -208.1130   235.3650
   520.0000     0.0001    43.5298   186.2290    35.0509   103.1090  -107.5860   135.8250
   520.0000     0.0001    36.3020   144.6340    32.8661   156.3150   262.8290    43.7720
   520.0000     0.0001    26.4349    82.2900     8.9947   -24.5632   238.0010  -186.3520
   520.0000     0.0001    24.8516    36.1556    36.8161   -44.9584   136.7890  -208.8190
   520.0000     0.0001    51.3776   164.0440    30.4380    96.0512   -60.5585   225.0820
   520.0000     0.0001    49.4252   188.6850    53.1203   119.2460  -144.1420   129.5950
   520.0000     0.0001    79.4425   130.3420    68.3146    23.4290  -300.4540   165.6680
   520.0000     0.0001    27.6002   227.5830   -31.4348   103.4290   143.3480    74.0039
   520.0000     0.0001    17.4041   215.9900   -39.5440    85.7501   142.3640    66.2514
   520.0000     0.0001    69.7311   144.9910    65.7199    87.3534  -276.2090   139.4700
   520.0000     0.0001   163.2170    -3.0562   189.5160   -53.7404   -87.5634   -69.8391
   520.0000     0.0001   139.5080   103.5410   111.1120   -86.1719   116.2920   -29.0219
   520.0000     0.0001    -0.3972   214.8600   -38.8931    46.9788   149.2250    56.4502
   520.0000     0.0001    33.2109   208.5530   -20.0790   106.8980   104.1720    96.2779
   520.0000     0.0001   279.8880     8.7408   190.7480   -10.9345  -129.7130    11.2482
   520.0000     0.0001    -2.7139   115.8650   -47.7594   -46.5683   189.6700   -32.1936
   520.0000     0.0001    60.8194   186.9580    24.5946   140.8440   -93.1293   126.1460
   520.0000     0.0001     6.0849   248.5050   -38.6501    52.9241   182.1120    33.9181
   520.0000     0.0001    -4.7739   207.8700   -55.5306    35.6984   164.0070    27.6496
   520.0000     0.0001    70.4337    16.9909    94.2042   -99.8325    20.1776  -193.9960
   520.0000     0.0001    38.6925   226.5580   -18.0780    43.6224   177.7550   112.0170
   520.0000     0.0001   167.6760   372.1280   119.9250   168.7770   -88.3336    59.8635
   520.0000     0.0001   -23.2324   222.4560   -86.3585   -21.8238   186.8590   -35.2179
   520.0000     0.0001    16.9980   206.7000   -45.7043    95.7321   146.6820    40.8536
   520.0000     0.0001    11.0640   111.5160   -16.0326   151.1740   -13.0616   243.7180
   520.0000     0.0001    68.8269   145.7630    44.0705   179.6480  -171.2760   250.0870
   520.0000     0.0001    76.1809   174.1990    25.9163    69.7038  -100.7190   174.5540
   520.0000     0.0001    37.5021    91.9522   -85.0359    29.3175   -14.5037    93.1567
   520.0000     0.0001    54.3083    46.1296    39.5847  -177.8180   114.9310   -66.8013
   520.0000     0.0001   -10.2232    99.8725   -28.8248   131.8690    -3.6261   194.1710
   520.0000     0.0001    43.9872   235.8770    -2.3143   113.3550   106.6180    99.3836
   520.0000     0.0001    46.2604   170.7330     8.5818    76.0232   -22.4599   155.4390
   520.0000     0.0001   -13.4399   175.1700   -49.6966   -15.4324   180.0800     4.3291
   520.0000     0.0001   180.2920   -13.7725   226.8820   -27.1551   -95.2143   -43.8687
   520.0000     0.0001   185.9160   -52.9050   165.6300   -63.9038   -95.5095   -24.6271
   520.0000     0.0001    61.4018   167.7450    55.9803   141.4280  -189.9360   136.6720
   520.0000     0.0001    83.1409   118.1610    70.4928   144.4420  -313.7640    55.1148
   520.0000     0.0001    65.9574   151.1460    54.2506   181.2440  -203.2230   197.9160
   520.0000     0.0001   -41.7734   111.5250    -8.8990   168.9950    -8.0249   138.5640
   520.0000     0.0001    88.7675    -8.9933   102.6580  -102.5000    -3.6724  -143.4940
   520.0000     0.0001     6.8840   207.4190   -36.0288    38.7108   152.7260    79.8706
   520.0000     0.0001    30.5061   239.1050   -18.6437    73.7402   191.9290    95.6079
   520.0000     0.0001    77.3287    -6.7728    94.1563  -108.2270     2.8180  -152.9830
   520.0000     0.0001   207.5190   316.7710   121.8970   158.9300  -127.8350    51.1770
   520.0000     0.0001    72.9670   132.0510    78.5229    74.2244  -295.4180   114.2770
   520.0000     0.0001   149.1090   -21.6291   177.8650   -58.4001   -74.2288   -78.6519
   520.0000     0.0001    21.0878   215.9690   -37.9903    37.9955   111.8260    70.5096
   520.0000     0.0001    26.8257   120.3680    -5.3700    76.6105   269.4140   -92.2492
   520.0000     0.0001    11.1195   185.6030   -17.0173    79.8259     2.1569   152.1000
   520.0000     0.0001    -2.4882   185.6740   -56.2561    26.8097   183.6820   -22.1075
   520.0000     0.0001    15.8988   245.2620   -35.7930    72.6154   188.6860    40.0274
   520.0000     0.0001     4.3779   253.2340   -31.2996    20.9074   199.3130    53.1154
   520.0000     0.0001     2.5278   196.1250   -50.8866    35.4526   166.3310    42.7356
   520.0000     0.0001     2.9802   220.0380   -47.4523    58.5430   163.4870    36.7236
   520.0000     0.0001   159.2230   -52.5879   179.6960   -46.1871   -81.5009   -60.1699
   520.0000     0.0001     9.1964   247.0630   -33.7924    49.9180   176.9670    47.7349
   520.0000     0.0001   225.8370   303.0780   129.8530   149.5210  -134.0360    48.6910
   520.0000     0.0001    38.5610   175.0680   -46.1864    93.2658   192.6400   -22.5484
   520.0000     0.0001    16.8679    82.5459   -36.3728    87.7163    25.1938   212.2090
   520.0000     0.0001    48.7698   187.0870    11.5410    33.5602    23.7469   150.3750
   520.0000     0.0001    23.6694   133.8520    25.2776   252.7310   -82.5786   262.2690
   520.0000     0.0001   152.7190   -41.0614   196.5580   -39.4892   -73.4421   -61.7602
   520.0000     0.0001   -10.4579   231.4690   -58.7470    28.2318   181.6520     5.3988
   520.0000     0.0001   132.0760   -22.9816   130.2530   -98.8286   -48.1229   -86.9844
   520.0000     0.0001   220.4940   -28.4954   163.2270   -46.5106  -125.2570    -5.3015
   520.0000     0.0001   112.3210   107.0450    97.5289  -142.3720   123.7010   -62.9764
   520.0000     0.0001    45.9616   187.1060    17.0168    46.1195   -25.8717   119.9760
   520.0000     0.0001    50.1873   186.0680    19.3744    67.0130   -36.6403   119.0160
   520.0000     0.0001    51.0452   227.1340    -3.6889   142.9850    96.8292   126.6200
   520.0000     0.0001    16.3258   215.8220   -50.4034    53.9410   190.7100    -2.9740
   520.0000     0.0001    23.4780   184.9750    18.7941   115.9190    62.0384   187.5370
   520.0000     0.0001     7.1909   229.3240   -18.4515    69.0700   132.0830    81.2201
   520.0000     0.0001    99.0129   435.5160    75.8082   170.7830   -36.4781    58.6297
   520.0000     0.0001    54.2947   172.7800    27.8204    68.9488  -121.3410   168.5740
   520.0000     0.0001   125.9410    96.2153    98.5366  -126.5200   112.3740   -29.4420
   520.0000     0.0001    45.8438   158.7320    31.1700   131.7430  -107.8070   175.6120
   520.0000     0.0001    96.4816   116.0830    93.9964   -98.7268   170.6150  -154.7130
   520.0000     0.0001   223.9750    26.1797   195.0540   -44.6624  -131.6900   -11.3567
   520.0000     0.0001    55.6779   144.5890    52.3416   156.4920  -220.1990   199.2520
   520.0000     0.0001     6.4886   223.5640   -40.4812    63.1883   153.2630    56.0617
   520.0000     0.0001   153.1260   -25.7114   150.2750   -82.0488   -69.1627   -70.6978
   520.0000     0.0001    14.3916   196.8070   -34.6946    52.8076   191.1350     8.0164
   520.0000     0.0001    76.7365   134.3250    57.3618    83.3562  -292.5620   227.5290
   520.0000     0.0001    18.7325   101.0200    -5.6604    17.6404   251.6140  -121.0240
   520.0000     0.0001    10.8322    87.6805   -37.0900    51.3428   198.5510  -106.4090
   520.0000     0.0001    20.7701   228.2070    -3.2347    93.4857   165.5540   109.5240
   520.0000     0.0001    70.7083    42.9595    53.9953  -174.6720    40.4078  -117.0040
   520.0000     0.0001    14.1172   202.7030   -29.9551    79.5986   129.5680    82.9695
   520.0000     0.0001   239.9600    17.6807   164.6640   -42.9479  -141.0830    -3.0582
   520.0000     0.0001    46.6306   185.9810    14.3551   104.7650    10.4720   105.9370
   520.0000     0.0001    14.3939   215.4810   -17.8557    58.1959   123.9630   120.2140
   520.0000     0.0001    48.3598   233.8380   -10.6418    66.8243    99.3590   103.0090
   520.0000     0.0001    14.1817    45.4979     5.3778   -23.9734   153.3030  -184.6800
   520.0000     0.0001    18.1501   191.4620     7.8190   122.0480   -32.7621   164.1270
   520.0000     0.0001    29.7790   209.9660   -52.3422    89.3114   120.9280    44.3443
   520.0000     0.0001    58.8824   166.7900    29.3003    75.6225  -120.5550   190.5590
   520.0000     0.0001    30.7577   224.1020    -1.4192   115.6930    95.4862   131.4230
   520.0000     0.0001     0.1719   187.2480    -1.0952    98.5156   -34.5981   144.6550
   520.0000     0.0001    70.9102   152.5900    56.0958   103.6490  -247.4730   152.8140
   520.0000     0.0001    70.0890    13.0606    90.5956  -108.0710    34.8458  -177.7020
   520.0000     0.0001    56.4522   191.8100    44.4708    79.4703  -136.8210   152.1700
   520.0000     0.0001    65.5326   215.6060   -13.4224    95.1529    81.6407   117.9890
   520.0000     0.0001    16.9753   185.6830  -104.8960    19.3799   143.0750   -66.9095
   520.0000     0.0001    23.8893   138.0930   -45.5826    94.5679   198.1160   -65.7036
   520.0000     0.0001    69.9843   136.2170    66.1019   102.8350  -274.2850   185.0110
   520.0000     0.0001    65.6602   157.3880    51.2779    79.6045  -162.8000   212.7990
   520.0000     0.0001    21.1819   241.3870   -16.6610    75.8414   132.8160    76.4593
   520.0000     0.0001     2.1132   222.9840   -94.6815    13.5861   192.9780   -46.1279
   520.0000     0.0001   -26.0287   150.2600   -48.6612   -31.2352   170.5980    -0.9675
   520.0000     0.0001    40.0066    24.5368    43.7555   -90.5238   123.4430  -187.6720
   520.0000     0.0001    40.6278   157.1620   -25.5863    92.6504   223.6110   -40.1057
   520.0000     0.0001    -0.7208   237.9360   -55.9487     5.0488   163.1670    26.4774
   520.0000     0.0001    21.2727   234.4740   -42.4905    64.3265   201.0860    45.6133
   520.0000     0.0001   100.8910   -20.7333   145.9040   -61.8675   -33.2310  -125.0290
   520.0000     0.0001    26.6502   169.0880    57.6434   218.8040  -150.1580   108.4140
   520.0000     0.0001    42.5006   200.2390   -23.6989    74.4755    64.0036    99.6800
   520.0000     0.0001     4.3424   214.7390   -67.4952    48.2242   183.5840    -1.7771
   520.0000     0.0001    63.4028   161.2540    49.2834    86.6516  -194.5640   171.0200
   520.0000     0.0001    40.5621   168.5020   -34.8105    97.4946   206.8630   -22.2276
   520.0000     0.0001   116.2210    97.3775   120.0120   -52.2304   128.2730   -79.6086
   520.0000     0.0001    11.2713   215.3490   -41.6576    74.6529   160.8730    50.3850
   520.0000     0.0001    75.6651   110.6820    73.7059    34.5552  -336.3170    87.8913
   520.0000     0.0001    35.5787    80.1368    17.4855   -28.3740   235.7950  -101.8300
   520.0000     0.0001    54.9670    21.1558    58.4294  -124.2200    73.0961  -190.4450
   520.0000     0.0001    17.1299   228.8890   -69.2341    43.6012   157.7980    13.9513
   520.0000     0.0001    52.3200   127.8080    43.8169   321.8030  -202.1540   335.6550
   520.0000     0.0001    75.6967   147.7800    63.7217    94.1802  -286.6350   117.3310
   520.0000     0.0001    26.0574   211.2180   -52.1627    67.5572   144.3760    54.5102
   520.0000     0.0001    31.5513   230.2540   -30.3243    64.9340   191.9420    89.1946
   520.0000     0.0001    10.4558   245.1820   -25.9100    31.5156   149.2500    59.0562
   520.0000     0.0001    52.7388   197.0370    29.7202    93.1312   -22.7363   119.0110
   520.0000     0.0001   -14.9295   226.8480   -65.2030     8.1635   192.5190    -3.6109
   520.0000     0.0001    12.9316   111.2820   -16.9539    44.7866   243.2490   -81.3158
   520.0000     0.0001   -19.1311   208.9100   -79.4204    14.8592   184.8260   -38.9643
   520.0000     0.0001    48.7621   201.2180    27.5720    76.2004   -87.9948   142.0010
   520.0000     0.0001    20.4344   184.6540    -1.0264   169.5650   -73.1175   182.1650
   520.0000     0.0001    11.2086   224.9510   -34.7695    64.7497   160.3320    69.3999
   520.0000     0.0001    34.5178   228.7290   -41.3959    77.2746   192.4550    39.4530
   520.0000     0.0001    87.7003   110.6920    70.6849    38.3277  -312.4790    57.6004
   520.0000     0.0001    57.7096   228.4720     2.1649   127.1430   102.9110   137.8500
   520.0000     0.0001    75.6251   148.5460    63.9375    54.5366  -264.1890   150.6110
   520.0000     0.0001    72.7019   139.5500    67.1574    62.1641  -294.4550   145.3820
   520.0000     0.0001    40.7503   172.8000    28.9798   165.5270  -151.1350   182.6380
   520.0000     0.0001   100.9160   173.6280    44.4736    60.4705    27.2796   127.7580
   520.0000     0.0001    11.2086   224.9510   -34.7695    64.7497   160.3320    69.3999
   520.0000     0.0001    64.7822   146.5600    60.2636   120.8180  -259.8550   160.1000
   520.0000     0.0001    18.6487   229.5070   -42.4742    85.0634   151.5690    47.8306
   520.0000     0.0001    15.7497   189.5990     2.5854   115.4140   -30.0515   150.5950
   520.0000     0.0001    71.8326   133.3900    68.8539    59.2663  -296.5600   181.2910
   520.0000     0.0001    92.5254   113.5730    57.8653   273.2790    36.6264    87.4516
   520.0000     0.0001   162.4210    23.9846   105.4260   -10.5725    36.9156    28.8407
   520.0000     0.0001    34.9031   229.0700     2.7862    56.2364   140.6080   168.1780
   520.0000     0.0001   -13.3693   181.9380     3.4882   114.2580   -43.1216   137.0430
   520.0000     0.0001    11.2851   217.5150   -37.0803    50.8982   192.9180    31.7710
   520.0000     0.0001    24.9441    35.9312    31.0147   -35.0157   159.0830  -188.5250
   520.0000     0.0001    32.0678   181.4180    47.7724   176.9870  -145.8230   116.2010
   520.0000     0.0001    57.5614   179.3240    56.9826    89.8296  -183.4210   135.0850
   520.0000     0.0001   -13.2870   176.9410   -82.3394    -5.6995   174.8400   -46.1072
   520.0000     0.0001     4.0951   177.1830   -75.4799    22.0508   180.4230   -24.6698
   520.0000     0.0001    -2.1893   222.8070   -28.3488    51.9131   144.7830    67.4387
   520.0000     0.0001   117.6150    93.3817   -66.0940   -13.2800   -13.7177   109.1080
   520.0000     0.0001    43.1526   153.1420    55.6706   236.1150  -222.8660   159.4010
   520.0000     0.0001   161.5380    -4.4755   207.4530   -46.8670   -99.9137   -58.8137
   520.0000     0.0001   206.3400   -16.6382   211.9140   -32.3611  -102.4800   -28.2260
   520.0000     0.0001    16.1921   207.2430    -8.7759   104.8990   103.0550   116.8810
   520.0000     0.0001    59.8452   144.7810    29.2027   -92.1933   -51.0331  -293.9140
   520.0000     0.0001    30.9295   212.8820   -49.4173    69.2259   191.8860    22.5031
   520.0000     0.0001    -9.1166   214.9460   -49.0107    29.6729   161.9560    38.6315
   520.0000     0.0001    74.6417   134.5540    68.9279    52.3062  -300.1780   163.8790
   520.0000     0.0001   -13.8846   206.9620   -39.4416    49.6509   160.6100    33.7122
   520.0000     0.0001    75.8486   149.1280    50.5289    55.1947  -208.4040   230.2870
   520.0000     0.0001    48.9548   175.8940    32.3971   148.9260  -108.5310   150.0390
   520.0000     0.0001    36.0757   244.0370   -37.7775    51.2318   149.4670    58.3227
   520.0000     0.0001    21.9333   216.5250   -17.2561    47.7759    78.0310   106.5660
   520.0000     0.0001    35.5659   177.4020    -0.7278    94.8644    28.2682   137.2950
   520.0000     0.0001    10.6808   246.8760   -43.4961     9.1352   186.0830    45.2372
   520.0000     0.0001    71.2592   183.7140    39.2578   158.4150   -22.6630   180.1380
   520.0000     0.0001     5.2726    56.6377     7.4917    10.6913   173.4710  -174.0010
   520.0000     0.0001    52.3221   236.0700   -10.1736   114.2350   171.6760   118.6840
   520.0000     0.0001    14.9789   200.5260   -30.2214   114.6200   155.2080    45.9869
   520.0000     0.0001    51.9726   161.5490    45.5675    98.2652  -129.0210   198.7270
   520.0000     0.0001    58.8957    -2.2075   153.0080   -54.5280   -35.4258  -145.6670
   520.0000     0.0001   240.3150    -9.3543   273.9790     2.4621  -111.5080    11.8797
   520.0000     0.0001    12.9211   197.8750   -34.1639    53.0257   162.1760    88.8557
   520.0000     0.0001    28.7333   188.4260    28.6700    87.1915     6.3836   130.5710
   520.0000     0.0001    -2.4996    37.6026    17.8137   -31.2798   138.8450  -165.6070
   520.0000     0.0001    56.7226   152.7240    37.5128   160.1900  -152.0830   192.2020
   520.0000     0.0001    78.7688   -10.9364   108.8020   -89.5541    10.5048  -143.1780
   520.0000     0.0001    -2.5097   171.5910   -32.3617   -18.9931   165.0960    26.8586
   520.0000     0.0001   108.9540   108.4070    71.4390   329.7250   -52.7099    63.7570
   520.0000     0.0001    30.9295   212.8820   -49.4173    69.2259   191.8860    22.5031
   520.0000     0.0001    28.3546   233.8750    -5.0645    80.4675   155.7850   136.0470
   520.0000     0.0001    -1.6881   104.1540    39.3019   296.9730     0.4743   139.6120
   520.0000     0.0001    58.6411   151.8990    52.3735   110.4440  -207.8030   190.3210
   520.0000     0.0001    55.5181   164.1490    27.9049   111.8690  -117.3120   172.3240
   520.0000     0.0001   -26.2270   227.6060   -96.8935   -15.6098   194.7520   -63.3486
   520.0000     0.0001    35.4808   232.1010   -47.0453    64.9978   204.3440    30.3466
   520.0000     0.0001     1.6645   145.0340   -84.6243     7.3510   170.5670   -56.0315
   520.0000     0.0001    77.5647   180.4720    40.2711   106.0010   -62.6233   165.4250
   520.0000     0.0001    62.2916   162.8890    46.3485   144.5330  -176.0670   177.1410
   520.0000     0.0001    56.4353   157.9340    51.2189   115.4340  -172.6540   177.9380
   520.0000     0.0001    32.2625   126.4370   -11.9583    19.0120   270.1710   -70.1074
   520.0000     0.0001    63.3569   146.5030    73.5031   126.5450  -269.0030   103.6920
   520.0000     0.0001    23.8893   138.0930   -45.5826    94.5679   198.1160   -65.7036
   520.0000     0.0001    53.2909   212.8810   -47.8160   115.4500   128.2130    63.4313
   520.0000     0.0001    12.6222   236.0350   -80.2191    22.2999   196.7750   -16.8681
   520.0000     0.0001    62.9704   157.5170    35.3871    89.0781  -147.1710   208.1560
   520.0000     0.0001    77.7317   169.9750    40.3087    56.1146  -136.3850   179.8660
   520.0000     0.0001    34.2096   140.7750     9.1651  -101.7350  -148.4960  -169.6820
   520.0000     0.0001    55.3189   153.4120    50.3555   145.7580  -170.9170   187.0650
   520.0000     0.0001    43.5866    47.6665    46.7626  -128.3800   164.4300   -74.6221
   520.0000     0.0001   -14.7225   233.6590   -81.7596    13.9020   191.6240   -40.5105
   520.0000     0.0001    22.4621    89.9680     1.8562    -2.3259   263.7370  -127.1070
   520.0000     0.0001    33.6050    38.2867    33.5387   -55.2046   131.1340  -224.8400
   520.0000     0.0001    59.4429   217.6550     8.1073   121.3720    49.9186    61.0169
   520.0000     0.0001    24.6656   187.1660   -74.0010    72.5035    90.5770   -31.0325
   520.0000     0.0001    66.9688   179.7740    35.5601    75.3459   -48.6091   186.8220
   520.0000     0.0001   263.5250   225.7540   140.6690   101.9230  -166.9540    38.2526
   520.0000     0.0001    -4.2594   208.6150   -49.8240    29.3668   157.2450    47.4243
   520.0000     0.0001    25.2271   221.6920   -14.7523    85.8568    91.6043   120.6350
   520.0000     0.0001    42.2435    53.4296    25.6256   -49.8325   189.7100  -221.6860
   520.0000     0.0001   -17.7098   154.7810   -62.0974     0.2519   180.9900   -35.9890
   520.0000     0.0001    36.4740    24.7997    57.7434   -75.2749    94.0671  -209.7420
   520.0000     0.0001    39.9412   215.6040   -23.1925    76.8930   189.0630   109.8920
   520.0000     0.0001   219.1740    11.4378   239.4150   -20.3550  -114.3790    -6.5010
   520.0000     0.0001   202.6690     5.3727   218.8290   -35.7898  -105.7470   -28.4035
   520.0000     0.0001    54.1353    99.0914    49.4918   -79.2271    23.7653    75.2221
   520.0000     0.0001    97.9614   108.8830    94.4397  -139.5560   132.1770  -132.5220
   520.0000     0.0001    49.3422   176.9980    31.8316   158.8550   -99.8185   144.1360
   520.0000     0.0001    37.2987    83.3435    12.8709   -29.9424   269.2580  -189.7250
   520.0000     0.0001    26.3096   185.0360    43.6531   130.4530   -90.2521   150.5570
   520.0000     0.0001    38.9640   183.8420    11.7221   190.3590   -87.6706   187.9540
   520.0000     0.0001    31.0136   134.2580   -23.8489   102.7090   235.7230   -65.3385
   520.0000     0.0001     4.3361   234.5380   -35.2698    56.4341   161.2440    49.5532
   520.0000     0.0001    55.5365   173.9990    53.9786   116.0600   -71.9630   205.6320
   520.0000     0.0001    41.7836   229.8970     3.0430   122.9220   113.4450   136.0070
   520.0000     0.0001    58.5226   185.6500    21.7777    43.3128   -66.2380   157.7290
   520.0000     0.0001    -4.0404   219.7220   -50.7239    27.6207   171.0680    37.3733
   520.0000     0.0001    75.9076   124.5960    75.3617    14.5955  -311.0350   101.6820
   520.0000     0.0001    32.9305   152.6760   -30.3109    34.6060   219.0830   -20.9181
   520.0000     0.0001    31.6936   137.8830   -23.9381    11.2825   201.4520  -112.5060
   520.0000     0.0001    -6.1993   110.1130   -59.0218    36.7597   169.5280  -101.8460
   520.0000     0.0001    -5.7168    62.7156     9.6840   -36.4965   189.4500  -125.2240
   520.0000     0.0001    23.9865   182.4600    15.0708    71.8981    12.6347   136.2480
   520.0000     0.0001    16.6367    60.8898    -5.4064    57.3221   182.3610  -173.0350
   520.0000     0.0001     8.3908   188.2450    -7.2451   101.3360   -18.7964   141.5690
   520.0000     0.0001    39.9435    66.1742     9.2636   -36.7836   246.7740  -161.1640
   520.0000     0.0001    29.3865   166.3970   -53.4831   106.9740   182.2480   -43.9103
   520.0000     0.0001    48.9075   210.3590   -31.2031   103.0890   166.0570    95.3690
   520.0000     0.0001    46.1749   201.6430   -26.3836    69.5424    80.4054   105.1730
   520.0000     0.0001    38.7588   221.5000   -37.2457    80.0683   184.6430    60.1515
   520.0000     0.0001    49.7438   185.9790    45.7471    96.8281  -148.7980   147.8560
   520.0000     0.0001    51.5827   137.6470    51.6541   297.9200  -264.5590   205.5990
   520.0000     0.0001    38.7588   221.5000   -37.2457    80.0683   184.6430    60.1515
   520.0000     0.0001    31.8077   236.1630   -48.9592    90.6789   175.5190    38.7803
   520.0000     0.0001    55.2177   175.4640    54.5174   137.5530  -145.8750   152.1800
   520.0000     0.0001    18.8725   214.6270    -8.0919    81.4359    96.7225   134.8580
   520.0000     0.0001    48.1056   184.8020    10.7922    40.4224    -2.2675   131.6930
   520.0000     0.0001   317.0300    73.6259   169.6520    18.8056  -139.9570    22.0408
   520.0000     0.0001    46.6527    34.7445    49.8774   -72.8487   111.5320  -233.0930
   520.0000     0.0001   236.3000   340.3860   126.2740   149.4180  -108.1180    47.7884
   520.0000     0.0001    79.4600   183.8330    41.1110    75.9595  -132.8540   164.3460
   520.0000     0.0001    59.2733   176.7300    56.3090   114.1420  -162.5110   140.7100
   520.0000     0.0001    16.2703    95.7063   -32.7447    56.5630   199.1050  -124.2240
   520.0000     0.0001   -19.3593   233.8980   -97.4069     5.0567   192.3630   -70.2869
   520.0000     0.0001   135.3040   -49.7719   213.1260   -44.8953   -96.4116   -46.2362
   520.0000     0.0001    33.3392   208.9310   -28.9044    75.3264    83.2871   101.0990
   520.0000     0.0001    45.2255   187.5310    17.3799    87.7776    19.4639   129.8970
   520.0000     0.0001     4.9439   136.8440   -29.7589    41.2732   218.8860   -41.7083
   520.0000     0.0001    71.6300   140.4720    70.2053    53.2968  -296.9610   133.7740
   520.0000     0.0001    59.8581   185.2620    32.7262   103.8570   -71.5256   128.4780
   520.0000     0.0001    14.9613   129.8370    16.7229   243.2940   -50.1653   227.5170
   520.0000     0.0001    11.7990   224.6440   -45.2216    41.5040   193.4980    46.9100
   520.0000     0.0001    37.6362   157.7130    -2.4716   129.2430   -92.6468   252.1840
   520.0000     0.0001   -29.4712   192.9140    -0.9357    49.4594    63.1452     4.7912
   520.0000     0.0001    14.6347   188.9060    46.7607   144.6890   -85.0055   137.3390
   520.0000     0.0001    20.5383   201.8690     3.4244   117.1450    63.9405    78.5638
   520.0000     0.0001    21.0427   221.6810    -1.4506   106.6120   108.2490   113.6190
   520.0000     0.0001     6.4854   225.8520   -51.7627     6.5210   193.9860    26.0311
   520.0000     0.0001    -6.8475   211.7240   -54.5240    34.0904   165.1350    29.5660
   520.0000     0.0001    39.0450   117.9210    39.1162  -195.9780  -183.8130  -251.7390
   520.0000     0.0001    21.1783   166.9850   -36.7782    86.3524   201.3690   -25.9960
   520.0000     0.0001    10.7846   120.7950   -19.4465    33.3417   235.9070   -65.7965
   520.0000     0.0001   279.0720   101.0400   159.5990     5.3800  -162.7330    26.1983
   520.0000     0.0001    92.5254   113.5730    57.8653   273.2790    36.6264    87.4516
   520.0000     0.0001    48.4797   172.2250    25.3418    73.2935   -85.7769   166.1120
   520.0000     0.0001    55.6615   158.3720    20.6314   170.5130   142.9260   133.8190
   520.0000     0.0001    -9.3662   224.4810   -56.0529    42.5829   164.9450     7.8137
   520.0000     0.0001    74.4418   169.9390    59.4617   110.3620  -126.4150   180.4340
   520.0000     0.0001    50.8868   175.4310    59.8966   144.6230  -148.8680   136.6090
   520.0000     0.0001    47.3095   186.8180    13.2973    64.1276   -19.5077    99.7944
   520.0000     0.0001    26.7635    44.7787    12.9027   -82.3470   180.0100  -153.7750
   520.0000     0.0001    52.6420   233.1790    -0.1067   123.5800   115.7880   113.4670
   520.0000     0.0001    43.9400   229.1800   -31.5925    79.2235   193.7570    58.4235
   520.0000     0.0001   294.7580   -17.2010   167.9060     2.3041  -132.6480    12.6309
   520.0000     0.0001    23.7917    41.8529    29.2972   -31.5188   145.2010  -215.3780
   520.0000     0.0001    -8.6352   227.1510   -59.0830    -0.4356   158.9860    21.6519
   520.0000     0.0001     9.7151   226.3900   -30.9165    73.3895   141.6580    63.0366
   520.0000     0.0001    -5.2919    93.1050   -21.9292   159.0250    -8.3374   205.6010
   520.0000     0.0001    50.9675   178.3610    59.5631   108.2260  -170.0020   135.6580
   520.0000     0.0001    54.7728    26.7749    49.5680  -107.7030   102.8750   -75.4041
   520.0000     0.0001    53.0803   181.8640    60.8294   125.7150  -148.1740   116.4760
   520.0000     0.0001    69.9987   136.7370    63.8296   119.9380  -244.5390   228.5230
   520.0000     0.0001    10.1586   221.6360   -34.4321    75.4996   144.7510    64.3103
   520.0000     0.0001    14.1172   202.7030   -29.9551    79.5986   129.5680    82.9695
   520.0000     0.0001   -43.8963    94.4639   -29.0038   144.2810    -3.1115   136.1780
   520.0000     0.0001    61.6169   188.0590    17.2912    65.5735   -23.2747   132.3600
   520.0000     0.0001    40.6278   157.1620   -25.5863    92.6504   223.6110   -40.1057
   520.0000     0.0001   -10.9568   217.1790   -64.3209    11.0579   151.8270    11.2987
   520.0000     0.0001   130.1220    -0.4379   166.1960   -67.3999   -59.2526  -107.4860
   520.0000     0.0001    91.0549   122.1060    88.0645  -123.2570   164.4150  -179.9290
   520.0000     0.0001    34.6764   182.9040    27.3152   176.1510  -119.5610   169.4190
   520.0000     0.0001    18.1613   227.2700   -42.9320    65.7429   186.5620    44.1398
   520.0000     0.0001    35.6484   212.4400   -56.2436    72.6113   187.4060     9.2817
   520.0000     0.0001    64.2712   156.5150    58.5983   105.6770  -222.3660   154.2700
   520.0000     0.0001     7.8585   236.4650   -25.3285    59.4637   156.5640    67.1059
   520.0000     0.0001    46.1749   201.6430   -26.3836    69.5424    80.4054   105.1730
   520.0000     0.0001   148.9730    55.3920    91.5942   -53.8657    68.2360    20.1508
   520.0000     0.0001     0.5162   230.1250   -35.6159    48.4051   176.0010    53.2224
   520.0000     0.0001     2.2868   188.5190   -39.7851    28.0184   192.2220     4.9335
   520.0000     0.0001    74.7838   145.4030    71.1961   135.7920  -261.0210   124.1270
   520.0000     0.0001    19.3551   127.9710   -11.8153   -35.1220   260.2780    -5.1160
   520.0000     0.0001    38.4864   184.6220     9.6104   112.2100     9.4939   139.2890
   520.0000     0.0001    18.1120   227.8760   -14.3743   100.8280   156.1430    81.4063
   520.0000     0.0001    37.0243    39.1926    44.3253   -71.5743   148.5350  -210.2780
   520.0000     0.0001    60.2645   125.3490    55.6391   293.1720  -291.2490   336.4530
   520.0000     0.0001    26.8631   197.0640   -36.7840    72.6933   183.7600    65.5521
   520.0000     0.0001    33.0113     9.8132    57.9753  -125.6360    91.7473  -135.4940
   520.0000     0.0001    35.4808   232.1010   -47.0453    64.9978   204.3440    30.3466
   520.0000     0.0001    67.4946   137.2880    61.2750   143.8700  -299.0300   155.2730
   520.0000     0.0001    22.4222   227.6620   -27.9625    93.7285   152.4070    79.3405
   520.0000     0.0001    57.1488   113.6150    52.6827   461.0700   -69.7661   404.8550
   520.0000     0.0001    73.3261   163.2910    54.7281    76.5851  -198.3360   152.5100
   520.0000     0.0001    23.0493   223.0080   -17.4568   106.4930   133.4710   102.4340
   520.0000     0.0001    72.8888   170.1420    67.1783    79.2278  -218.4580    85.4029
   520.0000     0.0001    14.2075   194.5740   -41.7053    35.4342   191.9760    10.1927
   520.0000     0.0001    41.6683   184.8120    12.4553   161.9480   -34.7745   123.8380
   520.0000     0.0001   111.6560    99.5176   118.3020   -45.6753   132.6100   -96.0601
   520.0000     0.0001    28.4699   211.5110   -72.6814    60.4751   183.0420   -30.2632
   520.0000     0.0001    26.0094    64.5225    13.3825   -63.5439   220.9200  -163.4590
   520.0000     0.0001    98.9031    -7.7306   118.1480  -112.4140   -20.5878  -122.1970
   520.0000     0.0001    53.4116   165.5440    31.5053   164.0910  -113.5950   170.9270
   520.0000     0.0001    62.8972   154.7230    40.4713   104.3960  -130.3730   236.9310
   520.0000     0.0001   152.7190   -41.0614   196.5580   -39.4892   -73.4421   -61.7602
   520.0000     0.0001   310.7380   186.2970   165.9980    64.0415  -148.6080    34.2080
   520.0000     0.0001   197.5940   -48.2400   221.0490   -36.0373  -106.2260    -7.7476
   520.0000     0.0001    22.0887   207.5560    -6.8705   123.0260    75.3116   100.8060
   520.0000     0.0001    51.3350   186.6310    41.5435   123.5140  -111.4550   150.9190
   520.0000     0.0001    22.4849   221.3080    -3.3743    98.6390   116.1940   133.8920
   520.0000     0.0001    26.5558   130.2210   -24.1872    97.3398   231.0020   -77.1551
   520.0000     0.0001    17.0977   129.9320   -46.9826    85.7487   192.3540   -86.3176
   520.0000     0.0001   -31.4166   202.6390   -74.6983    -2.6261   174.7020   -34.4480
   520.0000     0.0001    12.4897   212.6110   -21.0792    81.9981   139.0700    90.2076
   520.0000     0.0001    77.9798   152.9090    54.5786    82.8252  -252.8110   147.8790
   520.0000     0.0001    27.0043   210.9180   -32.8753    92.9123   171.6360    73.5951
   520.0000     0.0001    11.3193   185.4320   -54.6038    57.3483   158.2690    41.6051
   520.0000     0.0001     9.3662   209.9230   -19.5789    59.6570    92.9616   100.4790
   520.0000     0.0001    64.5890   147.2990    58.2389    71.9946  -235.1020   209.9350
   520.0000     0.0001    68.2113   138.0460    61.1924    89.1661  -269.9550   219.0910
   520.0000     0.0001   -28.5662    96.8974    -9.8133   176.6680    -1.7630   159.1800
   520.0000     0.0001    24.6638   223.1140   -44.8501    84.0428   182.7490    40.8300
   520.0000     0.0001    13.8919   231.3520   -18.0677    64.7469   152.7220    95.3600
   520.0000     0.0001    -6.8014   213.5090   -51.6175    23.7050   171.3910    35.7178
   520.0000     0.0001   -16.1505   216.8850   -72.2395    28.0931   180.3770   -23.3412
   520.0000     0.0001     7.0095    39.6230    25.8374   -89.4055   152.7840  -142.4290
   520.0000     0.0001   -14.6151   132.5090   -60.4472   -26.9197   178.1070   -36.7562
   520.0000     0.0001    36.2232   218.5210   -16.2142   111.7700    96.5379   122.5170
   520.0000     0.0001   251.3500   276.0780   134.6300   129.0720  -145.1610    45.1707
   520.0000     0.0001     2.5947   207.5250   -56.9148    40.7497   177.3770    23.7186
   520.0000     0.0001    51.1945   176.1100     5.0210   109.8470    24.7083   163.4420
   520.0000     0.0001    27.8727   102.6890    -8.9915    75.0327   257.1650  -122.2400
   520.0000     0.0001   -14.8396   150.9140   -55.6740    36.9381   173.4790   -13.7900
   520.0000     0.0001    49.3629    81.8562    45.0403   138.0750    18.3648   311.6400
   520.0000     0.0001    55.2573   172.7310    59.2242   101.8490  -193.8150   130.2520
   520.0000     0.0001    -1.6243   238.8210   -61.7653    -0.7713   181.7480    10.8637
   520.0000     0.0001    77.4822   116.4820    78.5382   -27.2214  -313.0780    22.4022
   520.0000     0.0001    27.0237   217.5790   -47.6248    61.1372   188.9220    37.0267
   520.0000     0.0001   -13.0386   227.7800   -54.0924    20.5544   175.8840    20.8769
   520.0000     0.0001    26.2929   244.2170   -49.7772    61.1900   158.7150    31.9785
   520.0000     0.0001    27.4558   200.3100   -19.5670   101.2060    76.6935   117.0780
   520.0000     0.0001     0.8351   193.1550   -50.6649    35.5641   185.6660   -13.3511
   520.0000     0.0001   177.3200   -15.5515   147.2540   -86.4542  -110.3940   -49.3002
   520.0000     0.0001    38.0240   209.1890   -25.3830   102.2070   190.2600    72.3571
   520.0000     0.0001   -20.9029   -17.5805     3.6211    46.3151    -3.9250    28.7522
   520.0000     0.0001    11.1935   228.0440   -20.4374    75.8297   139.8600    82.7572
   520.0000     0.0001    59.2807   214.4450   -33.3782    99.0139   115.5860    96.8808
   520.0000     0.0001    33.4084   191.1210    52.2431   157.2090   -77.6535   126.5500
   520.0000     0.0001    43.3901   183.2580    20.6307    29.7028   -11.0163   162.7200
   520.0000     0.0001    43.7222   188.9500    17.6191    66.6192   -27.0933    97.4165
   520.0000     0.0001    25.9252   203.2760    20.2312    58.8669    63.3183   171.7830
   520.0000     0.0001    18.5579    55.3305    12.4654   -19.1735   179.8880  -192.6660
   520.0000     0.0001    68.4607   165.1440    43.7479    90.9636  -139.5380   184.2200
   520.0000     0.0001    51.0219   239.9740    -6.5716    73.1933   116.0490    97.8164
   520.0000     0.0001    43.4561   177.2420    15.5787    62.1367     6.9205   189.6880
   520.0000     0.0001    75.4670   149.2260    43.4653   131.4270  -145.3260   -71.0539
   520.0000     0.0001    28.8021   237.4250   -10.1306    48.0018   109.6300    89.1675
   520.0000     0.0001   -16.4686    90.1927   -29.4449    21.9267   173.4820  -114.8820
   520.0000     0.0001   155.2300   -55.6561   210.2800   -35.8906   -91.5123   -43.5457
   520.0000     0.0001    63.0040   163.1440    55.5225   107.7800  -188.2850   186.8950
   520.0000     0.0001    84.9335     4.7026   108.4130   -95.8909   -16.1665  -170.3910
   520.0000     0.0001    19.8490   213.6530   -15.9701    95.1035   126.2410   114.1790
   520.0000     0.0001    77.8600   140.6270    55.0741   152.4890  -233.7630   224.7520
   520.0000     0.0001    72.0450    -1.2682    87.0730  -103.4090    39.6188  -155.4530
   520.0000     0.0001    22.8260   235.2270   -18.1466    73.9090   170.0810    99.1430
   520.0000     0.0001     6.3418   225.1410   -33.7377    80.4516   144.8370    44.8021
   520.0000     0.0001   127.5470   -11.3568   133.7880   -89.8222   -43.2027  -108.4490
   520.0000     0.0001   184.1890   -28.2698   173.1870   -54.4403  -100.2790   -49.2421
   520.0000     0.0001    72.4928   153.7130    59.9214   156.7310  -232.2230   115.3350
   520.0000     0.0001    37.7727   231.7900   -15.6583   125.3750   133.8880    91.1045
   520.0000     0.0001    64.3323   193.1350    19.6116    81.7285    20.1539   151.6730
   520.0000     0.0001   -10.5978   224.5500   -50.7625    15.4134   153.6740    32.7683
   520.0000     0.0001    72.3610   146.7290    52.9202   119.3700  -231.8100   192.2200
   520.0000     0.0001    48.4557   174.7080    27.5514   125.1090   -14.8154   172.3830
   520.0000     0.0001    77.0858   145.0050    54.9452   167.5490  -203.6730   222.1380
   520.0000     0.0001   160.2640    93.0893    84.9964   -87.4641    55.4927    40.5695
   520.0000     0.0001    -5.3674   178.0930   -49.6174    23.8703   189.3250   -15.7325
   520.0000     0.0001    31.9916   229.9130   -41.1264   100.0130   176.1970    49.1988
   520.0000     0.0001    54.4214   188.1400    18.7063    62.7254    30.2839   164.4950
   520.0000     0.0001    36.1562   183.9910   -42.5580   115.4060   189.8240    -9.6915
   520.0000     0.0001    43.3607   174.0090    21.7235    98.0087   -50.2550   135.6110
   520.0000     0.0001    79.8543    91.8377    71.8674   -10.9149  -261.1880   -60.6488
   520.0000     0.0001    61.6132   176.0960    26.7326    62.2297   -53.2013   183.0800
   520.0000     0.0001    66.7499   183.3100    39.5978    65.0586  -175.2840   183.5180
   520.0000     0.0001   114.1760    -0.7087    94.8160    11.2390    31.1197    23.4887
   520.0000     0.0001    21.6052   208.2960   -12.3405    98.4154   101.3210   136.5010
   520.0000     0.0001    23.0928   108.0200    -3.9145    36.0718   270.6450  -103.4990
   520.0000     0.0001    61.3756   186.2260    40.8970    72.8429   -52.7184   167.7300
   520.0000     0.0001    23.9166   179.4730    13.4241   194.0020   -96.8948   168.5830
   520.0000     0.0001    42.1376   176.6840    -4.4518   110.7010    40.1094   141.5640
   520.0000     0.0001   312.9250    29.5634   163.0270    10.1631  -136.0630    17.4710
   520.0000     0.0001    41.6727   178.3690    -5.8263    91.2042    13.5780    99.4059
   520.0000     0.0001    78.2886   117.6130    76.6874   -27.4867  -320.6950    -9.5014
   520.0000     0.0001   180.1370   -29.3130   187.1310   -49.4189   -82.6559   -47.2200
   520.0000     0.0001    59.9364   187.0690    33.5366   131.4780   -20.5274   143.8140
   520.0000     0.0001    41.5863   221.8860   -76.1887    75.2941   187.4540   -20.2436
   520.0000     0.0001    51.3143   165.1640    54.8367    86.7496  -131.1930   209.6220
   520.0000     0.0001    57.7349   145.2850    40.0851   149.7000  -159.9210   245.9990
   520.0000     0.0001    25.5676   238.7650    -1.7106    85.7907   126.0310   100.5640
   520.0000     0.0001   -21.7937   135.0350   -49.0466   -15.3475   177.2330   -26.6555
   520.0000     0.0001    55.4596   160.5590    31.1145    76.9013   -90.9218   232.9620
   520.0000     0.0001    19.7835   212.1100   -32.2268    75.7378   179.6950    74.6985
   520.0000     0.0001    87.1031    98.7392    70.3452   -26.1838  -276.8820   -33.5467
   520.0000     0.0001   -32.1020    75.9201   -36.6252   130.1180     5.5745   151.9330
   520.0000     0.0001    86.8889   120.8390    72.4100   -18.0995  -308.8100   107.8010
   520.0000     0.0001    66.2762   140.6930    65.5859   123.4320  -278.2270   151.0980
   520.0000     0.0001    56.1903   230.5200    -4.2961   122.5760   150.1160   138.9160
   520.0000     0.0001    52.6441   205.6520    20.4546   108.5440    53.8762   128.9870
   520.0000     0.0001    68.1484    22.2476    89.4119   -96.0351    35.7474  -205.2390
   520.0000     0.0001   323.6730    76.5222   180.5570    31.5889  -138.7340    27.7933
   520.0000     0.0001    64.1850   157.5040    46.2700   180.0320  -111.1950   211.6190
   520.0000     0.0001    34.1550   217.7940   -19.7672    81.5495    57.3796    73.5160
   520.0000     0.0001   -22.7350   228.7370   -95.5278   -14.8709   185.9800   -56.0937
   520.0000     0.0001    64.3323   193.1350    19.6116    81.7285    20.1539   151.6730
   520.0000     0.0001    76.3727   154.7420    47.3813   118.3490  -205.7170   196.2020
   520.0000     0.0001    29.9874   172.3820   -28.5623    64.2601   219.8720    -1.0809
   520.0000     0.0001    31.0136   134.2580   -23.8489   102.7090   235.7230   -65.3385
   520.0000     0.0001    55.6473   155.9820    49.6333    84.6477  -174.0760   210.4640
   520.0000     0.0001    40.7944   198.1500   -39.6717    69.9442   192.6640     9.6927
   520.0000     0.0001    50.7001   177.2130    53.1924    96.9937   -61.1986   191.3480
   520.0000     0.0001   -16.7371   191.6660   -74.4710    18.7174   183.4850   -35.2893
   520.0000     0.0001   135.0350   -36.8201   166.4680   -62.0880   -59.2145   -80.1471
   520.0000     0.0001    24.2371    68.7261    18.9750   -10.5420   223.9550  -195.6590
   520.0000     0.0001    55.6080   173.0750    28.0739    63.5779  -116.1170   170.1340
   520.0000     0.0001    62.8726   164.1890    21.2903   156.8840   -70.1225   194.6050
   520.0000     0.0001     7.3079   199.1820   -36.0036    89.4318   165.9890    44.4154
   520.0000     0.0001    60.1264   129.2820    59.9217  -283.6710   -17.4054  -258.0120
   520.0000     0.0001   -16.8961   236.8160   -65.9604    -7.8175   188.8700     1.2561
   520.0000     0.0001    55.6394    56.8243    50.7267   -67.9107   110.7660  -297.8830
   520.0000     0.0001    38.4241   192.3510    21.6366   161.3890   -49.5307   145.2740
   520.0000     0.0001    71.0332   195.6510    -7.5653    40.8238     3.3864   131.9880
   520.0000     0.0001     6.3668   214.3480   -62.3430    40.3997   189.1480     3.3313
   520.0000     0.0001     4.6079   240.8400   -31.9694    31.9318   152.9990    50.4948
   520.0000     0.0001   120.6200   -12.5470   153.6960   -68.0943   -45.1080  -110.7650
   520.0000     0.0001    68.0973   150.7400    57.4957    70.6238  -242.3870   194.3960
   520.0000     0.0001    79.7212   141.8560    71.1495    28.7317  -281.3660   143.5220
   520.0000     0.0001    19.3145   223.4420   -32.4526    84.3134   157.2390    76.1478
   520.0000     0.0001   124.0990    96.1911   113.3220   -70.6717   130.9170   -51.0616
   520.0000     0.0001    38.5159   225.3210   -32.6486   132.8010   169.3100    40.8344
   520.0000     0.0001    54.4903   156.9240    42.4825   139.6040  -127.5950   197.5470
   520.0000     0.0001    26.6485   231.4500   -18.2595   105.4920   121.7960    82.1525
   520.0000     0.0001     2.9299   232.3620   -23.0125    48.7183   172.2980    76.6424
   520.0000     0.0001     9.9795   221.7200   -11.8395    58.4658    98.8784    97.3556
   520.0000     0.0001     5.5065   182.6440   -30.7348    16.6968   201.5270    21.6835
   520.0000     0.0001   153.5790    38.3142    39.6215   -32.8896    30.2489    58.2791
   520.0000     0.0001   184.6460   -43.6337   167.1480   -64.8336  -102.6580   -21.8074
   520.0000     0.0001    43.5945   182.1470    17.0693    64.5398     2.8704   143.1260
   520.0000     0.0001    22.0110   212.5570   -16.6218    41.8558    62.2049   121.2630
   520.0000     0.0001    19.0559   238.1440   -20.4183    43.6890   126.8140    69.8290
   520.0000     0.0001   272.6450   235.7960   137.1030   102.4370  -154.2970    52.3731
   520.0000     0.0001    20.2546   164.6940    19.2971   171.8360  -124.9110   178.9220
   520.0000     0.0001   117.6710   -22.0168   148.1880   -76.6562   -51.6442  -106.2980
   520.0000     0.0001    41.3740   237.4930   -89.9698    63.2925   194.7420   -41.4909
   520.0000     0.0001   240.4650   -27.0848   208.5190   -26.1829  -120.0370     5.6377
   520.0000     0.0001    14.2182   221.6850   -33.9087    59.9294   190.1410    57.8850
   520.0000     0.0001    26.9455   226.9990    -8.5705   112.2860   104.9250   104.1240
   520.0000     0.0001    26.6566    46.4103    27.9027   -63.1893   177.0450  -186.8500
   520.0000     0.0001    88.9689    68.8642    29.5580    79.4684  -198.4610  -166.1490
   520.0000     0.0001    84.4368   143.6570    68.7823    37.0396  -256.2820   167.7190
   520.0000     0.0001    83.7945   116.7190    74.9105   -26.2203  -310.7390    83.1010
   520.0000     0.0001    26.0094    64.5225    13.3825   -63.5439   220.9200  -163.4590
   520.0000     0.0001   278.6950    22.1494   181.5210   -14.3279  -133.6580     8.8709
   520.0000     0.0001    49.8704   228.7230   -11.7047   111.8230    89.3725    85.1589
   520.0000     0.0001    22.0683   230.2910   -36.9544    89.4222   171.7010    51.2508
   520.0000     0.0001    51.9681     1.1395    84.8453   -89.0034    40.3360  -172.8530
   520.0000     0.0001    68.5249   184.1620    38.0755    51.4889  -173.6360   178.6440
   520.0000     0.0001    29.3515   185.9680    26.1070   157.4170  -100.2490   165.7870
   520.0000     0.0001   221.1490   -15.0487   241.7260   -15.9879  -117.5880    -2.8900
   520.0000     0.0001   154.1720   -10.0405   192.2340   -49.6909   -76.6686   -75.3578
   520.0000     0.0001    -5.9543   177.8500   -48.1374   -20.8296   162.6210    23.8317
   520.0000     0.0001     8.1938   215.8640   -41.0523    75.5596   160.5010    45.3034
   520.0000     0.0001    42.1293   173.2700    33.4212    68.6136   -67.8252   173.2260
   520.0000     0.0001    29.4169   245.2940   -27.5101    51.3022   147.6600    71.9361
   520.0000     0.0001   -41.7734   111.5250    -8.8990   168.9950    -8.0249   138.5640
   520.0000     0.0001    14.6038   177.8930   -83.6452    56.1186   175.7630   -43.6796
   520.0000     0.0001    10.7342   216.1780   -39.0005    57.2620   170.2250    62.0436
   520.0000     0.0001     8.4394   102.8170   -41.7871   -37.4979   199.5830   -58.0654
   520.0000     0.0001   194.7400     1.7525   243.0530   -13.4785  -100.4090   -35.0172
   520.0000     0.0001    -0.4928   229.9630   -32.8040    43.6463   164.1910    62.2837
   520.0000     0.0001   187.9110   -29.5262   236.3230   -19.6870   -98.4409   -26.1961
   520.0000     0.0001    32.2047   225.8930   -77.2812    51.2774   191.9870   -30.4628
   520.0000     0.0001   272.0570   205.0280   125.2980    97.0385  -169.3350    24.0073
   520.0000     0.0001    61.5575   151.2300    51.2399   102.1440  -167.8670   239.7960
   520.0000     0.0001    63.9158   136.2680    60.7713   140.4410  -263.3660   213.6980
   520.0000     0.0001    55.6432   152.4520    23.4594   145.3790  -113.6400   202.1750
   520.0000     0.0001    77.5954    13.8629    71.7777  -125.5330    44.7789  -174.5480
   520.0000     0.0001    73.5097   154.7310    67.6081   128.1590  -232.6510   144.4350
   520.0000     0.0001    73.2520   130.2690    71.4215    57.8500  -327.6360   121.5810
   520.0000     0.0001    77.7010   117.9680    77.4057     2.3568  -325.7790   -24.1333
   520.0000     0.0001    11.4742   223.3380   -34.7654    24.3000   121.4980    69.5879
   520.0000     0.0001   332.6420   103.8070   155.5990    44.8353  -142.0610    26.2263
   520.0000     0.0001    20.8129   111.0670   -24.4881   -37.8477   235.5010   -50.8599
   520.0000     0.0001     4.1708   249.0530   -24.8890    33.4018   183.3440    61.4176
   520.0000     0.0001    24.0972   190.3570     2.0247    36.7525    48.6428   130.4200
   520.0000     0.0001    30.5924   162.3480   -27.9241    73.6157   223.7360   -15.0562
   520.0000     0.0001    20.6090   239.7360    -3.8401    35.3863   152.0860   121.3340
   520.0000     0.0001    71.8435   142.9460    64.7991    63.5286  -261.6580   180.5750
   520.0000     0.0001    18.6004   175.8590   -47.5532    95.5947    48.8954    29.2445
   520.0000     0.0001   234.3210    -5.6989   163.8920   -39.4249  -136.1160    -3.9973
   520.0000     0.0001    35.9874   223.7220   -39.5786    86.4561   124.8020    76.6686
   520.0000     0.0001     5.8088   247.5760   -32.9204    31.4768   195.0580    52.1131
   520.0000     0.0001     6.1573   214.0770   -33.9664    64.0390   137.8470    75.6706
   520.0000     0.0001    14.8117   229.7900   -17.7738    82.9841   118.9070    74.2798
   520.0000     0.0001    48.1056   184.8020    10.7922    40.4224    -2.2675   131.6930
   520.0000     0.0001    21.4400    83.3950     0.6641    38.0927   231.8080  -168.6550
   520.0000     0.0001    78.1098   154.4660    66.2927    70.2993  -242.3440   156.0460
   520.0000     0.0001     4.9206    71.4803   -18.5014    27.6280   180.5690  -149.3980
   520.0000     0.0001    42.5357   203.4240   -56.8914    99.6349   182.7610    -6.5857
   520.0000     0.0001    24.8907   237.8620   -14.4076    31.9795   120.5750    98.2365
   520.0000     0.0001     9.0243   213.8070   -69.8198    43.7387   193.2870   -10.2540
   520.0000     0.0001    52.1383   162.5710    43.6435   107.9090  -114.2160   198.8060
   520.0000     0.0001    -3.0524   212.1460   -45.1445    41.9296   154.0170    44.6185
   520.0000     0.0001    66.0724   124.0250    34.9776   185.4280   -35.1784  -103.4280
   520.0000     0.0001    77.9574   128.2770    68.6557    19.7679  -305.7220   173.6010
   520.0000     0.0001    22.0864   225.7260   -21.7524    53.2610   110.2000    72.8062
   520.0000     0.0001   244.3380    30.1919   130.3740   -50.6666  -148.7820    -2.2744
   520.0000     0.0001     9.7801   182.2970   -87.9922    67.3618   162.2500   -71.3949
   520.0000     0.0001    58.6536   159.7680    23.3530    88.4238   -80.0438   217.8470
   520.0000     0.0001    23.7338   238.3190   -37.2794    81.5281   188.4430    52.3656
   520.0000     0.0001    46.6599   189.0290    21.6513    80.7695   -10.2118   114.9950
   520.0000     0.0001    80.7640   111.1730    76.1162   -58.0215  -301.7810    57.1016
   520.0000     0.0001    44.6599    12.4756    47.7149   -84.0626    69.1192  -199.1890
   520.0000     0.0001    82.5647   187.7780    29.9995    53.5072  -131.9520   187.0130
   520.0000     0.0001    66.2005   173.6010    63.2330   128.2090  -175.9500   137.0700
   520.0000     0.0001    76.5050   127.8510    69.7650    34.0462  -304.4720   170.0790
   520.0000     0.0001    38.6925   226.5580   -18.0780    43.6224   177.7550   112.0170
   520.0000     0.0001    52.7879    13.0951    67.3768   -98.8500    80.0297  -179.6340
   520.0000     0.0001     5.5208   224.9550   -33.1935    62.5896   147.6420    66.2937
   520.0000     0.0001    36.1373   206.6490   -73.8917   100.5460   173.7410   -33.1191
   520.0000     0.0001    -8.3697   232.4520   -42.2117    30.9952   162.8080    39.9559
   520.0000     0.0001    62.5844   140.8000    57.7960   113.3600  -246.6900   232.4510
   520.0000     0.0001    67.1184   165.8010    68.1486   112.7100  -225.1120    97.5154
   520.0000     0.0001    59.0707    80.5755   -18.0867   -38.6858  -170.0360     9.5274
   520.0000     0.0001     9.0318   180.3190   -41.7581    69.3911     7.6910   120.5250
   520.0000     0.0001    98.8448   102.2100    88.0852  -160.5790   120.8510  -130.5010
   520.0000     0.0001    40.6605   216.6010   -41.9674    58.2820   183.3430    49.5807
   520.0000     0.0001    61.1088   -10.1328    66.9612  -156.1510    24.8604  -106.1210
   520.0000     0.0001     7.0110   223.5110   -29.9468    65.2776   162.0450    71.5993
   520.0000     0.0001   103.0340    33.7938   129.1820     1.3520    67.3432   -24.3909
   520.0000     0.0001   -23.8959   177.0500   -71.1052    13.1007   159.7340    -7.9959
   520.0000     0.0001    69.0506   177.6260    41.7263    64.1106  -141.6490   153.8300
   520.0000     0.0001    46.2587   241.8040   -17.2081    67.0922   124.8960    78.9951
   520.0000     0.0001   -28.8300   222.5730   -80.4685    -2.3295   192.1120   -47.6133
   520.0000     0.0001   164.4120   -34.9410   220.1570   -40.7392  -110.1730   -29.8381
   520.0000     0.0001   120.7510   -12.6181   150.1330   -77.5456   -48.3011  -110.8380
   520.0000     0.0001   210.5960     1.3046   217.4630   -32.0256  -108.5170   -23.0986
   520.0000     0.0001   -25.3555   220.1480   -73.9828   -17.1168   182.4170   -12.9481
   520.0000     0.0001    82.7952   132.5750    70.8820    90.4314  -312.9490    89.8262
   520.0000     0.0001    12.6715   231.1490   -19.1802    61.6138   159.5650    91.7558
   520.0000     0.0001    37.2153   185.1390     7.9651    63.4068    48.6000   137.0930
   520.0000     0.0001    74.7601   127.6820    64.8493   164.8800  -325.5650   140.0000
   520.0000     0.0001    24.8826   200.4840   -27.9494    82.1222   165.5860   103.0240
   520.0000     0.0001    70.1874   152.5310    59.4285    77.3119  -245.1280   168.2370
   520.0000     0.0001     8.2089   231.7300   -26.5791    45.1672   128.9100    63.8495
   520.0000     0.0001    -6.7066   214.8260   -42.1416    34.3220   150.7430    47.8423
   520.0000     0.0001   250.4410   -13.9726   236.2820   -11.5398  -122.1810    16.2307
   520.0000     0.0001    59.0707    80.5755   -18.0867   -38.6858  -170.0360     9.5274
   520.0000     0.0001    23.6185   221.1310   -49.7028    82.4456   189.1710    33.8463
   520.0000     0.0001   279.9610   127.5450   139.3180    44.9473  -174.7910    21.0072
   520.0000     0.0001    34.9150   216.8100   -38.0011    89.4682   103.4350    77.3877
   520.0000     0.0001    67.5477   131.0490    68.3609   149.5510  -307.6560   129.8870
   520.0000     0.0001   193.1220     5.2160   237.1330   -24.4698   -99.8563   -33.8755
   520.0000     0.0001    34.2099   186.3150    28.5162   113.0050  -137.1990   157.7520
   520.0000     0.0001    32.8729   214.5900   -19.6843    83.4736   197.2870   105.9800
   520.0000     0.0001    48.5264    48.2079    36.8658  -133.4000   144.0670  -100.2910
   520.0000     0.0001    26.5905   196.5000  -104.8750    44.3029   173.3440   -64.1895
   520.0000     0.0001    16.0488   241.5430   -32.3274    34.9080   155.3600    74.6247
   520.0000     0.0001   -20.3333   152.7860   -44.1182   -30.6037   175.8360     5.1912
   520.0000     0.0001    30.5931    86.3237     1.5693    11.6919   268.2560  -144.5920
   520.0000     0.0001    32.0767   151.8780    26.4489   227.3340  -122.9090   235.2460
   520.0000     0.0001     9.9251   126.1010   -26.6907   -47.3352   223.7020    -7.5488
   520.0000     0.0001    95.6132     7.5233   107.1550  -104.2010    -4.9118  -159.8530
   520.0000     0.0001    77.3930   105.0840    78.5529   -30.2155  -290.3480    37.9425
   520.0000     0.0001    69.6453   159.0060    46.2033    89.4480  -183.0600   187.0860
   520.0000     0.0001   110.4640    30.8938   115.6340    24.9150    67.9303   -40.1753
   520.0000     0.0001    27.6189   229.9650    -5.7920   106.9790   121.4190   109.0160
   520.0000     0.0001   269.2880    38.9126   142.1350   -31.7864  -143.0150     0.7076
   520.0000     0.0001    60.9354   171.2680    29.2955    82.9550   -42.9732   208.0360
   520.0000     0.0001    10.4507   172.7530   -27.9801   -25.5611   194.7740    45.3592
   520.0000     0.0001    -3.7285   213.2490   -69.0864    32.2644   178.7110    -2.6115
   520.0000     0.0001   -11.5713   212.2290   -64.6815    11.1691   184.7400     1.7429
   520.0000     0.0001    14.8481   210.0010   -43.8131    32.4174   122.0660    68.9217
   520.0000     0.0001    23.9515   212.9920   -11.4672   105.2490   105.3760   127.4970
   520.0000     0.0001   241.0940   -28.1536   244.9320    -5.5569  -117.5970     5.9091
   520.0000     0.0001    72.4280   143.6830    64.1852   121.2030  -278.8700   149.9920
   520.0000     0.0001    75.8577   111.6170    56.9722   522.1140    60.7021   148.8130
   520.0000     0.0001    69.0658   177.3260    45.8365    91.4622  -193.9670   114.8580
   520.0000     0.0001    81.8211    97.0538    73.7650   -17.3230  -278.7000    13.2731
   520.0000     0.0001   138.4220   -15.1522   189.4040   -55.8725   -74.4930   -80.4854
   520.0000     0.0001    76.4674   118.2300    68.7935   100.4970  -332.9620   146.0570
   520.0000     0.0001    32.9479   227.9000   -20.6887   119.5910   123.1980    89.0105
   520.0000     0.0001    61.2306   167.9330    24.8311    89.3263   -92.9888   173.6950
   520.0000     0.0001    14.7850    28.4444    35.6071   -35.8227   116.5450  -197.7450
   520.0000     0.0001   174.4210   -16.8228   197.6950   -55.9448   -93.4828   -42.9414
   520.0000     0.0001    -3.8558   209.2930   -49.7578    32.4270   144.5560    41.6624
   520.0000     0.0001   100.2650    -2.3617   134.6740   -88.2542   -33.5110  -135.3390
   520.0000     0.0001    56.9131   176.3570    49.2213   114.7070  -148.4470   141.0560
   520.0000     0.0001    44.8414   223.6840   -62.1084    98.9668   187.9160   -12.1693
   520.0000     0.0001     8.5865   199.1420   -56.0215    50.5820   185.8390   -19.3963
   520.0000     0.0001    52.1694   172.0160    13.3503   140.3910   -76.7692   124.1880
   520.0000     0.0001    82.5659   109.2920    75.4425   -60.4314  -297.9040    48.8253
   520.0000     0.0001    30.8218   189.5400     9.8898    62.5703    54.8935   140.1670
   520.0000     0.0001    37.9434   229.1590   -23.5534   116.8030   134.8530    96.6614
   520.0000     0.0001     5.5257   230.4350   -53.5534    44.0434   196.1060    13.7135
   520.0000     0.0001    27.6209    98.9768    -8.2740    51.7261   262.7990  -117.0070
   520.0000     0.0001    -8.7956   208.8130   -59.9441    29.5667   172.2060    12.8852
   520.0000     0.0001    22.5925   231.6910   -42.3302    67.7393   204.4090    40.7838
   520.0000     0.0001    66.0660   162.5820    53.4108    70.8159  -174.7120   188.4820
   520.0000     0.0001     8.0159   237.1810   -16.7620    61.2158   135.9150    68.1104
   520.0000     0.0001    47.5109   181.7760     7.8315    79.9536   -57.0785    91.6461
   520.0000     0.0001    50.5102   169.0820     1.2890   112.4010   -32.5345   130.3450
   520.0000     0.0001    49.0426   156.2280    33.3881   103.5550  -142.0870   204.0640
   520.0000     0.0001    45.2169   183.2730    -1.3573    56.0846    31.0170   125.1360
   520.0000     0.0001    -3.0073   155.5690     5.4472   185.0970   -50.8689   177.3620
   520.0000     0.0001    34.4649   187.6650   -16.3112    91.5630    24.0736   178.6770
   520.0000     0.0001    60.5219   123.5460    54.5955   369.6570  -330.4310   237.1100
   520.0000     0.0001    25.2894    95.5907   -29.8951   108.3160   203.5880  -116.7190
   520.0000     0.0001   -26.8848   183.7700   -29.8951    20.0968   165.6180     8.2166
   520.0000     0.0001    44.1086   155.8250    33.2853   128.0310  -114.7980   198.3020
   520.0000     0.0001   -22.0292   224.3900   -75.5097   -17.7354   187.0140   -14.9100
   520.0000     0.0001   139.3120    88.2815    90.6033  -128.4850    80.2219    -4.7181
   520.0000     0.0001   284.8950     1.6021   190.9100    -5.7920  -130.3040    15.9813
   520.0000     0.0001    31.3354   217.6210   -38.2866    97.7997   100.2420    70.6030
   520.0000     0.0001    19.0128   129.3740   -24.6992    86.6544   231.6540   -64.0292
   520.0000     0.0001    75.0670   134.6820    72.2895    41.4532  -297.3090   116.5520
   520.0000     0.0001    33.9064   104.8490    18.6515   183.7020    39.3466   344.5450
   520.0000     0.0001    79.0310   166.6140    56.4840    59.4927  -192.6140   177.5230
   520.0000     0.0001     4.5629   203.1430   -39.2344    31.0914   190.8810     8.9498
   520.0000     0.0001    51.4899   173.8930    35.3940    83.1207   -41.8293   220.6610
   520.0000     0.0001    13.1120   225.8000   -38.8581    54.8614   200.1470    41.2239
   520.0000     0.0001    47.5517   169.7490   -26.0635   113.6590   211.3480   -13.4258
   520.0000     0.0001    85.7729   119.9890    83.8662  -170.0620   112.6340  -199.1650
   520.0000     0.0001    46.7293   179.9570   -66.4311    97.3239   176.9450   -17.6016
   520.0000     0.0001    16.7193   167.4880   -68.7014    26.6878   157.1810   -25.9912
   520.0000     0.0001    59.5867   161.6580    57.1986   114.1480  -221.5890   130.3450
   520.0000     0.0001    81.8781   186.3040    33.1474    32.0049  -152.8010   168.7340
   520.0000     0.0001    23.7338   238.3190   -37.2794    81.5281   188.4430    52.3656
   520.0000     0.0001   138.4170   -13.3537   164.5280   -67.3494   -56.8443   -93.1356
   520.0000     0.0001     7.9129   217.5440  -112.6490    25.1836   176.6540   -71.3439
   520.0000     0.0001   106.5470    -2.6786   143.1980   -64.8685   -45.0694  -141.7010
   520.0000     0.0001   -14.7488   220.9780   -59.6628    17.1226   164.1060    12.7601
   520.0000     0.0001     5.1317   236.1460   -89.8555    35.2542   187.1030   -43.7659
   520.0000     0.0001    18.6895   218.3350    -1.0293    36.2640    77.4994   114.6720
   520.0000     0.0001    53.7221   154.0990    37.7381   133.3190  -154.3650   191.8140
   520.0000     0.0001    98.4579   111.1060   104.7000   -96.4184   124.9200  -133.6610
   520.0000     0.0001   152.4090   -31.9352   191.2650   -39.3642   -71.1147   -72.2726
   520.0000     0.0001   121.7900    -6.5286   162.4280   -73.6014   -73.7016  -105.8700
   520.0000     0.0001    65.5800   187.9370    34.9583    98.9136   -50.8213   143.3840
   520.0000     0.0001   320.1920   102.9510   175.3810    28.4490  -141.8150    28.9558
   520.0000     0.0001    55.9441   173.6940    23.5299    76.9145   -75.9768   157.6180
   520.0000     0.0001    50.0820   190.9230    51.0944   119.9190  -133.3370   135.8540
   520.0000     0.0001   125.0400     2.6835   111.7170   -94.8728   -33.5241  -141.6120
   520.0000     0.0001   -18.4351   143.4390     6.8866   201.5930   -38.3989   158.4650
   520.0000     0.0001     7.8027   159.9750   -17.1315    -8.3255   220.2660    26.0782
   520.0000     0.0001    32.3579   176.1900    16.4236    93.5720     1.0109   142.3280
   520.0000     0.0001    -9.0208   228.7180   -50.7563     8.4144   154.8240    32.5938
   520.0000     0.0001     1.1954    80.1886   -35.6095    26.4693   186.7300  -114.0010
   520.0000     0.0001    -0.0229   219.2000   -27.9799    33.1623   117.8950    75.4166
   520.0000     0.0001    53.7875   176.3750    41.8603   141.7840   -44.5824   174.1100
   520.0000     0.0001    58.8638   177.2940    22.0389    81.7006   -79.9053   142.5540
   520.0000     0.0001   -10.8854   201.8090   -56.3812    40.6880   176.4730     8.6527
   520.0000     0.0001    37.1918    19.1356    46.8957   -86.5182    86.0759  -199.0050
   520.0000     0.0001     5.3583   220.8830   -33.0947    64.3109   159.1540    59.8372
   520.0000     0.0001    53.0409   207.3450    30.7168    78.0995    -8.8332   119.0280
   520.0000     0.0001   -26.2270   227.6060   -96.8935   -15.6098   194.7520   -63.3486
   520.0000     0.0001     3.6302   209.9180   -45.2709    32.6600   134.1240    61.8511
   520.0000     0.0001   -24.8571   187.9160   -81.3872     0.9928   178.3800   -56.6263
   520.0000     0.0001    81.8211    97.0538    73.7650   -17.3230  -278.7000    13.2731
   520.0000     0.0001    42.5493   234.7980   -21.3015   107.9970   115.3220    80.2639
   520.0000     0.0001    70.2660   142.0840    57.9708    64.9962  -230.7010   247.2650
   520.0000     0.0001   211.1440   -19.4513   207.3420   -34.9052  -110.6360   -20.4459
   520.0000     0.0001   -16.4639   176.4340   -78.9777    -5.3934   174.0780   -42.8454
   520.0000     0.0001    45.0153   242.5050   -24.8462    58.4923   165.6220    86.0741
   520.0000     0.0001     8.1568   197.5060   -41.0758    41.9684   189.4980     2.0489
   520.0000     0.0001    55.9079   159.9310    46.5081    98.5419  -158.9600   185.6840
   520.0000     0.0001     7.8606   182.8350   -35.5860    39.6484   198.5680     2.6655
   520.0000     0.0001     1.7773   229.0800   -32.8330    48.1239   160.8520    61.3338
   520.0000     0.0001    29.7820    17.2778    80.6102   -46.1831    53.8752  -207.6940
   520.0000     0.0001    70.0751   133.7300    80.7429   153.1030  -266.1610    63.4706
   520.0000     0.0001    61.3983   160.4260    24.6641   111.7020   -64.9915   218.1890
   520.0000     0.0001    44.4843    51.7398    40.2288   -72.7608   174.1790  -235.5690
   520.0000     0.0001   312.9250    29.5634   163.0270    10.1631  -136.0630    17.4710
   520.0000     0.0001    28.4958   -24.9680    86.4777   -17.6676    16.8190  -169.1720
   520.0000     0.0001    70.9831   148.0650    61.3437    70.5770  -203.9700   222.7400
   520.0000     0.0001    81.0024   107.5050    77.6194   -45.2861  -288.4760    55.7101
   520.0000     0.0001    90.7437   -15.7735   142.7250   -68.3320   -29.6347  -131.2430
   520.0000     0.0001    60.5672   168.9780    43.6438    73.1026  -119.4210   187.9810
   520.0000     0.0001    52.4058   212.9940   -26.2757   109.1270    63.9079    94.6911
   520.0000     0.0001    38.3585   233.3690    -8.5677   122.9820   113.3660    81.7443
   520.0000     0.0001    83.4740   166.1390    63.1117    53.7660  -211.3050   139.0950
   520.0000     0.0001    47.2581   192.7760    19.1337    67.1451   -84.9312   114.6670
   520.0000     0.0001     2.5947   207.5250   -56.9148    40.7497   177.3770    23.7186
   520.0000     0.0001    36.7317   221.5230   -54.1632    61.4044   190.4820     1.7341
   520.0000     0.0001   180.4950   -22.8735   211.3010   -49.5611  -117.2510   -25.1127
   520.0000     0.0001    61.2947   176.2720    47.0383   112.1850  -156.7450   146.1410
   520.0000     0.0001    -9.1204   234.0870   -68.0788    11.7776   198.9080   -10.2869
   520.0000     0.0001   101.8270   116.2590    91.7099  -174.1730    78.5258  -120.1940
   520.0000     0.0001    31.5120   144.2860   -19.6327    34.5627   210.7760  -100.9500
   520.0000     0.0001    78.3749   143.9990    65.7550    97.0165  -271.1580   157.2290
   520.0000     0.0001    69.0496   145.5580    64.3608    83.8401  -271.0230   161.2740
   520.0000     0.0001    78.0680   123.0210    72.6840    11.9492  -315.4550   132.6450
   520.0000     0.0001    73.1623   110.6780    76.7181     9.6919  -329.7060     7.2512
   520.0000     0.0001    22.7259    49.7465    24.1479   -27.3912   174.1170  -201.8140
   520.0000     0.0001   145.2510    -7.7501    86.5506    -2.9026    32.0624    28.5739
   520.0000     0.0001    21.4400    83.3950     0.6641    38.0927   231.8080  -168.6550
   520.0000     0.0001     9.7280   216.7710   -36.2709    59.9445   114.9100    68.3404
   520.0000     0.0001    -2.6538   210.9630   -54.6228    36.9065   152.1630    34.8344
   520.0000     0.0001    21.7610   232.4420   -10.1727   102.6330   132.9650    89.7436
   520.0000     0.0001    32.3985   237.0860    -3.2386    63.0255   109.1060   116.7710
   520.0000     0.0001   146.1970    -5.3297    66.9867   -11.8233    37.6622    37.6619
   520.0000     0.0001    63.7866    11.9351    85.3623   -81.0026    53.4722  -190.2850
   520.0000     0.0001   164.3610   -26.4096   233.8140   -12.3135   -91.4322   -51.6029
   520.0000     0.0001    47.9151   171.1840    36.7599    93.2506   -78.6941   172.3560
   520.0000     0.0001   105.1680   109.3360   112.9680   -69.1217   136.3300  -109.4420
   520.0000     0.0001    58.1861   181.6830    11.0317    66.3950   -25.7983   136.6460
   520.0000     0.0001   -10.6235   206.0720   -94.2723    22.9132   183.7020   -64.6559
   520.0000     0.0001    36.9286   161.9950    11.4985   162.8230  -100.5650   260.8010
   520.0000     0.0001    17.8909   194.8150   -36.5550   103.8970   184.9020    31.4296
   520.0000     0.0001   -19.1042   227.4940   -62.9697    -5.1861   177.4870     6.8457
   520.0000     0.0001   -20.7531   193.4770   -73.3445    13.4647   179.4560   -26.1256
   520.0000     0.0001    56.9133   154.9150    47.5294   101.7670  -156.1550   216.4980
   520.0000     0.0001     3.6438   183.1060    -1.3242   164.5360   -56.7146   161.7840
   520.0000     0.0001    53.0803   181.8640    60.8294   125.7150  -148.1740   116.4760
   520.0000     0.0001    60.7000   192.5070    27.5501    56.4832   -90.2029   133.1730
   520.0000     0.0001   108.9880   108.6050    79.3016  -226.5110    69.8110   -48.0101
   520.0000     0.0001    24.2099   230.3880   -10.3136   105.1440   116.1010    88.7712
   520.0000     0.0001    69.6706   140.4350    63.7943    91.4291  -263.5410   187.6250
   520.0000     0.0001    19.5980   200.5700    15.8442    89.8136    53.9929    99.5610
   520.0000     0.0001    -6.9428   246.2680   -41.4584    20.0051   179.6110    34.6624
   520.0000     0.0001   -38.1285   199.5030   -75.4804   -18.4805   173.7370   -29.9824
   520.0000     0.0001    22.0812    60.1223    17.0397   -17.4675   197.9100  -195.5330
   520.0000     0.0001   147.7640   -45.2382   190.2450   -43.3258   -69.1406   -63.6040
   520.0000     0.0001    59.7485    86.3298    58.7865    47.6660  -102.9080   -87.6020
   520.0000     0.0001    22.8328   248.3530    -7.4002    59.5363   157.6430    92.9401
   520.0000     0.0001    43.4194   135.0150    52.0245   348.7700  -199.7230   179.6850
   520.0000     0.0001    51.5101   137.3730    44.3479   145.6600  -294.7290   265.9810
   520.0000     0.0001    52.3641   184.7780    55.7102   101.6510  -155.9900   142.6540
   520.0000     0.0001   -11.9940   228.5470   -61.1216    12.2440   191.7200     6.8525
   520.0000     0.0001    -8.7589    86.7397    17.1920   235.7210    28.1950   174.9230
   520.0000     0.0001    51.9238   124.6100    -7.6596    49.6064    34.4904   -46.1920
   520.0000     0.0001    20.8898   237.5350   -60.2141    33.6508   202.1340     7.1867
   520.0000     0.0001   102.3350    36.1141    71.3996  -161.0630   -41.8192   -78.0151
   520.0000     0.0001    34.2860   174.4330   -48.7586    71.1400    26.0089   102.0580
   520.0000     0.0001     5.8388    46.6285     1.4481   -15.4529   160.0100  -166.5890
   520.0000     0.0001    16.6367    60.8898    -5.4064    57.3221   182.3610  -173.0350
   520.0000     0.0001   225.8370   303.0780   129.8530   149.5210  -134.0360    48.6910
   520.0000     0.0001    17.8008   237.1440   -43.0482    63.3040   153.0530    49.9771
   520.0000     0.0001    52.6420   233.1790    -0.1067   123.5800   115.7880   113.4670
   520.0000     0.0001    74.6342   145.6870    63.7744    96.4006  -281.1860   151.0080
   520.0000     0.0001   217.7720    31.5309   163.8620   -63.0755  -137.2800   -24.9642
   520.0000     0.0001    -0.1357   146.9800   -55.0836    45.3150   170.2700     2.7979
   520.0000     0.0001    12.2615   227.6060   -44.9065    74.6213   160.9090    40.0833
   520.0000     0.0001    56.2965   179.2900    23.5337    73.4483   -95.7790   151.2910
