#         t          m          x          y          z         vx         vy         vz
   365.0000     0.0001    -1.2798   236.7650    -3.2063   251.2540    49.3060   221.8480
   365.0000     0.0001    -7.2332   259.9850    -2.4977   270.3670     4.9489   190.4170
   365.0000     0.0001   -18.2485   235.4400    -1.4012   219.1090   169.4420   214.9860
   365.0000     0.0001    -2.8878   243.1820    14.5356   221.2630    70.0891   327.7380
   365.0000     0.0001    -3.6005   222.8120     0.9273   108.0160   150.5180   223.1620
   365.0000     0.0001   -23.3934   249.6520    -0.6226   287.6850   112.3420   202.0610
   365.0000     0.0001   -20.9615   238.7770    -2.4661   279.4250   149.1860   226.4680
   365.0000     0.0001   -12.6830   234.5910    -1.4037   181.8810   144.4650   221.4030
   365.0000     0.0001   -25.2248   246.0770    -3.1046   270.7890   157.0140   219.0330
   365.0000     0.0001   -19.7338   281.1150     2.3576   315.9650    79.3166   131.7290
   365.0000     0.0001   -16.2147   220.5730     2.8877   154.0010   151.5860   186.9580
   365.0000     0.0001   -26.7913   249.3250    -2.5934   279.1380   140.3740   212.5770
   365.0000     0.0001    -1.4339   250.3290    -3.4432   219.3390    37.0653   199.9270
   365.0000     0.0001   -23.1789   243.9360     1.0670   282.3300   157.0670   221.2470
   365.0000     0.0001    -3.5654   241.4950    -9.9122   232.1490    -5.7294   191.9210
   365.0000     0.0001    -1.8968   244.9610    -6.4417   203.5480    91.5788   183.2080
   365.0000     0.0001   -27.6178   257.7090    -3.6737   356.6520    95.0639   125.7180
   365.0000     0.0001   -14.7394   263.4930    -2.0241   356.6640    39.5990   116.9350
   365.0000     0.0001   -23.8117   247.8380    -5.5529   253.2070   134.6710   210.0090
   365.0000     0.0001   -25.1927   243.9070    -1.7408   229.7540   150.5310   232.4910
   365.0000     0.0001     4.2615   196.3890    -4.8289    87.9440    46.1251   152.5070
   365.0000     0.0001    -6.2803   256.4030    -5.5651   321.7630    57.6881   208.5320
   365.0000     0.0001    -6.8671   255.5350     0.9326   291.4270   -23.5497   203.1620
   365.0000     0.0001   -23.5573   241.6450    -4.2047   269.8720   149.8780   201.2690
   365.0000     0.0001    -9.2391   233.8350    -9.8754   179.5080    69.2761   227.3680
   365.0000     0.0001   -22.7842   245.8910    -4.2142   289.9730    96.8717   188.2070
   365.0000     0.0001   -14.5594   243.7610   -11.9845   182.5380   103.1480   239.8820
   365.0000     0.0001     2.5484   156.3030   -15.8490   109.1750   -65.7014   102.6530
   365.0000     0.0001   -26.3690   236.8280    -6.9120   246.0020   134.3570   203.4400
   365.0000     0.0001   -24.0276   235.8200    -8.0477   212.1120   132.5830   205.9630
   365.0000     0.0001   -19.5383   231.3530   -16.2639   200.6710    83.9731   189.2510
   365.0000     0.0001   -21.4801   244.0510     1.1429   229.3940   180.4550   245.5640
   365.0000     0.0001     4.2446   160.2640   -13.8743    95.9638   -55.8351   103.0190
   365.0000     0.0001    -4.9277   181.6190    -8.3809   125.4390    12.1890   150.4130
   365.0000     0.0001   -24.1391   245.5410    -3.5120   291.4130   171.1270   214.4980
   365.0000     0.0001    14.2830   210.0820     3.4276    28.3534    96.9161   149.6260
   365.0000     0.0001    -5.9335   172.0600   -11.2205   150.8640   -10.7814   125.8450
   365.0000     0.0001   -18.6631   271.8080    -4.3049   331.5680    70.1154   128.5390
   365.0000     0.0001   -17.4357   235.5720    -1.0619   210.0320   107.7240   239.0140
   365.0000     0.0001   -17.5913   238.4020   -10.8014   242.9870   150.8200   214.9180
   365.0000     0.0001   -24.2054   248.9470     3.9861   297.2640   177.5260   205.7290
   365.0000     0.0001    -0.0897   242.9200    -7.4023   250.1190     2.8270   220.9350
   365.0000     0.0001   -20.0480   235.4850    -2.2836   241.3150   122.9880   233.9220
   365.0000     0.0001    -5.2526   249.3780     7.7552   181.7090    88.8839   231.0270
   365.0000     0.0001   -17.2754   232.4980    -5.3833   193.0280   144.6650   210.3200
   365.0000     0.0001     5.7635   251.3150     6.6701   200.9420   -13.9181   259.4120
   365.0000     0.0001   -31.3197   246.3480     2.6312   285.5390   156.2120   159.7750
   365.0000     0.0001   -27.0065   242.6320    -7.2947   236.9570   148.1340   212.3460
   365.0000     0.0001   -22.7833   240.4270    -2.2962   236.0910   179.1840   218.4950
   365.0000     0.0001   -22.7163   244.9060    -3.6076   297.3300   180.7250   209.5990
   365.0000     0.0001   -24.8823   239.9400    -4.1775   229.9250   156.1080   222.1170
   365.0000     0.0001    -7.6007   258.9090    -4.9565   315.6990    77.5581   157.8220
   365.0000     0.0001   -21.0977   240.9430    -6.5939   212.8550   103.5420   193.6150
   365.0000     0.0001   -14.4428   262.9770    -8.3156   339.1850    23.6339   142.8680
   365.0000     0.0001   -22.6954   251.2080    -2.6763   276.4860   140.0330   195.9590
   365.0000     0.0001    -4.5017   237.3050    -4.5401   155.9690    91.8822   245.4470
   365.0000     0.0001   -22.0885   233.9540    -4.9692   221.3080   137.9750   217.9370
   365.0000     0.0001    -4.8410   241.1000    -8.6623   150.4600    48.1067   226.2030
   365.0000     0.0001   -23.1887   239.7750    -5.7058   296.9920   147.2490   210.4530
   365.0000     0.0001   -18.9728   244.7560   -10.9518   218.5910   116.9060   214.1840
   365.0000     0.0001    -1.9740   250.4260    -1.9646   268.9510    32.5759   193.8470
   365.0000     0.0001   -25.1114   239.2150    -4.0671   230.3410   137.0780   218.8710
   365.0000     0.0001   -34.7368   238.8250    -5.6985   243.6420   157.8940   139.2890
   365.0000     0.0001     7.5110   262.4250     8.5692   261.9920    -9.9171   204.3710
   365.0000     0.0001   -22.6611   238.1520    -3.4799   213.0340   144.3120   227.7550
   365.0000     0.0001   -27.7428   237.9300     1.4999   231.2970   181.1560   179.9170
   365.0000     0.0001  -140.6650   284.3950   -14.9534   117.2010   182.9750    71.1577
   365.0000     0.0001   -23.5326   248.6990     1.5005   258.2070   114.7930   222.7320
   365.0000     0.0001   -26.0563   243.4030    -3.5773   250.5710   153.1520   221.2200
   365.0000     0.0001   -21.9360   245.2020     1.6785   261.4360   169.0320   226.8130
   365.0000     0.0001    17.9388   129.3800   -12.5184   -37.9557   -95.5595    68.4334
   365.0000     0.0001     0.5159   246.8380     4.5490   228.7860    71.7760   247.6830
   365.0000     0.0001   -30.6996   230.7430    -8.2716   208.2890   151.5690   173.4470
   365.0000     0.0001    -4.2219   254.9570     0.9860   266.2880   -28.1552   199.6430
   365.0000     0.0001    -3.8897   250.2540    -8.4697   332.1670   -14.4863   200.3040
   365.0000     0.0001   -24.3057   205.4210    -9.7255   170.7720    90.9121   138.3040
   365.0000     0.0001    -3.5320   260.4970     2.9826   294.0050    14.6961   157.6210
   365.0000     0.0001   -20.8978   263.2470   -11.2654   294.4750    78.6982   150.1610
   365.0000     0.0001     0.3363   237.2620    -0.5280   154.5890   108.6840   239.9970
   365.0000     0.0001     5.2969   199.3760    -6.2966   104.4590    72.1468   160.5220
   365.0000     0.0001   -27.6124   222.2360     0.6207   177.7180   139.9610   165.5600
   365.0000     0.0001   -24.5898   240.7060    -3.4797   267.7930   160.2330   210.9530
   365.0000     0.0001   -10.6444   251.7760     6.9306   300.5530    64.5833   225.1030
   365.0000     0.0001    -9.0140   258.5110    -0.3043   305.8630    49.3825   187.9660
   365.0000     0.0001   -12.7735   264.3930    -8.0254   286.1320    56.7248   161.9840
   365.0000     0.0001   -17.4357   235.5720    -1.0619   210.0320   107.7240   239.0140
   365.0000     0.0001    -3.4999   252.8940    -5.5319   188.7600    42.3455   187.8140
   365.0000     0.0001    -2.9018   241.7970    -3.8053   151.7960    39.3343   224.0390
   365.0000     0.0001   -21.8054   241.9530    -2.9641   273.2380   182.3490   231.8820
   365.0000     0.0001   -22.5197   241.7640   -15.3906   229.1780   110.7160   174.1580
   365.0000     0.0001   -21.6971   234.2220   -11.2428   207.4250   114.5080   219.1780
   365.0000     0.0001   -21.8291   243.1880    -6.5911   268.8910   151.8810   201.0410
   365.0000     0.0001   -24.8106   248.3210    -1.1505   270.3260   143.4100   225.1510
   365.0000     0.0001   -21.6480   241.1850   -12.3969   225.3110   110.5210   181.6960
   365.0000     0.0001   -26.1324   225.2200     4.9280   194.2630   156.2190   165.9200
   365.0000     0.0001   -73.9501   294.1660    -5.8507   214.9320   163.1060    95.3128
   365.0000     0.0001    22.5424   132.0330   -24.4892     8.9881   -99.5924    81.5570
   365.0000     0.0001   -22.6533   244.7940    -1.8339   258.3900   180.8970   227.5770
   365.0000     0.0001   -17.8455   229.9980     7.7400   225.7200   200.7490   191.2450
   365.0000     0.0001   -24.0232   243.9540    -2.7427   310.1170   135.3780   222.9650
   365.0000     0.0001   -11.9572   254.0040     7.5648   283.6560    22.4009   178.4530
   365.0000     0.0001   -16.6398   236.6370    -8.1098   200.6690    77.6734   237.1240
   365.0000     0.0001   -26.1634   250.1510    -1.4801   276.7100   186.8200   171.5540
   365.0000     0.0001     9.3874   115.5030   -20.6476    28.2758  -158.9730    46.0118
   365.0000     0.0001    -2.3411   254.8300    -2.0457   270.3220    61.9279   200.9200
   365.0000     0.0001   -24.0232   243.9540    -2.7427   310.1170   135.3780   222.9650
   365.0000     0.0001    -0.6506   161.8200    -3.8131   102.7920   -46.5279   106.3830
   365.0000     0.0001   -20.3942   265.0500    -7.7096   288.8610    63.8796   162.6130
   365.0000     0.0001    -7.5416   259.6850    -4.5444   272.7100    -8.9504   186.7550
   365.0000     0.0001    -1.9793   255.3690    -1.6851   220.9880    37.2910   201.8490
   365.0000     0.0001   -16.1363   274.3160    -1.7006   333.1630    73.9092   130.6150
   365.0000     0.0001    -9.6269   256.9110     3.1166   326.2260    70.4492   180.8780
   365.0000     0.0001    -5.1517   235.3570    -2.1063   228.7040    34.8246   232.7310
   365.0000     0.0001   -20.9808   237.7660    -4.3483   228.2070   135.1600   200.2030
   365.0000     0.0001    -3.6807   254.1840    -3.6719   283.5080    45.9937   171.7070
   365.0000     0.0001   -15.0246   233.0190   -19.3446   192.6410    99.2964   200.3280
   365.0000     0.0001     4.6849   255.0690     5.2726   257.9830   -24.9723   218.3050
   365.0000     0.0001   -20.6323   245.7180   -11.2065   275.6440   122.9880   226.3950
   365.0000     0.0001   -24.2559   243.1190    -1.3512   257.3870   171.3730   215.4140
   365.0000     0.0001   -15.1133   261.0710    -1.7106   308.8210    11.4615   174.0260
   365.0000     0.0001   -19.0953   230.1430    -9.0492   214.2540   146.9530   201.8800
   365.0000     0.0001    -1.4903   173.9380    -5.8293   120.8570    -8.4800   141.1910
   365.0000     0.0001    -4.4111   234.1270    -4.3727   174.8190    84.9146   230.9250
   365.0000     0.0001    -3.2058   252.7140    -4.7269   183.3990    46.7113   187.8410
   365.0000     0.0001    -4.2202   244.9600    -8.2263   207.9880    59.4111   201.8010
   365.0000     0.0001    -4.2204   255.9340    -4.1346   286.5020    56.4563   180.2310
   365.0000     0.0001    -5.9323   256.4660    -3.4258   278.8820   -20.5207   164.0970
   365.0000     0.0001   -13.6467   215.4950     6.4638   178.6500   164.6550   143.1320
   365.0000     0.0001     6.8289   176.0130   -15.8326   111.0760    -4.9082   128.9730
   365.0000     0.0001   -23.1327   242.7330    -2.3822   224.4100   131.8950   226.2610
   365.0000     0.0001    -4.7269   234.1610   -10.6737   199.2130    47.8569   207.9500
   365.0000     0.0001   -20.8025   243.3780     2.5554   292.0120   168.6220   212.1700
   365.0000     0.0001   -24.8739   245.5750    -3.7596   263.9530   161.6640   217.3900
   365.0000     0.0001   -22.1530   244.0510    -4.5577   303.7440   153.3820   201.3280
   365.0000     0.0001   -24.2500   202.6730    -9.2190   156.3800    74.6807   135.5890
   365.0000     0.0001   -20.7542   239.0990     0.3575   260.5800   130.8170   219.5130
   365.0000     0.0001   -21.9479   266.2440    -3.7811   349.9160    86.7297   142.4450
   365.0000     0.0001   -24.8739   245.5750    -3.7596   263.9530   161.6640   217.3900
   365.0000     0.0001    -2.4620   250.2740    -7.4928   225.3110    59.7806   181.8870
   365.0000     0.0001   -75.8723   260.3650   -21.2723   227.3570   144.7620    89.8455
   365.0000     0.0001   -11.1850   231.7860    -6.3908   177.6480   110.0690   227.4960
   365.0000     0.0001   -22.2206   258.6270    -5.1414   305.4190   139.4960   139.2630
   365.0000     0.0001   -11.0639   258.7140    -6.3031   327.2510    61.4347   136.6320
   365.0000     0.0001   -17.0375   233.8650    -6.8461   215.9450    94.7421   217.2380
   365.0000     0.0001    -0.1468   199.6590    -5.2730    94.0030    61.7690   151.6290
   365.0000     0.0001    -5.7156   208.7280    -5.2110   119.2690    96.3479   194.2540
   365.0000     0.0001    -9.0169   257.3070     0.5857   323.1280    80.9866   160.9650
   365.0000     0.0001   -19.9374   240.4250    -2.7059   192.6780    95.9448   211.9860
   365.0000     0.0001    -2.7731   225.1870     1.3470    98.6668   153.9110   227.2600
   365.0000     0.0001    -3.9986   176.3710   -19.3803   122.3340   -18.0855   136.6820
   365.0000     0.0001    -4.4941   242.8760    -7.5738   181.2990   110.3650   199.3860
   365.0000     0.0001    -4.0038   269.4080     2.2210   311.7680     7.7942   166.5170
   365.0000     0.0001   -26.9340   252.2000    -7.5873   275.4350   171.1850   132.3790
   365.0000     0.0001   -22.1783   248.8160     0.1548   310.1670   116.9410   200.8660
   365.0000     0.0001    -1.2059   256.1860    -4.2532   300.7010   -18.6792   181.4850
   365.0000     0.0001    -0.8452   260.7610    -1.3193   312.9990    -0.1271   192.4650
   365.0000     0.0001   -24.6849   245.0370    -2.2828   280.7140   140.6900   206.9990
   365.0000     0.0001    -7.6645   178.0330    -2.1606   149.5220    22.4309   105.6380
   365.0000     0.0001    -0.3569   250.5240    -3.6060   298.7590   -19.2909   209.9710
   365.0000     0.0001   -22.7900   237.7750    -6.0454   198.6760   132.8700   234.4930
   365.0000     0.0001     6.9667   189.1970     2.6043    66.2890    44.1801   141.4190
   365.0000     0.0001    -4.5068   245.1640     6.2400   282.5310    74.5533   299.3080
   365.0000     0.0001    -2.0582   251.7930    -4.6414   279.4950    75.7400   183.6050
   365.0000     0.0001    12.3989   119.8930    -8.0376     0.1455  -124.2040    66.9277
   365.0000     0.0001    -6.8243   198.9650     6.9757   128.4340    95.1858   156.4220
   365.0000     0.0001    -4.7040   184.5180   -12.3609   119.8090    10.9054   155.3040
   365.0000     0.0001    -9.6269   256.9110     3.1166   326.2260    70.4492   180.8780
   365.0000     0.0001    -5.4988   234.4300     2.8925   212.1470    90.9041   287.0530
   365.0000     0.0001   -18.2291   230.1700    -7.4812   209.8360   147.0270   208.6930
   365.0000     0.0001    -2.2208   249.2290    -5.1665   212.9020    47.2780   198.5620
   365.0000     0.0001   -15.8778   232.5920    -3.1380   196.0370    94.7518   233.7810
   365.0000     0.0001   -16.7279   232.4520    -5.6655   190.2090   118.7950   224.0990
   365.0000     0.0001    -6.1942   258.6910    -3.3642   286.3170    18.3464   191.3370
   365.0000     0.0001   -10.2469   244.3260   -12.5735   170.9660    95.6853   221.0800
   365.0000     0.0001    -5.8879   242.3970    -9.1301   176.1790    92.8880   204.1370
   365.0000     0.0001    -5.6523   243.1950    -9.5242   233.7030    83.6842   189.7280
   365.0000     0.0001   -27.3765   246.0080    -2.8183   237.2440   190.5640   161.0720
   365.0000     0.0001   -22.0709   246.7190    -6.3117   283.3770   149.2930   208.1720
   365.0000     0.0001   -11.8669   263.7690     2.7776   304.5110    87.0846   172.5680
   365.0000     0.0001   -20.7586   257.7410    -3.0361   325.9280   135.1510   156.6210
   365.0000     0.0001    -4.2202   244.9600    -8.2263   207.9880    59.4111   201.8010
   365.0000     0.0001    -7.1325   238.4910    -1.3701   172.2590   108.2790   219.2090
   365.0000     0.0001   -21.8705   257.8250   -15.7801   272.7420   152.4260   137.4540
   365.0000     0.0001    -6.7333   257.6610    -1.5802   287.9610    64.6187   155.1940
   365.0000     0.0001   -11.3704   227.4560     4.6656   135.8220   169.8540   230.3250
   365.0000     0.0001   -15.5697   252.2030     6.3259   315.5630    66.9050   196.3000
   365.0000     0.0001   -12.7532   235.1770     4.9437   249.5670   117.0450   224.3750
   365.0000     0.0001    -4.7445   243.8080     3.5623   285.4720    64.5195   304.7390
   365.0000     0.0001    -2.1832   250.0580    -1.4230   182.2410    34.6398   217.1600
   365.0000     0.0001   -30.8623   254.0150    -4.0399   282.1670   147.5850   133.7610
   365.0000     0.0001   -18.8112   247.6120   -10.7913   211.2980    96.4374   233.5080
   365.0000     0.0001   -14.3439   235.4560    -5.7678   195.7980   178.6110   211.0750
   365.0000     0.0001   -15.7231   251.2830     6.8433   336.4220    82.0610   208.5970
   365.0000     0.0001   -21.4699   242.5430    -3.5507   257.4760   159.4560   217.0330
   365.0000     0.0001   -23.5759   241.9340    -5.4476   225.5170   110.4200   195.0150
   365.0000     0.0001    -6.2902   258.4620    -4.9505   308.8780    84.2475   165.5350
   365.0000     0.0001     2.8647   164.1450   -15.8731   100.9260   -50.5541   110.6240
   365.0000     0.0001   -16.3597   237.2030    -6.8682   164.2320    99.3812   236.8520
   365.0000     0.0001    -5.6523   243.1950    -9.5242   233.7030    83.6842   189.7280
   365.0000     0.0001    -5.9036   259.3510    -4.0814   270.4090    11.9696   192.5900
   365.0000     0.0001    -8.3562   229.2030    -9.8992   196.1810    86.1145   208.5240
   365.0000     0.0001   -19.8095   238.8030    -3.0293   258.6520   186.8700   216.9940
   365.0000     0.0001   -18.1309   233.5370    -5.9121   195.4690   156.0090   224.4350
   365.0000     0.0001   -20.3594   236.0960    -6.6146   227.2780   167.2510   217.8060
   365.0000     0.0001     0.7224   258.8190     2.6858   292.7520   -25.7205   188.3840
   365.0000     0.0001    -6.3170   182.2260   -12.3850   124.2880    10.0702   127.2630
   365.0000     0.0001    -3.1393    80.7910   -25.3267  -133.1830  -133.1440   -10.8530
   365.0000     0.0001    15.7772   220.0710    12.6853     1.4030   106.5420   195.5170
   365.0000     0.0001    -2.7885   250.1730     0.6023   213.8740    65.5939   222.4320
   365.0000     0.0001   -45.8437   267.4230   -11.4442   291.8690   129.9360   115.3540
   365.0000     0.0001     1.7811   246.7520     1.8041   252.7520    55.8929   229.2870
   365.0000     0.0001   -11.4886   232.7300    -3.4148   178.3440   115.7680   245.0910
   365.0000     0.0001    -2.1557   248.9620    -0.0923   200.5350    63.9536   229.5430
   365.0000     0.0001   -19.8573   252.5900     3.2319   323.0490    96.7591   203.2590
   365.0000     0.0001     4.6849   255.0690     5.2726   257.9830   -24.9723   218.3050
   365.0000     0.0001    10.7397   101.1250   -17.0377   -57.3750  -135.6920     8.7827
   365.0000     0.0001   -23.6511   237.0180    -4.8082   220.1740   149.6410   215.0210
   365.0000     0.0001   -15.9829   238.0670    -5.1359   158.4480   122.8090   238.7370
   365.0000     0.0001    -3.0365   252.3040    -5.2290   263.9100    66.6657   200.6540
   365.0000     0.0001    15.2006   129.0770   -11.0295   -54.4150   -93.4000    54.9192
   365.0000     0.0001   -10.9219   206.5300     3.8765   131.6480   110.8370   164.5690
   365.0000     0.0001   -22.2076   244.9550    -2.8321   283.2050   186.6040   213.7210
   365.0000     0.0001   -18.2635   189.3180   -13.1084   156.1710    38.0908   121.0910
   365.0000     0.0001    -1.8588   251.5340    -1.7680   283.3020    61.8604   204.7730
   365.0000     0.0001     3.1393   258.7050    -2.7216   274.2140     0.1640   205.5170
   365.0000     0.0001     3.0524   213.1870     3.9341    80.7449   127.5170   172.8740
   365.0000     0.0001   -11.5640   280.7380     8.8624   316.7180    43.3514   129.3970
   365.0000     0.0001   -21.9884   249.1020     1.4464   316.7170   128.8130   197.1280
   365.0000     0.0001   -10.1150   236.2300     3.2242   250.7030   139.9300   224.6280
   365.0000     0.0001    -3.0235   255.8830    -5.7581   197.1320     2.9923   220.3470
   365.0000     0.0001    -7.3811   254.9560    -8.6260   272.6520    40.0599   196.6580
   365.0000     0.0001   -26.0044   255.9420    -8.6165   284.6020   160.4960   145.9010
   365.0000     0.0001   -21.2080   238.7750    -3.2418   220.0980   187.3790   218.3130
   365.0000     0.0001     3.8952   258.0050    -1.2638   226.7640    -7.9957   204.5960
   365.0000     0.0001    -7.1756   251.2950     5.6078   294.4120    51.4508   190.5480
   365.0000     0.0001   -19.0247   263.9820     1.6636   357.0220    51.8498   110.3820
   365.0000     0.0001   -17.6249   239.0570    -2.2251   170.8810   120.8330   248.9230
   365.0000     0.0001    -3.0235   255.8830    -5.7581   197.1320     2.9923   220.3470
   365.0000     0.0001   -14.8304   236.7620    -4.8531   184.2070   101.7710   252.7550
   365.0000     0.0001    -8.7106   257.7990    -2.3063   342.8260    77.3942   162.5980
   365.0000     0.0001    -2.0163   250.3800    -3.9402   185.5820    43.3802   207.0110
   365.0000     0.0001   -20.5496   236.3510    -5.9748   185.4700   134.4410   220.7650
   365.0000     0.0001   -17.4797   211.8050     0.0486   151.9670   120.2870   173.1480
   365.0000     0.0001   -19.3851   239.2050    -2.8177   232.2630   136.4010   278.1920
   365.0000     0.0001   -23.6304   222.6030    -2.0071   200.0810   154.1000   184.7800
   365.0000     0.0001   -23.8529   245.2030    -5.7690   227.7240   125.6030   202.1920
   365.0000     0.0001    -0.5624   245.3160    -6.4060   243.8570   -13.9880   217.0740
   365.0000     0.0001   -15.6472   233.6530    -4.9673   196.3800   171.5060   218.4470
   365.0000     0.0001    -2.2922   253.6290    -2.7458   272.1130    53.8879   204.3820
   365.0000     0.0001   -22.7451   242.6250    -4.1168   269.7450   177.3730   213.8170
   365.0000     0.0001   -60.2807   264.3310   -11.2097   261.4690   103.6380    91.8951
   365.0000     0.0001    -4.6721   235.7260    -7.1763   198.7350    33.3963   222.9600
   365.0000     0.0001    -2.4761   252.4720    -1.1010   298.5240    50.1401   202.7390
   365.0000     0.0001    -8.0410   245.2880   -12.3012   201.8700    77.4125   188.2590
   365.0000     0.0001   -30.6996   230.7430    -8.2716   208.2890   151.5690   173.4470
   365.0000     0.0001   -21.0237   241.1850     0.9442   285.0150   157.6370   208.3730
   365.0000     0.0001   -23.1322   261.7600   -15.5942   263.2610    92.8081   152.5830
   365.0000     0.0001   -23.4560   237.3150     3.3075   266.1480   191.1900   146.7450
   365.0000     0.0001    -2.0245   232.2980     1.2134   195.7500   142.0040   233.9610
   365.0000     0.0001   -15.6627   220.4950     2.5296   159.2190   157.2260   177.2620
   365.0000     0.0001    -1.8216   248.4620    -4.6809   200.2660    62.5787   204.8790
   365.0000     0.0001   -21.5665   240.7550    -3.9790   250.7020   151.7990   225.1310
   365.0000     0.0001   -25.3758   246.0470    -4.9344   237.5770   164.9520   224.2690
   365.0000     0.0001   -24.0133   245.4080    -5.0366   311.5340    59.8370   221.8610
   365.0000     0.0001   -24.1006   241.9790     1.9056   269.1260   199.0570   186.9170
   365.0000     0.0001   -13.6300   261.1650    -7.8125   301.7770    20.6411   177.7590
   365.0000     0.0001   -19.4973   233.1920    -8.2767   235.6600   103.6870   179.2310
   365.0000     0.0001   -23.9107   241.0400    -2.3212   241.7820   165.4840   220.1510
   365.0000     0.0001    -0.9671   257.1690    -0.3365   246.6680     1.8680   207.6610
   365.0000     0.0001   -19.3172   253.8730     2.7095   339.8610   118.1720   182.6670
   365.0000     0.0001    -4.9893   249.8480     4.0951   260.3210    53.6162   203.7090
   365.0000     0.0001   -22.8864   235.0380    -5.6912   242.0410   154.2390   212.5080
   365.0000     0.0001   -23.6141   257.9570    -2.0827   303.8980   139.4680   135.8300
   365.0000     0.0001    -4.1173   256.6690    -2.6784   242.6890    28.9540   188.9290
   365.0000     0.0001   -71.0839   293.6630   -32.0548   200.1810   176.1310    87.9326
   365.0000     0.0001   -87.3138   266.7190   -23.1926   204.9600   147.6960    95.1089
   365.0000     0.0001    -6.9921   252.5460     5.5724   285.8010    54.5314   217.7110
   365.0000     0.0001   -22.4936   245.1580    -3.5508   232.2690   150.0070   231.6520
   365.0000     0.0001   -29.1867   225.5380    -6.4857   206.4320   143.8300   174.3880
   365.0000     0.0001  -169.8360   269.6390   -34.3400    76.9466   173.4090    63.5755
   365.0000     0.0001   -82.6765   281.2570    -9.6611   211.3300   139.9800    91.1848
   365.0000     0.0001   -23.0842   244.1380     0.6549   286.4820    92.8161   221.0790
   365.0000     0.0001   -18.0067   262.2480    -7.3392   315.0400    93.5168   163.6830
   365.0000     0.0001  -130.3860   292.8930   -20.6322   129.7270   177.0750    75.1304
   365.0000     0.0001    -3.7294   255.5090    -1.1905   274.6540    48.8489   216.4060
   365.0000     0.0001    -8.8256   259.3970    -3.6403   323.4120    44.7080   174.8360
   365.0000     0.0001    -3.7164   253.0560    -4.7516   282.9100    43.1908   198.5800
   365.0000     0.0001   -47.9647   270.6330    -2.0497   289.8880   134.4190   104.8740
   365.0000     0.0001    -2.9525   251.5760    -5.6273   185.3020    37.6150   204.2950
   365.0000     0.0001    -8.6640   235.9070    -5.0785   163.6610    60.0656   233.9740
   365.0000     0.0001    -1.4903   173.9380    -5.8293   120.8570    -8.4800   141.1910
   365.0000     0.0001    -3.9047   256.3320    -4.0251   277.0660    63.4869   192.8620
   365.0000     0.0001   -21.1043   235.1300    -7.8365   251.2280   160.7400   208.7780
   365.0000     0.0001   -17.3397   206.0370    -1.4353   157.2450   100.1790   176.6330
   365.0000     0.0001   -16.4951   232.9230   -12.5474   185.8040   121.4560   221.2090
   365.0000     0.0001   -15.5322   260.3710   -10.7915   311.1800    54.9545   173.5000
   365.0000     0.0001   -24.2108   242.1470    -2.4009   249.6370   131.0030   208.8370
   365.0000     0.0001    -1.6918   250.6920     1.0581   278.1680    40.6537   197.5520
   365.0000     0.0001    -8.7392   256.5760    37.8045  -171.6980    35.5385   133.9690
   365.0000     0.0001   -69.8954   295.1890    -1.8243   222.7310   137.4280    83.6163
   365.0000     0.0001   -22.9611   242.1530    -4.1977   213.4870   178.9100   220.0150
   365.0000     0.0001    -2.8479   253.2740    -1.8792   174.6890    50.0185   206.0940
   365.0000     0.0001   -23.5839   250.3950     1.7901   240.4850   139.3500   192.9650
   365.0000     0.0001   -19.1192   238.6640    -6.0115   213.1390   102.0280   191.0610
   365.0000     0.0001  -216.5590   223.8870   -72.5686     7.8490   169.9980     9.5372
   365.0000     0.0001   -23.8893   236.7700    -8.4426   205.0480   133.0640   211.3420
   365.0000     0.0001    -1.2621   250.0610    -2.6751   151.8300    17.6553   232.8760
   365.0000     0.0001    -4.2718   257.3550     0.2937   314.0650    44.5695   179.3920
   365.0000     0.0001    -1.8467   249.8480     0.8134   208.2370    -8.5182   211.0470
   365.0000     0.0001    -0.2561   257.0640    -1.6859   310.8280    -8.9329   197.5490
   365.0000     0.0001   -56.1464   288.9230    -7.4266   247.2000   113.3530    87.4136
   365.0000     0.0001   -12.2623   244.1940   -12.0412   177.1670   126.5650   223.2960
   365.0000     0.0001   -19.3195   251.5660   -12.5544   313.4860    47.5216   217.9060
   365.0000     0.0001   -19.9623   256.4600     0.8091   301.2480   103.0730   218.7780
   365.0000     0.0001    -7.6555   259.3000     2.9656   297.9320    66.3144   181.8600
   365.0000     0.0001   -16.3919   237.8770    -8.6894   218.7620   166.4660   253.0380
   365.0000     0.0001    -2.4900   256.2180    -1.4587   241.7230    58.9026   194.9140
   365.0000     0.0001   -23.9275   245.4970    -7.7710   224.3040   113.2400   190.0650
   365.0000     0.0001   -15.3139   261.3260    -4.2207   260.9160   123.9240   194.3090
   365.0000     0.0001    -2.3442   247.8390    -6.3776   189.7430    53.3298   203.7990
   365.0000     0.0001    -9.0199   250.8040     6.9416   300.2360    80.0360   249.8810
   365.0000     0.0001   -19.0923   235.5210    -4.8181   228.9190   114.8540   194.9170
   365.0000     0.0001    -6.3183   277.6970    -3.7560   248.3510    17.5472   188.9850
   365.0000     0.0001    -2.7282   251.9170    -3.4612   230.2440    52.8140   212.1330
   365.0000     0.0001    -2.3131   246.2170    -5.3662   165.8270    41.8319   204.5260
   365.0000     0.0001   -13.9285   260.7750    -8.8628   308.5440    51.7292   179.8690
   365.0000     0.0001   -22.1923   248.7020     0.5085   296.6160   115.6650   220.9670
   365.0000     0.0001   -25.0125   249.4180     0.2472   298.3240    99.2534   230.1750
   365.0000     0.0001   -68.9421   279.9670   -17.3599   232.5950   141.4410   103.1150
   365.0000     0.0001   -35.0328   267.2310    -1.0009   326.0260   106.1000   101.8370
   365.0000     0.0001    23.9021   125.7260   -20.7702   -24.5986   -99.7386    73.9154
   365.0000     0.0001    -6.3771   257.9670    -3.1520   281.0600    -9.9251   189.5210
   365.0000     0.0001    -5.6705   240.0960    -5.2108   154.5360    29.8071   222.8300
   365.0000     0.0001    -1.2853   254.3960    -3.2151   239.3690    53.4470   195.5530
   365.0000     0.0001   -20.5737   238.6050    -3.8744   224.3490   110.4580   195.4580
   365.0000     0.0001   -13.2064   234.6080    -6.8521   170.4540    94.2169   249.8340
   365.0000     0.0001   -23.5774   262.8160    -8.0687   306.1590    81.1080   141.4680
   365.0000     0.0001   -11.3080   255.9810   -10.1829   294.7170    99.6649   167.6280
   365.0000     0.0001  -174.2040   232.0850   -48.8127    59.1607   182.4390    41.0620
   365.0000     0.0001   -10.7111   261.0740    -5.6029   309.0400    61.9081   172.3100
   365.0000     0.0001   -11.0747   185.1770   -12.6675   142.8640    19.7482   144.6370
   365.0000     0.0001   -16.9459   208.4390     1.0865   151.0500   112.5470   156.9570
   365.0000     0.0001   -26.1866   243.2300    -2.4604   251.9840   153.8200   219.7540
   365.0000     0.0001     2.5429   185.2530    -6.3067    94.9461    22.0723   129.2520
   365.0000     0.0001    -5.7639   203.4290    -8.4302   114.1120    74.4089   158.4460
   365.0000     0.0001   -21.5964   232.6470    -7.6313   209.8620   142.6750   200.7060
   365.0000     0.0001   -14.3754   208.5120    -8.0554   137.3430    91.2461   172.5100
   365.0000     0.0001   -27.9528   226.4010     1.2288   229.5010   162.8700   149.3620
   365.0000     0.0001   -21.8245   246.4450     2.0188   289.8880   123.1020   201.3880
   365.0000     0.0001   -26.5813   242.1300    -4.4797   240.0410   139.7860   219.7490
   365.0000     0.0001    -3.2638   219.5780     5.1812    90.8414   144.0850   198.0240
   365.0000     0.0001    -2.3756   252.9500    -3.3629   243.7500    40.9917   202.1180
   365.0000     0.0001   -28.6210   246.1110    -4.7578   258.3310   123.0060   208.1380
   365.0000     0.0001   -14.3439   235.4560    -5.7678   195.7980   178.6110   211.0750
   365.0000     0.0001  -162.3410   278.7280   -35.1910    83.0701   176.7150    67.9461
   365.0000     0.0001   -20.5575   253.6510    -0.8005   307.2410   146.4530   225.4380
   365.0000     0.0001    10.6655   179.5720    -6.7702    80.0282     9.2921   129.1010
   365.0000     0.0001    -3.0951   243.6620    -5.4433   196.7430    66.2610   197.0620
   365.0000     0.0001    -4.6967   256.7370    -3.5920   294.6790    12.4375   186.7730
   365.0000     0.0001   -19.3563   221.0200     3.6714   154.9210   145.9620   192.2270
   365.0000     0.0001   -11.6046   263.7790     3.4502   316.9610    30.2687   151.2500
   365.0000     0.0001    -9.7369   257.3880     1.3102   308.3180   120.5390   185.5640
   365.0000     0.0001   -23.9932   247.7540    -4.3330   317.1110   104.6980   198.6630
   365.0000     0.0001   -18.1494   235.1580    -5.0980   200.2290   169.0140   213.3930
   365.0000     0.0001   -23.2432   249.6560    -1.5574   256.4540   136.7060   222.5830
   365.0000     0.0001   -12.2092   258.4040    -3.7593   347.4990    45.2618   160.7680
   365.0000     0.0001   -31.6755   247.0880    -6.7732   276.0700   156.7640   158.3010
   365.0000     0.0001    15.6892   166.9190     6.0658    43.2432   -16.6007    91.3604
   365.0000     0.0001   -26.3040   234.0760    -5.1984   258.7880   167.2420   203.8420
   365.0000     0.0001     1.3905   208.2810     0.9147    99.8804   106.2240   181.2280
   365.0000     0.0001   -17.5821   213.4810     9.1964   182.7070   151.0450   163.1920
   365.0000     0.0001   -34.2378   274.3510    -0.1959   312.2070    93.4898    95.5832
   365.0000     0.0001    -1.2929   253.8650     1.5181   237.6210    -6.5090   202.5520
   365.0000     0.0001   -23.0705   243.5130    -8.4330   219.5390   125.4890   191.8550
   365.0000     0.0001   -19.4610   240.2170    -2.0343   179.9400   124.1520   258.3130
   365.0000     0.0001   -21.7065   239.0800    -4.5495   229.9430   180.8970   210.0560
   365.0000     0.0001    14.2925   134.0100    -9.8080   -12.0407   -95.0148    65.7841
   365.0000     0.0001   -33.2180   248.3550    -7.4559   253.6580   162.2190   139.9660
   365.0000     0.0001    18.9545   164.6080    -4.9990     4.9644   -23.1883   101.5370
   365.0000     0.0001   -16.6424   234.9380    -6.7279   204.3060   178.8530   221.7780
   365.0000     0.0001   -20.9696   234.4670    -8.6514   226.7290   159.6250   211.7840
   365.0000     0.0001   -14.6971   250.2210     7.0363   338.2340    86.6978   200.2000
   365.0000     0.0001   -22.5563   252.0000    -1.0534   313.8940   130.4590   206.8470
   365.0000     0.0001   -22.9759   246.2750    -4.0925   314.8320   130.1960   208.8790
   365.0000     0.0001   -20.7296   241.3750     1.5624   247.2260   145.8470   227.9730
   365.0000     0.0001   -21.8450   238.5450    -3.2945   214.6650   106.8280   219.5650
   365.0000     0.0001   -22.1981   234.7680    -6.5645   199.4450   136.6060   210.2050
   365.0000     0.0001   -26.7259   252.0300    -3.6180   283.3470   176.6700   162.3420
   365.0000     0.0001    -2.7557   244.3700    -5.8505   175.3790    51.0474   198.8950
   365.0000     0.0001     2.9359   244.8210     1.4707   220.9280    -1.6795   255.8030
   365.0000     0.0001   -20.8025   243.3780     2.5554   292.0120   168.6220   212.1700
   365.0000     0.0001    -5.9118   256.1070    -4.0423   291.4890     0.4494   199.9300
   365.0000     0.0001    -0.3749   248.2280    -4.5584   233.6320    21.0090   195.4180
   365.0000     0.0001   -11.2449   213.4840    -3.6780   121.1290   103.8750   202.8250
   365.0000     0.0001     0.8747   269.4340     1.3771   306.0060    28.3943   172.8610
   365.0000     0.0001    -1.9015   247.8820    -2.2180   198.2950    45.2009   199.2870
   365.0000     0.0001   -11.2303   258.0730    -7.6260   298.3680    15.1174   206.0330
   365.0000     0.0001   -14.6840   261.5060    -8.4748   308.5180    69.7330   164.9630
   365.0000     0.0001    -4.2168   234.5770    -2.3646   221.6820    55.1034   259.7240
   365.0000     0.0001   -20.8201   241.8610    -1.7426   195.4170   142.3510   260.0400
   365.0000     0.0001   -15.5644   247.0540   -12.8283   241.4770   119.6060   208.3220
   365.0000     0.0001   -18.2558   260.5860    -4.5968   365.1530    50.6116   117.8450
   365.0000     0.0001   -20.4240   240.8230    -0.1677   301.6030   139.9810   244.6140
   365.0000     0.0001    -6.1800   255.9380     0.6688   318.8950    71.0955   200.3540
   365.0000     0.0001    -9.0169   257.3070     0.5857   323.1280    80.9866   160.9650
   365.0000     0.0001   -20.1990   239.8150    -3.4677   213.4150   155.2440   273.8830
   365.0000     0.0001    -4.2708   193.0010   -14.1824   117.7510    35.8766   151.8010
   365.0000     0.0001    -6.2803   256.4030    -5.5651   321.7630    57.6881   208.5320
   365.0000     0.0001   -15.6381   236.9080    -5.1939   218.7490    70.9229   189.8080
   365.0000     0.0001   -10.7445   230.1340   -11.6025   182.8590   114.3050   210.5420
   365.0000     0.0001    -1.0267   252.7630    -3.5150   222.5710    58.4863   188.0720
   365.0000     0.0001    -3.8933   253.8570    -2.2971   286.8610    33.8749   182.4190
   365.0000     0.0001    -2.9625   257.9550     0.3560   267.0190    -0.7812   196.3110
   365.0000     0.0001    -9.7426   256.7670   -10.3670   313.5450    57.7311   142.1470
   365.0000     0.0001   -19.8266   253.8210     1.1508   297.9730   125.5180   223.7810
   365.0000     0.0001   -15.9104   247.4300   -12.5401   232.9330    71.7391   223.4590
   365.0000     0.0001   -11.1111   261.1770   -10.5485   281.2730    43.3720   152.8180
   365.0000     0.0001   -14.5672   263.6810    -5.8590   355.0280    55.5377   132.9530
   365.0000     0.0001    -2.6624   246.1500    -9.6337   205.2410    -6.1232   193.3220
   365.0000     0.0001   -21.4191   235.0640   -12.2824   218.1610   135.1550   220.9110
   365.0000     0.0001   -23.0346   257.8760    -3.9400   299.9540   156.1870   149.2430
   365.0000     0.0001   -17.4609   259.3900    -0.5419   333.9090   108.5750   168.0710
   365.0000     0.0001   -14.3653   279.7550     3.2778   322.2820    76.6264   140.0670
   365.0000     0.0001    -6.7540   232.6190   -10.7076   193.0920    59.5592   210.1480
   365.0000     0.0001    -8.9465   257.1440    -0.7435   323.7950    43.9058   194.5330
   365.0000     0.0001   -22.5877   250.0210    -3.2087   289.9760   173.8770   196.1950
   365.0000     0.0001    -5.1242   255.3540    -2.7410   304.7020   102.5390   196.1630
   365.0000     0.0001   -46.0583   265.7590   -14.2005   286.1660   114.8320   104.9160
   365.0000     0.0001    -3.6627   254.6200    -3.0755   200.1880    54.0612   189.1240
   365.0000     0.0001  -145.8680   283.3960   -17.5348   105.3860   173.9750    83.0024
   365.0000     0.0001    -5.7951   233.7320     1.1930   188.6710    98.0491   252.6090
   365.0000     0.0001   -19.8266   253.8210     1.1508   297.9730   125.5180   223.7810
   365.0000     0.0001   -12.0653   235.4330    -2.6406   213.5340   157.8980   222.5620
   365.0000     0.0001   -11.8013   245.2090   -12.4786   206.7440    85.6690   205.9910
   365.0000     0.0001     4.2295   185.7020    -7.3159    95.6481    21.1056   138.4630
   365.0000     0.0001    -0.6518   195.0680    -9.6407   103.6320    42.1141   141.6550
   365.0000     0.0001   -20.0267   246.6990    -9.9790   266.1020   127.2490   194.1840
   365.0000     0.0001    -4.7111   262.8570    -2.1822   273.7300    30.1966   173.4750
   365.0000     0.0001  -219.3950   238.8560   -58.8268     2.2459   177.5030    23.3171
   365.0000     0.0001     7.2384   109.5800   -11.5632   -68.4093  -132.8380    27.5758
   365.0000     0.0001   -21.5228   237.1780    -4.1894   260.5630   139.5980   223.9390
   365.0000     0.0001    -5.4761   225.5040     6.9981   116.6050   182.7530   228.5660
   365.0000     0.0001   -24.4484   241.2680    -3.3122   251.0520   127.8350   198.2000
   365.0000     0.0001    -4.6867   254.9170     1.0238   258.3660   -29.5594   201.8990
   365.0000     0.0001    -0.4786   259.1900    -3.6057   242.0500    34.3993   163.9810
   365.0000     0.0001    -9.6757   257.6730    -2.5296   310.0550   128.4790   208.2890
   365.0000     0.0001   -22.4134   246.0270    -3.0082   283.0300   150.5290   219.5810
   365.0000     0.0001    -2.7004   246.6480     1.6106   201.3870    76.0125   223.1760
   365.0000     0.0001    -3.5328   256.4780    -3.8188   241.7990    40.3209   186.0810
   365.0000     0.0001     2.3550   154.5050   -12.9743   100.0160   -72.2628   104.8380
   365.0000     0.0001  -150.9000   284.9170   -19.7161   101.9680   184.8450    66.2797
   365.0000     0.0001    -7.6379   205.3930     0.8077   113.4720    92.2198   162.0080
   365.0000     0.0001    -0.2734   250.3730     1.3971   235.0560    30.4350   208.4290
   365.0000     0.0001    22.5424   132.0330   -24.4892     8.9881   -99.5924    81.5570
   365.0000     0.0001   -33.6137   240.3670    -5.5609   217.9750   161.5760   143.4320
   365.0000     0.0001    -2.5312   245.7100    -4.0897   217.1760    54.3695   195.9190
   365.0000     0.0001    -3.7362   255.0730     0.1465   258.5450   -27.8174   202.1260
   365.0000     0.0001   -19.9374   240.4250    -2.7059   192.6780    95.9448   211.9860
   365.0000     0.0001     1.7082   186.2330    -2.1156   109.3880    38.6343   131.8260
   365.0000     0.0001   -22.2098   242.0740    -1.1272   229.5920   110.6770   226.3800
   365.0000     0.0001   -18.2689   260.7350   -10.2989   299.3910    55.0730   171.3890
   365.0000     0.0001   -27.8247   230.4390    -7.1888   207.1550   151.6160   205.5340
   365.0000     0.0001   -15.1970   205.1480    -4.6383   152.9450    97.0893   161.8590
   365.0000     0.0001    -4.8160   264.4110    -2.3137   340.4840    32.3162   160.7150
   365.0000     0.0001   -22.9688   242.3050    -5.5809   281.5560   173.9790   195.4050
   365.0000     0.0001    -2.1753   252.4070    -4.9421   247.8470    29.5231   177.3330
   365.0000     0.0001   -12.6070   208.0020    -7.4196   129.0870    86.3834   172.3350
   365.0000     0.0001     0.9401   245.8290    -7.2618   284.2790     5.3095   190.2220
   365.0000     0.0001   -29.0851   213.1580    -3.9622   164.3840    96.7854   178.2660
   365.0000     0.0001    -3.7968   255.7060    -0.9244   268.7440    -9.7327   195.1720
   365.0000     0.0001    -1.9065   256.3770     1.1729   257.8890    -7.0829   195.6100
   365.0000     0.0001   -24.5086   249.5090    -0.4116   297.9900   147.9070   208.5150
   365.0000     0.0001    -2.6199   255.9050    -0.2997   254.5800   -10.6660   197.7740
   365.0000     0.0001    -2.7568   232.0290    -3.3147   206.0190    80.7078   240.8420
   365.0000     0.0001   -24.8629   221.8410     1.4264   179.1680   146.3650   165.0970
   365.0000     0.0001   -16.2806   237.8890    -1.0516   160.7190    92.0633   244.5400
   365.0000     0.0001    -7.7139   244.6510   -12.8377   197.8330    85.6443   204.9200
   365.0000     0.0001   -27.6264   237.1870    -1.1056   225.6890   178.7630   143.3550
   365.0000     0.0001   -17.0031   234.7820   -19.4949   183.3200    84.2204   206.3820
   365.0000     0.0001   -19.4770   234.0870   -10.0246   188.1570   113.6500   220.3240
   365.0000     0.0001   -45.5567   269.6870    -7.3583   287.5160   142.5320   120.1900
   365.0000     0.0001   -23.0031   238.8260    -6.1695   245.3700   163.8140   221.2020
   365.0000     0.0001   -13.6212   195.3010    -9.9009   174.8460    71.3618   143.4540
   365.0000     0.0001   -14.9190   203.9770     0.3318   132.4660    88.1325   158.6390
   365.0000     0.0001  -102.7420   263.6460   -12.2092   186.8930   155.4280    82.6002
   365.0000     0.0001    -2.3236   251.7870    -1.7041   297.0840    57.9160   203.3370
   365.0000     0.0001   -19.0279   259.3290    -9.7860   328.6990    89.7433   170.8560
   365.0000     0.0001   -17.4611   234.4060    -4.5594   234.7260   179.6560   201.2810
   365.0000     0.0001    -1.7170   249.8660     9.3581   294.5020    88.0297   259.8030
   365.0000     0.0001   -15.8832   233.2380    -4.5469   188.5270   110.1950   238.9780
   365.0000     0.0001   -21.2554   238.9800    -1.0260   206.2030   145.6300   262.2880
   365.0000     0.0001   -10.5616   197.3380   -13.3667   129.2980    50.4044   164.3080
   365.0000     0.0001    -5.4580   256.3480    -3.0095   309.2270    58.0261   179.0070
   365.0000     0.0001   -19.0841   208.4090    -6.7144   171.0800   102.5260   176.4300
   365.0000     0.0001   -22.7474   246.0790    -3.8671   296.7690   172.4480   224.9420
   365.0000     0.0001   -20.5836   237.6460    -5.1019   244.2500   151.1660   242.8310
   365.0000     0.0001   -26.5079   245.6600    -1.6345   246.6170   191.1690   150.0070
   365.0000     0.0001    -8.3932   258.0980    -5.2308   323.0310    39.5265   176.2000
   365.0000     0.0001    -4.0202   250.8020    -7.7778   254.1200    53.8118   192.5040
   365.0000     0.0001    -4.2246   256.4750    -4.1868   260.0300    55.7815   170.0830
   365.0000     0.0001   -20.7478   240.6750    -2.8480   272.1540   185.6720   228.7020
   365.0000     0.0001   -19.9531   234.0730    -7.2835   185.4450    95.2276   206.1810
   365.0000     0.0001   -18.9428   224.6340    -1.6485   142.0600   143.0380   186.5430
   365.0000     0.0001   -19.4844   259.7010    -9.7243   312.3390   123.9060   150.4450
   365.0000     0.0001   -18.1961   234.6670    -6.8673   213.8280   108.5800   197.5310
   365.0000     0.0001     2.6202   243.9850    -0.0139   205.5580     7.6225   237.0520
   365.0000     0.0001   -30.0236   220.4560    -7.0435   181.2230   129.1630   147.7540
   365.0000     0.0001   -10.9089   235.7930    -2.6855   166.4310   138.2060   219.8020
   365.0000     0.0001   -22.4973   246.8690    -5.2048   282.8480   144.0470   212.9670
   365.0000     0.0001   -21.0100   241.5150     0.7214   257.0200   172.3430   235.7710
   365.0000     0.0001  -179.1130   270.6170   -37.7346    57.2020   187.0170    58.5799
   365.0000     0.0001    -8.1243   237.2230    -7.4813   157.1120    52.6011   224.9500
   365.0000     0.0001   -20.0958   254.4050    -2.1866   292.3720   122.9780   207.8150
   365.0000     0.0001    -1.6502   251.3440    -3.6295   263.0830    48.4232   198.9490
   365.0000     0.0001   -25.6523   251.4360    -6.1857   285.6690   106.6900   199.2780
   365.0000     0.0001    -5.7327   233.0020     1.2867   184.1650   143.1030   242.1840
   365.0000     0.0001   -27.6176   234.6720    -4.9905   193.6620   171.0720   150.3030
   365.0000     0.0001    -1.2646   250.6790    -0.8248   263.8700    40.9966   214.0710
   365.0000     0.0001   -15.3710   215.6710    -5.3273   132.3680   110.7020   188.3560
   365.0000     0.0001   -73.9501   294.1660    -5.8507   214.9320   163.1060    95.3128
   365.0000     0.0001     3.3125   256.2570    -3.5192   257.4950    -5.5502   195.8730
   365.0000     0.0001    -8.7461   241.4970    -9.6223   173.4800    57.7611   222.0530
   365.0000     0.0001   -22.8262   233.4540    -0.0693   183.4420   176.0120   168.8720
   365.0000     0.0001   -25.9511   240.5980    -2.2459   253.5590   148.9180   202.3040
   365.0000     0.0001   -19.9489   240.5310    -0.4336   233.2410   180.1150   235.6710
   365.0000     0.0001   -22.2930   244.4060    -4.3898   202.4760   142.2850   220.8880
   365.0000     0.0001    -8.8828   236.1860    -7.8329   165.5740    53.4913   215.2660
   365.0000     0.0001    -9.1944   202.6530     0.0268   118.2540    82.4415   159.4720
   365.0000     0.0001   -19.8416   236.1590    -5.9632   233.6200   174.3530   219.1030
   365.0000     0.0001   -14.6493   219.8860     5.4349   149.3760   155.7120   193.2520
   365.0000     0.0001   -19.9395   233.4960    -6.8906   205.0070   152.8440   211.3740
   365.0000     0.0001   -23.8529   245.2030    -5.7690   227.7240   125.6030   202.1920
   365.0000     0.0001    -0.1988   260.0760    -2.9383   306.4900     2.5105   165.9130
   365.0000     0.0001    -8.7109   243.5720   -14.0771   195.7160    85.9740   190.5160
   365.0000     0.0001    -3.1085   245.5950    -6.2809   198.9480    27.2370   197.9310
   365.0000     0.0001   -16.3175   236.4070    -3.8163   224.6460   105.9720   206.2450
   365.0000     0.0001    -3.1184   251.6290    -5.8761   265.8440    48.6498   167.8680
   365.0000     0.0001     0.1186   154.7560    -5.4541   118.4820   -55.4451    70.9847
   365.0000     0.0001   -23.1327   242.7330    -2.3822   224.4100   131.8950   226.2610
   365.0000     0.0001   -18.7193   239.4120    -3.6557   192.1170   114.8970   216.6890
   365.0000     0.0001    -1.3296   253.1320     1.8572   232.0000    -6.4017   204.7410
   365.0000     0.0001   -15.4604   230.6180    -5.0526   189.2480   121.8910   220.5080
   365.0000     0.0001     4.7291   136.9590   -12.9363    73.4835  -115.3630    63.1369
