#         t          m          x          y          z         vx         vy         vz
   490.0000     0.0001    12.2050   175.2240   -14.8010    10.9446   131.6570    57.0084
   490.0000     0.0001    38.4594   148.6730    -5.8954    61.8805   178.2920    52.4305
   490.0000     0.0001     4.6893   125.8320   -30.7364     3.7740   269.8720  -119.9370
   490.0000     0.0001    34.3455   149.8160    -2.1008    50.2761   163.5880    78.9148
   490.0000     0.0001   124.4650   -16.4498   164.3750   -46.1698   -95.4680   -53.7866
   490.0000     0.0001   -31.7530   181.4070   -45.0817    62.3479    27.2427    84.3500
   490.0000     0.0001     8.1703   135.4720   -44.2488    10.5429   199.9830  -111.2420
   490.0000     0.0001   107.2830    81.0581   102.1720    -3.2236    74.6230    31.1253
   490.0000     0.0001    26.7048   161.5280    -2.5949    70.2048   204.0740    19.9450
   490.0000     0.0001   102.7720   -22.2197   165.4220   -57.1820   -99.8800   -50.4445
   490.0000     0.0001    15.2467   105.8330   -18.2308     3.8682   208.6890  -225.8510
   490.0000     0.0001    43.1126   166.0920     2.4181    86.2214   162.0170    77.5746
   490.0000     0.0001    15.8018   169.3610   -26.2552     9.2341   145.6480    24.0572
   490.0000     0.0001    31.1323   137.4260   -24.9797    33.3446   158.2790   -40.3339
   490.0000     0.0001    36.8263   171.2950   -13.2419    83.7506   141.3880    42.7642
   490.0000     0.0001    34.3748   146.8350   -12.6787    15.4382   163.8470    45.5581
   490.0000     0.0001    31.6358    81.9278    31.7854    23.7774   142.9300  -198.6350
   490.0000     0.0001    10.8183   144.0230   -46.6783   -56.0855   267.6740  -131.5010
   490.0000     0.0001    18.3431   169.6020   -19.7225    11.8502   138.3770    66.9918
   490.0000     0.0001    59.6432   404.4820    79.2090   181.5660   -28.4251    73.5523
   490.0000     0.0001    32.0901   157.5510    -6.8381    64.5309   191.6610    21.4927
   490.0000     0.0001    37.8609   153.3430    -5.6851    82.1777   175.2240    43.7666
   490.0000     0.0001     4.1901   132.0970   -33.6797    20.7332   262.4910  -111.6340
   490.0000     0.0001   139.9530    46.5647    19.3187    95.4123   -68.1029    34.2772
   490.0000     0.0001    60.3767    23.6685    91.4123  -114.4120   -12.8046  -149.3760
   490.0000     0.0001   255.8380    56.6594   227.4480    34.2253  -141.1190    58.9702
   490.0000     0.0001    37.9005   168.5460   -10.5170    85.3270   147.9180    28.5453
   490.0000     0.0001   178.7730    32.0124   236.2660    -2.1111  -117.7460     2.9591
   490.0000     0.0001    40.5301   167.0970     5.4103    41.0739   134.6300   125.3380
   490.0000     0.0001    13.5425   166.2570     6.6175    28.2623   136.2040   117.1380
   490.0000     0.0001     3.4069   141.0810   -44.7345   -77.1815   227.6960  -110.4480
   490.0000     0.0001   187.9530    29.1512   227.9510    -2.1262  -120.1000     3.7349
   490.0000     0.0001     7.6161   137.3510   -38.2614   -38.1059   210.2880   -70.0550
   490.0000     0.0001    95.0099    26.2891   138.6780   -85.6981   -91.2643  -105.0180
   490.0000     0.0001   115.5280    27.7088   154.1350   -66.5063   -82.9548   -85.7659
   490.0000     0.0001     7.5190   113.0230   -36.6897   -11.5955   216.9240   -82.8271
   490.0000     0.0001     1.8869   135.6400   -25.3757    69.6978   237.3150  -113.1720
   490.0000     0.0001     2.5993   144.0040   -36.8054    21.4530   197.7410  -122.6940
   490.0000     0.0001    -1.1008   138.7690   -35.2818   -49.9739   255.6490   -59.0488
   490.0000     0.0001    -5.1768   143.0780   -36.9369   -52.0811   277.4760  -106.2010
   490.0000     0.0001    62.4357   132.4730    35.5519     0.8863   -62.5787   305.3500
   490.0000     0.0001    31.8350   149.0580    -6.6787    99.5066   148.5850    40.4919
   490.0000     0.0001   -32.0433   186.2760   -39.3246    63.7743    33.7764    75.2520
   490.0000     0.0001    -1.1323   125.0230   -36.9873   -11.7346   242.0780  -115.9470
   490.0000     0.0001   144.9230    22.7988   183.7900   -38.1845  -107.8640   -49.0815
   490.0000     0.0001    -4.3409   182.6890   -22.5035    21.1489   104.6260    88.5882
   490.0000     0.0001     1.7017   149.2370   -31.7376    -2.1661   269.4310   -50.1679
   490.0000     0.0001    77.2490    15.6680   132.7310   -70.6552   -55.4350  -123.5310
   490.0000     0.0001    13.7943   169.2240   -11.6375    59.4472   140.8870    81.9020
   490.0000     0.0001    83.3189    35.9932    59.8503  -122.1230   -48.2722   -35.1923
   490.0000     0.0001    -1.3506   137.1730   -36.1672   -50.7701   234.8980   -48.7415
   490.0000     0.0001   191.0460    47.1147   227.1660     4.7286  -125.6580    -0.8430
   490.0000     0.0001   212.3510    33.4322   215.1770     4.9122  -129.4260    13.3137
   490.0000     0.0001    54.5404    11.5928   100.9510   -86.6911   -61.6487  -160.1530
   490.0000     0.0001     0.7709   170.5130    -4.0419    97.6426   -69.6637   162.4980
   490.0000     0.0001    42.8297   160.1020    -2.4674   117.0380   149.6280    70.7299
   490.0000     0.0001    38.0702   159.3830    -8.5509    60.1201   148.8380    64.4418
   490.0000     0.0001     6.5472   136.8570   -39.9978   -53.7918   234.0120   -72.3748
   490.0000     0.0001   129.6330    15.0523   156.4370   -61.3786   -92.4810   -67.3563
   490.0000     0.0001   145.0050    16.6125   192.6170   -32.3136  -106.4270   -40.3562
   490.0000     0.0001    29.3849   152.0290    -8.0929    54.1867   200.1080    12.6007
   490.0000     0.0001    23.5605   161.4040   -14.0478    49.3936   256.1440   -42.2844
   490.0000     0.0001    15.9410   126.8670   -21.0822     6.1098   257.1860  -175.3350
   490.0000     0.0001    28.8640    65.2431    12.0227  -134.8420   138.0600  -209.1720
   490.0000     0.0001     8.6978   133.8470   -35.5934    -9.1528   276.0280  -105.1150
   490.0000     0.0001    39.5009    68.1718    14.8886  -128.2210   129.8400  -232.9900
   490.0000     0.0001    21.8710   124.9980   -27.2522     4.3300   279.9750  -119.1390
   490.0000     0.0001    23.1000   129.0360   -18.8144    43.7993   282.9910   -89.0194
   490.0000     0.0001    40.6670   152.6240    -8.1289   113.4350   148.1320    49.3007
   490.0000     0.0001    14.4182   115.3110   -35.8304   -34.1411   219.6480  -200.3770
   490.0000     0.0001   184.1270    23.1371   217.2780   -14.4422  -130.8660     6.6264
   490.0000     0.0001    72.2806    32.0185    91.5404  -117.1330   -25.6333  -158.4960
   490.0000     0.0001    10.7546   127.5420   -41.6407   -15.4040   207.3940   -50.3259
   490.0000     0.0001    -1.8981   119.2060   -39.1868   -29.6096   213.2410  -107.2070
   490.0000     0.0001   -20.7033   179.6930     8.8147   116.5610   -39.0087   123.6940
   490.0000     0.0001   204.3660    36.0383   202.6930    -2.7389  -135.1700     7.7898
   490.0000     0.0001     6.3440   141.0080   -36.8326   -55.8123   233.5980   -43.9385
   490.0000     0.0001    -6.0642    79.5956   -31.1262   -74.4986   164.4550  -180.2770
   490.0000     0.0001    14.0234   161.3440   -18.7769    84.7554   139.2700    35.6459
   490.0000     0.0001     6.6405   132.8440   -39.4241   -30.4622   277.7720   -95.3215
   490.0000     0.0001    32.0930    36.7859    76.9036   -95.0998     7.0038  -201.9390
   490.0000     0.0001    26.6572   153.9970    -9.8486    11.4826   210.5160    -8.7860
   490.0000     0.0001     1.5489   143.8730   -45.5020   -69.4267   220.8660  -102.7070
   490.0000     0.0001    48.4578   145.5490    -1.0819   126.0000   193.8970    43.3658
   490.0000     0.0001     4.1813   140.5570   -47.9717   -75.0444   255.1790  -117.5690
   490.0000     0.0001   112.3030    10.4704   162.6860   -64.4700   -93.5564   -68.1167
   490.0000     0.0001    23.0850   120.8590   -28.1548     3.6074   258.8870  -152.6490
   490.0000     0.0001    26.9362   154.0070   -30.8405    42.3245   285.8600   -57.0786
   490.0000     0.0001   191.0460    47.1147   227.1660     4.7286  -125.6580    -0.8430
   490.0000     0.0001    -2.3769   139.7510   -39.5913   -47.6915   266.8680   -95.9533
   490.0000     0.0001    20.5921   165.5940    13.7867    21.0223   138.8210   133.7590
   490.0000     0.0001    37.8059   158.0300     1.4663   143.6920   131.3650    92.6259
   490.0000     0.0001    29.3199   150.5640   -15.2482    55.0241   209.3820   -25.8434
   490.0000     0.0001    -4.5890   208.2350   -40.0266    77.5032    13.5106    92.1130
   490.0000     0.0001    19.4842   121.1130   -18.9790   -51.3989   249.6560   -43.6440
   490.0000     0.0001    19.1280   135.9350    -6.1868    99.4286   142.0670    17.5136
   490.0000     0.0001    11.3310    70.0655     9.8079  -118.9870   152.4330  -196.8050
   490.0000     0.0001    71.9290    32.8544    90.8157  -119.0200   -25.6602  -159.0050
   490.0000     0.0001     7.4467   105.9390   -21.3278   -89.9897   215.1660  -176.6150
   490.0000     0.0001    -0.0268   158.4950   -50.5880    62.6626   125.7510     1.4979
   490.0000     0.0001    45.8613    44.0136    87.6101   -97.9530    -5.0326  -203.3100
   490.0000     0.0001     9.0927    38.4617    55.2318   -29.7704    34.2887  -225.9020
   490.0000     0.0001    -0.4688   147.8090   -30.6939   -16.4614   218.0820   -68.1633
   490.0000     0.0001    27.0061    12.6884    91.5343    37.8110   -73.5428    57.0496
   490.0000     0.0001    -0.2676   157.8690   -28.3766     4.9056   134.9450    46.2247
   490.0000     0.0001    11.0369   157.3720   -10.4400     0.7573   126.0390    74.1062
   490.0000     0.0001   129.2270     4.1285   165.2460   -49.0223   -89.8776   -59.5749
   490.0000     0.0001    -0.5691    71.3611   -35.6176  -108.0380   141.4970  -168.4520
   490.0000     0.0001    39.1693   141.3900   -54.8021     3.4163    69.9830  -112.8450
   490.0000     0.0001    95.7248    23.3597   129.1130   -86.3030   -59.2396  -111.0980
   490.0000     0.0001   -72.5509   149.9610   -43.9023    63.6374     1.9710    81.4077
   490.0000     0.0001     0.9155   146.0840   -34.7808   -12.7262   275.8350   -73.3808
   490.0000     0.0001    12.0839   201.7760   -13.5271    85.7759   -46.5674   122.5150
   490.0000     0.0001   -18.1454   117.8170    19.9957  -219.1620    26.4022   -56.7154
   490.0000     0.0001    20.3821   175.6640   -15.0230    23.1379   133.8470    49.0930
   490.0000     0.0001    94.8173    34.9819   120.6950    54.4445   -24.3961    89.5852
   490.0000     0.0001   142.9620    -4.8149   173.8770   -40.2194   -98.7736   -41.2304
   490.0000     0.0001    28.4736   151.0700   -15.3950    51.0987   193.8030   -37.9963
   490.0000     0.0001    -1.8142   141.5900   -32.5128   -28.1359   270.4430   -78.8822
   490.0000     0.0001    15.6723   115.4450   -28.1664     7.7740   255.6930  -112.9510
   490.0000     0.0001    -9.0409   124.0910   -84.6336    45.1007    -2.7767    94.9541
   490.0000     0.0001    41.8329    59.6963    58.3035   -99.6804    53.7658  -255.7430
   490.0000     0.0001    24.0817   186.5200    -4.0127    55.4322   117.7460   116.8370
   490.0000     0.0001     1.5954   140.5910   -44.9034   -85.5635   238.8580  -111.1060
   490.0000     0.0001   154.6160   350.7410   105.8440   180.8350   -86.6026    62.8275
   490.0000     0.0001    -0.5448   142.2540   -27.7637    12.1500   260.2680   -70.1786
   490.0000     0.0001   273.1460   136.7640   136.1150    74.9932  -158.6140    36.9233
   490.0000     0.0001   137.6890    19.7952   178.5240   -46.3243  -103.6270   -51.2360
   490.0000     0.0001     2.0492   115.7860   -24.6996   -65.1272   232.3690  -140.8410
   490.0000     0.0001    15.3703   199.6930    -7.8385    74.1129    99.6272   105.6960
   490.0000     0.0001   144.2270    14.7271   162.8020   -40.7325   -96.0129   -62.9205
   490.0000     0.0001    23.4524   146.8090    -9.4901   -19.6634   165.6600    24.9814
   490.0000     0.0001    15.7919   116.4340   -49.7036   -21.1822   170.5930  -214.2020
   490.0000     0.0001   185.2050     8.8421   227.5870     1.7315  -123.0570     2.4730
   490.0000     0.0001   -26.1965   149.3480   -46.4443    78.4049   -20.2106   132.5370
   490.0000     0.0001   129.7460     4.0744   208.4800   -18.1660  -107.0620   -38.4644
   490.0000     0.0001    -5.3216    81.8167   -45.1825  -116.1680   134.0850  -165.2730
   490.0000     0.0001   110.0510    14.3857   186.0270   -30.0280   -89.4623   -69.5234
   490.0000     0.0001     2.2674    95.9483   -35.1767   -13.1167   186.6110  -199.3830
   490.0000     0.0001    98.2324    -6.3439   132.6710   -77.9442   -78.0455   -84.6118
   490.0000     0.0001     1.2287   122.5100   -45.2937   -96.7485   227.6220  -151.2780
   490.0000     0.0001     8.4613   113.3900   -31.4020   -23.2172   221.7320  -101.1370
   490.0000     0.0001    12.6071   149.8700   -41.1337   -29.2415   276.6930   -69.6395
   490.0000     0.0001   247.2410    40.5538   187.4170    19.9841  -149.5610    41.8806
   490.0000     0.0001    -2.0412   143.6460   -31.5751   -54.8339   219.5760   -31.7729
   490.0000     0.0001    19.9998   123.3750   -24.9689     4.9945   284.2130   -96.6850
   490.0000     0.0001    34.3027   150.0340   -26.7000    20.4069   224.0190   -30.7696
   490.0000     0.0001    40.2377   167.8620    -1.0380    93.9129   158.8720    66.7938
   490.0000     0.0001    -1.8486   144.7510   -37.5281   -18.2194   270.6760   -90.8979
   490.0000     0.0001     1.0763   111.9790   -37.4490   -35.6104   190.9810  -115.4990
   490.0000     0.0001    32.0550   164.6690    -7.6855    60.6760   146.1230    47.2468
   490.0000     0.0001    38.5315    42.2203    72.8008  -110.2940    33.5175  -197.1680
   490.0000     0.0001    -3.6258   125.5920   -38.3739   -34.0175   217.7480  -105.2080
   490.0000     0.0001   -13.3197   198.5490    -8.7004    19.8794    49.0625    97.4616
   490.0000     0.0001   141.3980    63.5430    84.3077    10.8389    18.3818    44.8416
   490.0000     0.0001    -5.1434   127.8600   -38.2773   -44.7605   247.1000  -126.0730
   490.0000     0.0001    39.4544    72.1609    38.3225  -154.4130    43.4769  -141.8400
   490.0000     0.0001    25.4864    38.6501    70.9332   -76.0323     9.5310  -218.9530
   490.0000     0.0001   235.5770    31.7431   159.8320    -1.5491  -155.2860    20.1433
   490.0000     0.0001    11.2519   184.1900   -29.4488    24.3082   122.9750    37.7263
   490.0000     0.0001    38.2648   154.8870    -9.7054    83.8986   153.2590    35.4680
   490.0000     0.0001    -6.1290   140.0850   -39.8774   -36.2782   256.3000  -109.4560
   490.0000     0.0001   125.2470    15.0905   149.7340   -64.5194   -97.7124   -74.8663
   490.0000     0.0001     4.0549   173.0940    -6.8902    28.4255   124.8700   107.4730
   490.0000     0.0001    24.0817   186.5200    -4.0127    55.4322   117.7460   116.8370
   490.0000     0.0001    38.7908   167.9670    -0.0427    78.3835   138.7790    86.1960
   490.0000     0.0001   -73.2636   125.3070   -42.5125    69.2291   -10.4187    93.6363
   490.0000     0.0001   -38.3574   105.5020   -70.3435    53.5125    -7.4021    89.3437
   490.0000     0.0001    29.9737   145.0480   -16.5640     8.5334   200.1950   -26.7507
   490.0000     0.0001     9.9107   115.3670   -30.5657   -36.9020   252.6790  -136.2280
   490.0000     0.0001    24.3632    35.8751    77.5656   -48.3969    22.8819  -208.6200
   490.0000     0.0001    -3.2814   116.6310   -38.4619   -47.5834   211.1650  -120.9310
   490.0000     0.0001    26.1929   155.3260    -7.8753    89.2036   128.7660    57.2592
   490.0000     0.0001   157.5130    56.9046   195.4150   -23.7649  -131.1640   -37.7107
   490.0000     0.0001    12.9750   121.5570   -38.7985   -18.3979   257.7720  -128.9830
   490.0000     0.0001   175.4030    24.9747   225.3180   -11.8427  -140.5790    15.6324
   490.0000     0.0001    -8.9793   189.8270   -12.0941    60.5853   -10.7402   129.7090
   490.0000     0.0001   142.7440    59.5178     2.9518    79.7485   -47.5544    27.7327
   490.0000     0.0001    14.2174   191.9470    -1.4757    34.5456    94.1168   110.0560
   490.0000     0.0001    26.5663   186.8960     3.9468    41.3211    98.8387   114.6070
   490.0000     0.0001   234.4860    26.4755   143.8320     4.3459  -160.7490    20.6669
   490.0000     0.0001    -4.2651   138.9920   -37.3880   -27.9926   232.3370   -74.4382
   490.0000     0.0001   136.1110    30.4002   174.4280   -52.3864  -110.0870   -56.3208
   490.0000     0.0001    14.9121   177.7130   -20.8236    54.6337   129.9940    70.9275
   490.0000     0.0001   209.1970    25.9994   196.0680    -5.1098  -137.3680    13.9770
   490.0000     0.0001    56.0448    26.7692    81.3830  -114.0280     9.1422  -158.9590
   490.0000     0.0001    37.5788   152.8870    -6.5250    56.7273   188.3430    41.8638
   490.0000     0.0001     9.1931   149.7670   -45.2706   -14.3802   225.8660  -112.6100
   490.0000     0.0001   269.8170   101.0360   144.0250    35.3052  -158.2250    34.5971
   490.0000     0.0001    31.7186   149.0300   -18.2919    83.0964   206.0270   -58.5942
   490.0000     0.0001    12.3770   158.2980   -10.1936    15.0487   137.4140    95.4381
   490.0000     0.0001   -51.6168    49.2108    -9.9323   -40.3023   -62.0921    -4.8669
   490.0000     0.0001   169.7150     6.5897   213.1680   -12.3393  -115.1410   -10.0275
   490.0000     0.0001    23.3456   157.8260   -25.5489    38.1439   150.3610   -29.0073
   490.0000     0.0001   137.6890    19.7952   178.5240   -46.3243  -103.6270   -51.2360
   490.0000     0.0001    -5.7667   131.4810   -33.2159   -12.8967   252.8330  -107.7250
   490.0000     0.0001    15.2467   105.8330   -18.2308     3.8682   208.6890  -225.8510
   490.0000     0.0001    -2.1730   138.2320   -44.2061   -61.8499   211.1740   -97.0042
   490.0000     0.0001   -19.3675   184.0410   -30.5952    38.7314    95.2569    71.5033
   490.0000     0.0001    16.4728   149.2260   -41.1037    -1.3103   287.7350  -128.5140
   490.0000     0.0001    11.6148   133.6160   -39.1709   -50.5400   228.7050   -71.9194
   490.0000     0.0001    14.9957   149.5060   -40.0488   -53.4082   239.5220   -98.6024
   490.0000     0.0001    -0.0042   142.0360   -40.3569   -49.8417   212.7330   -69.7652
   490.0000     0.0001    22.5424   165.2980     1.3599    90.1018   130.7370    56.5688
   490.0000     0.0001   210.8110    45.7957   160.3370   -29.7357  -145.4230     1.5230
   490.0000     0.0001    27.2597   187.4770   -28.8812    31.7250   124.8130    80.0364
   490.0000     0.0001    -3.1903   186.4840   -49.1662     9.8416    15.9475    65.6382
   490.0000     0.0001    27.3490   150.9280   -13.1516    51.3038   212.1120   -15.9733
   490.0000     0.0001    -3.9464    47.1847    -0.6710   -91.6645    85.6437  -209.6370
   490.0000     0.0001   147.0700    17.1879   187.2120   -39.6786  -111.2420   -37.0340
   490.0000     0.0001    34.8402   168.7630    -2.7847    89.7155   129.5870    84.6667
   490.0000     0.0001    24.4761   155.6240     0.2843    91.0322   227.1780    35.5908
   490.0000     0.0001    -0.0781   147.5910   -33.1086   -30.1086   270.7230   -57.4380
   490.0000     0.0001   170.6490    57.2647   211.0450   -15.8345  -123.7110   -18.3294
   490.0000     0.0001    23.2779   197.2670   -18.6480    88.0898   100.0520    87.3275
   490.0000     0.0001    15.9513   115.9160   -31.7620     1.3261   175.7220  -212.1250
   490.0000     0.0001    -9.3852   184.1290   -52.2829    25.6006    20.1849    65.3489
   490.0000     0.0001    -2.5610   148.2170   -37.7314   -14.7487   263.0300   -97.5765
   490.0000     0.0001    17.2601    89.9521   -29.2668  -121.7790   157.5500  -169.5360
   490.0000     0.0001     2.8243    81.9396   -38.8290  -127.1740   149.1230  -153.1490
   490.0000     0.0001     8.1353   174.1060   -13.8812    18.9449   123.6510    88.0190
   490.0000     0.0001   220.8830    13.9795   126.7430   -22.1749  -154.5970     7.1406
   490.0000     0.0001    28.7227   135.8080   -12.5758    87.4219   177.9910    -4.7453
   490.0000     0.0001    27.6767   134.6600   -16.8544    70.5023   147.1130   -28.7802
   490.0000     0.0001    33.5942    46.1674    53.9414  -114.2440    74.3157  -202.3930
   490.0000     0.0001   105.2570    19.4356   130.9540   -80.4007   -74.2025  -104.6160
   490.0000     0.0001    43.1084   160.5830   -31.5013    83.5640   158.8400   -40.5636
   490.0000     0.0001   250.1040    41.5020   140.1870    26.1472  -159.4400    22.8324
   490.0000     0.0001    19.8249   109.8720   -19.6546    29.4511   239.8290  -165.5200
   490.0000     0.0001   246.5740   242.9370   118.6990   121.4090  -148.4260    53.2449
   490.0000     0.0001    16.0040   120.6910   -27.3427    11.5207   266.6570   -84.7381
   490.0000     0.0001    38.2781    45.8240    40.1919  -138.4020    72.6501  -198.5120
   490.0000     0.0001   149.5450    71.8132    -0.6999    73.6696   -29.0582    34.4054
   490.0000     0.0001   -23.1355   168.5110   -29.1976    88.9256   -23.7577   131.6430
   490.0000     0.0001    59.2308    -8.7939   139.8090   -63.9508  -107.4600  -105.9250
   490.0000     0.0001     5.1332   130.7590   -30.4239   -50.5418   257.8130   -77.1749
   490.0000     0.0001    78.3600    31.7007    87.3911   -41.4158    -8.3977  -192.1220
   490.0000     0.0001    13.1431    42.7992    12.7658   -70.4903    73.5940  -232.5310
   490.0000     0.0001    10.9964   115.2000   -28.5298    18.5803   248.9160  -154.7290
   490.0000     0.0001    -0.8953   154.5790   -30.1010   -20.3331   242.1820   -67.3573
   490.0000     0.0001   284.4520    44.0468   158.0330    46.8519  -152.0900    33.8420
   490.0000     0.0001    -2.6591   133.9390   -36.6722   -29.2613   233.3850   -82.4166
   490.0000     0.0001    68.6970   140.0180    72.0488   -63.9319  -167.4230   -75.4464
   490.0000     0.0001    21.8170   182.4170    -0.3673    68.4341   118.6700   100.1860
   490.0000     0.0001     1.5232   186.3990   -16.0417    20.1261   100.2990   100.3150
   490.0000     0.0001    13.6645   124.4360   -27.9073   -51.1871   252.7990   -80.8879
   490.0000     0.0001    38.5632   160.7030    -8.9950   100.6540   156.0070    40.5318
   490.0000     0.0001    17.4714   138.8890   -40.2344   -37.2251   276.3090  -136.6570
   490.0000     0.0001   -52.0981   120.5580   -50.1453    76.6095   -20.5504   111.7850
   490.0000     0.0001   190.3800    16.1630   239.5990     8.5774  -124.4480    10.7193
   490.0000     0.0001    17.1860    41.5303    62.8820   -64.0219    44.6724  -216.6820
   490.0000     0.0001    -5.5862   137.9000   -52.4858   -76.8230   236.2730  -165.5350
   490.0000     0.0001    80.6096    84.9287   106.8670    16.6455   138.7900    -0.3306
   490.0000     0.0001   188.6730    25.6249   245.0850     5.2982  -121.1370    14.9016
   490.0000     0.0001    92.0260    27.3614   116.7010    49.3232   -37.5104    78.5895
   490.0000     0.0001     1.0874    85.1825   -29.5814   -72.8389   143.0730  -209.3800
   490.0000     0.0001    52.3052    29.7337    97.4279  -107.8340   -15.3786  -159.4680
   490.0000     0.0001   136.5340    17.6986   212.2770   -22.0868  -104.8260   -33.2698
   490.0000     0.0001   151.8460    15.1809   185.6710   -31.4418  -109.8980   -41.4073
   490.0000     0.0001   -54.6900   141.2920   -52.5815    55.5997    -4.1109    96.5707
   490.0000     0.0001     2.9972   178.0900    33.1644   140.1030  -109.4080   123.9520
   490.0000     0.0001    -3.3641   131.9310   -36.7890   -23.5211   242.1080   -89.9856
   490.0000     0.0001    22.7580    99.1009   -25.5330  -119.1980   176.8770  -162.1520
   490.0000     0.0001    57.1494   105.9050    97.5807    56.7547   181.8490   -79.1725
   490.0000     0.0001    -1.8922   103.3300   -31.7115   -81.0730   195.3360  -192.1460
   490.0000     0.0001    11.3832   124.4620   -25.1945   -11.8953   263.4020   -87.9464
   490.0000     0.0001    -3.0895   129.5580   -42.5560   -45.3936   237.5810  -195.1320
   490.0000     0.0001    31.1988   157.3080    -5.9935    34.9015   165.6460    48.0570
   490.0000     0.0001    91.5605    81.0549   109.5750    31.2211   127.0680   -17.2544
   490.0000     0.0001    19.7929   128.3510   -24.0247   -18.2124   282.7280   -88.9390
   490.0000     0.0001   104.8230    98.6560   100.5670   -32.1668    59.5961    -8.9022
   490.0000     0.0001   218.2880   270.9190   111.1140   152.8050  -135.6610    42.0673
   490.0000     0.0001   102.7770    66.2723   123.5140    47.5025    86.9686    24.1005
   490.0000     0.0001   -16.3933   198.4580     8.0727    35.7487    36.6684    89.6914
   490.0000     0.0001     3.3052   187.8760     0.6649    62.7165   117.0310    94.3420
   490.0000     0.0001    21.4042   145.7910    -8.0569    46.3635   116.8860    66.0175
   490.0000     0.0001    42.8198    35.6066    91.0257   -95.3853    -6.9734  -186.7200
   490.0000     0.0001   -26.0458   180.9920   -47.1959    -6.0813    41.7971    48.7437
   490.0000     0.0001    37.7232   153.3410    -5.5599    74.8463   160.9180    61.6303
   490.0000     0.0001   170.8660    54.0220   208.7040   -15.9608  -122.8430   -20.3488
   490.0000     0.0001     1.8381    65.2400     6.1836   -67.7396   125.9640  -228.2150
   490.0000     0.0001    29.4794   152.9810   -17.3339    34.7094   228.4310    -5.8560
   490.0000     0.0001     3.0265   119.5360   -31.7096   -35.2355   249.9900   -99.7310
   490.0000     0.0001     3.0126    89.5804   -15.4114   -65.3296   194.1750  -198.2020
   490.0000     0.0001    15.2016   130.3020   -32.7744   -23.0800   275.5210  -163.4390
   490.0000     0.0001   -13.0402   106.2390   -21.2027   -51.6573   214.4980  -143.0590
   490.0000     0.0001   218.3000    42.7303   219.2790    11.0555  -141.2090    26.1937
   490.0000     0.0001    -3.1311   104.5000   -25.4716   -35.1982   205.0640   -95.8111
   490.0000     0.0001     8.9646    99.0514    -2.2508   -19.6722   210.6180  -228.5810
   490.0000     0.0001   131.8480    22.6210   134.9910   -90.2111  -127.0190   -63.0313
   490.0000     0.0001     4.4421   133.9430   -30.1041    -3.0591   277.7380  -121.3700
   490.0000     0.0001    -0.0537   174.9730   -69.6143    54.1410     0.9127    73.3309
   490.0000     0.0001    35.4730    14.2677    86.6469  -105.0860    13.3088  -135.6800
   490.0000     0.0001    46.3244   157.7710     9.7465   138.2750   123.0300   125.9120
   490.0000     0.0001   129.0300    39.5843   123.4570   -74.1821   -90.3243  -111.3320
   490.0000     0.0001    -2.5936   131.4640   -42.3224   -72.2809   254.0330  -119.7530
   490.0000     0.0001   -20.9196   165.1200   -69.1655    -2.8120    45.7595    18.3971
   490.0000     0.0001    63.9551    38.9733   101.5590   -72.7731   -21.0565  -189.5490
   490.0000     0.0001    86.4774    36.6999    70.9313   -91.8663   -22.5325  -196.6340
   490.0000     0.0001   204.3660    36.0383   202.6930    -2.7389  -135.1700     7.7898
   490.0000     0.0001    15.2764   132.8970   -11.0586    50.4971   173.2120   -30.1297
   490.0000     0.0001    -5.9744   135.6330   -39.9723   -41.4903   255.3500  -118.8990
   490.0000     0.0001     1.7017   149.2370   -31.7376    -2.1661   269.4310   -50.1679
   490.0000     0.0001    26.1432   127.3060   -41.0252    56.9412   256.5870  -147.2230
   490.0000     0.0001    18.1288   194.5700   -36.4042    23.5790    86.7719    60.0828
   490.0000     0.0001     2.9568   124.9230   -48.3941   -32.0973   225.5910  -130.7610
   490.0000     0.0001    50.4348    45.5342    23.5934  -124.0520    62.6854  -216.3670
   490.0000     0.0001    67.0643     8.6150   112.4560   -72.7227   -38.7169  -139.5320
   490.0000     0.0001    28.6607   144.2940   -11.4326     6.0278   178.4870    16.2993
   490.0000     0.0001    -6.0642    79.5956   -31.1262   -74.4986   164.4550  -180.2770
   490.0000     0.0001     7.8098    -0.6321    68.5162    21.3097   -87.2790    41.3378
   490.0000     0.0001    27.0407   171.6600    -5.5331    29.6885   139.9850    63.9965
   490.0000     0.0001    29.9957   151.4630   -11.4380    35.0049   224.7470    16.7794
   490.0000     0.0001    44.1588   138.7160    72.6894   153.3410   110.6900  -236.0530
   490.0000     0.0001    30.3030   101.4410     3.2702    16.7369   245.7300  -248.3980
   490.0000     0.0001     2.5741   141.4090   -36.3733   -26.6297   214.6520   -57.7655
   490.0000     0.0001    25.4722   155.8750   -19.9186    54.8900   140.7920   -20.3273
   490.0000     0.0001    46.0226    69.2994    30.7511   -67.2671   110.1120  -287.8420
   490.0000     0.0001    39.7391   139.6650   -10.0472   -38.3438  -157.5730   -83.9507
   490.0000     0.0001   -10.1057   115.4660   -39.1974   -51.9570   204.2880  -200.9230
   490.0000     0.0001    18.5826   146.5280    -7.7177    76.6230   222.1870   -48.2424
   490.0000     0.0001    43.3618   158.8280    -5.1071    73.2997   150.6930    80.4050
   490.0000     0.0001    96.5044    25.7316   157.2670   -69.4313   -87.3113   -92.1036
   490.0000     0.0001    39.0871   142.9980   -10.1041    44.9513   181.6510    44.6179
   490.0000     0.0001    34.4147    70.6236    21.1449  -145.4980   141.4540  -227.3120
   490.0000     0.0001     0.9760   135.5770   -34.8833   -53.8575   244.0030   -53.6449
   490.0000     0.0001   133.7720    72.0663    93.3218    57.7313    43.0143    82.1216
   490.0000     0.0001    15.8321   128.6640   -36.7635    57.8650   243.6850   -86.7362
   490.0000     0.0001    15.1078   133.7930    -9.9676    29.5857   209.5700    -0.3408
   490.0000     0.0001   103.4150    60.8679   106.8170    37.9240    96.3857    46.3637
   490.0000     0.0001     0.6539   122.1140   -32.5951   -43.2910   237.4480  -108.5450
   490.0000     0.0001    73.1159    82.4762    90.3762    19.7377   177.0370   -21.6567
   490.0000     0.0001    21.9195   149.8070    -7.6073    65.5568   255.0950    40.9769
   490.0000     0.0001   115.8350    51.7606   190.2430   -34.2330  -106.5570   -67.6156
   490.0000     0.0001    -4.6568   118.8370   -37.7591   -43.7767   233.6250  -153.2390
   490.0000     0.0001     1.5232   186.3990   -16.0417    20.1261   100.2990   100.3150
   490.0000     0.0001    28.2185   137.7200   -15.9696    19.1822   165.1060    -0.6961
   490.0000     0.0001    98.4727    27.3748    94.9922   -77.2397   -43.7259  -161.3660
   490.0000     0.0001    -1.7606   141.6740   -31.9283   -14.9152   239.7390   -58.8942
   490.0000     0.0001     8.4825   135.4620   -37.3122   -59.0097   248.8640   -70.4552
   490.0000     0.0001    22.2474   157.3980    -9.0007    36.5652   207.2130    -8.4397
   490.0000     0.0001     5.7143   131.4430   -27.6083   -15.0424   277.7300  -109.8050
   490.0000     0.0001     2.8668   145.0230   -45.7144   -65.3018   235.9170  -115.9720
   490.0000     0.0001   205.9300   281.4550   117.6380   152.1550  -135.8630    55.3085
   490.0000     0.0001   -70.4545   140.4070   -37.2341    77.5293   -11.2194    91.7169
   490.0000     0.0001    -2.2857   131.1070   -40.6638   -53.3497   212.7310   -72.1027
   490.0000     0.0001    17.4873   173.7340   -27.6055    32.1311   145.3260    27.5781
   490.0000     0.0001    56.0448    26.7692    81.3830  -114.0280     9.1422  -158.9590
   490.0000     0.0001   -70.4545   140.4070   -37.2341    77.5293   -11.2194    91.7169
   490.0000     0.0001     9.3532   118.9710   -33.7617     9.8176   236.0320   -79.5825
   490.0000     0.0001    31.3402   147.6200   -13.0756    25.9722   175.7340    14.8773
   490.0000     0.0001    33.3729   140.4190   -15.3584    71.2580   133.9650     4.8792
   490.0000     0.0001     6.8752   191.5600    -8.3908    75.3731   -36.6489   146.8010
   490.0000     0.0001     2.3553   136.5970   -30.7599    12.9054   186.6500   -46.1582
   490.0000     0.0001     0.5720   131.8340   -33.6731   -51.7054   228.0190   -67.4772
   490.0000     0.0001     1.4334   127.0600   -45.3129   -38.9162   208.9200   -98.1504
   490.0000     0.0001   114.8880    13.6227   147.8400   -81.3272  -126.4610   -67.8332
   490.0000     0.0001   103.9930    36.9558   154.8540   -65.4908   -82.4675  -102.2350
   490.0000     0.0001     0.9721   128.7980   -35.4927   -51.2774   221.4710   -79.2195
   490.0000     0.0001    93.5555   118.4410     6.6511   135.0800  -133.5620    -7.0275
   490.0000     0.0001     4.4479   129.1490   -22.6676    24.4660   277.3930  -124.9940
   490.0000     0.0001    -3.8454   110.0920   -39.4601   -64.4927   215.2710  -158.4000
   490.0000     0.0001   104.1900    -5.9139   155.5680   -60.4422   -90.2192   -73.9379
   490.0000     0.0001    60.5803   154.9630    21.7525   141.0550   -24.9253    -8.2842
   490.0000     0.0001    23.8259   156.9650   -19.6629    41.6935   130.4860    26.0717
   490.0000     0.0001    -1.7442   132.7900   -36.7422    -7.0544   231.5140   -75.9764
   490.0000     0.0001     4.2265   136.2490   -31.7562   -30.1855   206.7830   -41.1585
   490.0000     0.0001    27.6404   159.2770    -9.2380    96.8355   141.0760    89.0407
   490.0000     0.0001    20.9595   164.0250   -33.8863    33.8980   154.8210     5.3979
   490.0000     0.0001     2.7469   104.9010   -25.8215   -81.2932   206.5650  -185.6860
   490.0000     0.0001    46.3059    32.9590    86.1579  -106.2410    -0.4986  -178.7130
   490.0000     0.0001    -0.3537   120.1110   -35.8602   -58.3631   239.8970  -113.9130
   490.0000     0.0001    -3.7191   111.1840   -57.6944    52.6826    -0.8961   135.2640
   490.0000     0.0001    -8.2573   132.2300   -29.9636    -8.3576   244.9530   -97.7551
   490.0000     0.0001    90.6151     6.2831   105.7530  -126.3330   -61.7595   -80.2123
   490.0000     0.0001    -3.8429   140.6060   -32.1293   -48.3482   235.4060   -50.2185
   490.0000     0.0001   127.6340    25.7156   157.7390   -53.0130  -100.5050   -81.3015
   490.0000     0.0001    35.0149   154.7410    -9.6144    48.3803   141.4460    60.3200
   490.0000     0.0001    27.0588   135.8390   -10.4688    86.2366   146.2140   -10.1567
   490.0000     0.0001   160.0130    59.5614    42.2796    63.9597   -13.8842    59.2018
   490.0000     0.0001    18.1222   186.3550     5.4609    30.3308    94.7292   118.7400
   490.0000     0.0001    15.9132   116.8450   -28.4281    28.3565   255.7430   -85.6804
   490.0000     0.0001    87.0991    18.4364   117.3970   -97.8446   -59.5854  -118.7100
   490.0000     0.0001    -3.2814   116.6310   -38.4619   -47.5834   211.1650  -120.9310
   490.0000     0.0001    42.8400    51.9642    62.3099  -105.8330    34.1774  -237.2880
   490.0000     0.0001    19.6156    19.8631    94.1334   -86.3640   -19.6856  -165.1700
   490.0000     0.0001   100.4480    22.1247   223.7710   -17.9202  -101.2580   -39.0489
   490.0000     0.0001   122.1780     3.0384   154.2570   -72.8869  -109.1130   -53.0227
   490.0000     0.0001    18.2668   150.3720    -0.4060     7.1465   203.1200    27.6381
   490.0000     0.0001    87.9053    35.0659   149.2720   -55.1260   -64.1938  -122.9310
   490.0000     0.0001     1.4242   128.6260   -28.4107     7.2852   264.6320   -81.5687
   490.0000     0.0001    16.9865   169.3200   -37.5087     4.6063   134.4760     9.2814
   490.0000     0.0001    49.5012   115.2170    43.0523  -104.3900   209.5750    45.7906
   490.0000     0.0001    41.4108   154.8500     6.5202   155.0530   130.8620   104.6300
   490.0000     0.0001    29.4653   159.6530   -16.2939    37.8880   140.3120    21.6259
   490.0000     0.0001    50.1371    38.8749    46.2291  -139.4330    11.3254  -200.1740
   490.0000     0.0001    40.5568   152.4610     4.6572   105.3460   143.6290   112.0870
   490.0000     0.0001    35.8901   151.9580   -13.2290   105.6040   140.3630    23.2288
   490.0000     0.0001    28.7649    58.5610    45.9004  -109.4370    97.2665  -230.9040
   490.0000     0.0001    -6.1060    81.2966   -95.9546    27.6219   -15.7352    75.4998
   490.0000     0.0001    16.9268    99.3012     1.6151    -9.9372   228.7970  -235.4190
   490.0000     0.0001   138.8910    27.1915   165.5590   -53.7916  -109.0400   -62.1561
   490.0000     0.0001   126.9510    61.8886    95.5606    30.4602    62.9533    69.0846
   490.0000     0.0001   110.9150     9.0526   139.1390   -72.3125   -73.8910   -86.0616
   490.0000     0.0001    16.8763   123.8780   -19.1272   -33.9414   268.7700   -33.8800
   490.0000     0.0001    66.9844    43.5361    87.2326   -75.9619   -12.7519  -209.5340
   490.0000     0.0001    26.2754   154.6730   -10.3028    45.5981   182.4030    -8.5150
   490.0000     0.0001    25.9397   158.6320    -9.7468    60.0278   204.0830     2.9153
   490.0000     0.0001     0.2028   144.1530   -34.5336   -20.5930   273.0970   -73.5226
   490.0000     0.0001    11.7433   171.6170    -8.5358    52.5303   137.3050    80.3950
   490.0000     0.0001    97.6547   143.5840   -83.7805    54.5073     9.2575   -14.9680
   490.0000     0.0001    11.6447    94.2756    -6.4369   -11.2663   195.4790  -237.5940
   490.0000     0.0001    23.3771   145.1970    -1.1996    70.7558   125.4320    79.5847
   490.0000     0.0001     7.3303   126.8200   -45.7855    25.6563   206.4010  -124.1530
   490.0000     0.0001    15.3534   202.7250    -3.6536    78.5570    81.5227    73.8303
   490.0000     0.0001    21.1775   200.1910     6.9182    58.0656    81.3509   100.4610
   490.0000     0.0001   118.9010    56.2726   151.2130   -18.3649   -99.7780  -124.0860
   490.0000     0.0001    -0.8232   133.9370   -37.9829   -51.8331   231.5900   -63.6140
   490.0000     0.0001   155.7390    26.3765   211.2110   -24.2045  -115.8260   -21.8478
   490.0000     0.0001   161.4360    16.1278   191.9610   -29.6792  -116.4170   -27.6117
   490.0000     0.0001    53.9939     8.6515   112.8610   -74.1351   -17.4368  -129.3940
   490.0000     0.0001    15.9410   126.8670   -21.0822     6.1098   257.1860  -175.3350
   490.0000     0.0001     0.9620   159.6310   -16.7879     5.3389   133.5010    52.0886
   490.0000     0.0001    90.0600    12.2372   143.0090   -80.3491   -78.3316   -95.2544
   490.0000     0.0001   -59.7770    84.3623   -99.7113    27.0955   -22.6116    55.6603
   490.0000     0.0001    -0.8174   142.8250   -33.2853   -44.7357   251.4210   -51.3947
   490.0000     0.0001    29.3849   152.0290    -8.0929    54.1867   200.1080    12.6007
   490.0000     0.0001   281.8390   160.6990   166.0580    83.5301  -148.1700    54.2995
   490.0000     0.0001    28.8846    82.6374     7.4730  -121.6350   196.7750  -214.2760
   490.0000     0.0001     3.5065   155.1990   -31.0315     6.2182   235.9010   -56.6168
   490.0000     0.0001     2.6080   137.6480   -56.0857   -11.8621   233.7790  -191.6650
   490.0000     0.0001    71.9386    29.4836   122.1230   -94.4768   -54.8079  -138.2100
   490.0000     0.0001    36.5582   207.6880   -13.8196    75.7233    43.3399    93.9288
   490.0000     0.0001    31.2438   158.8160    -3.6890    76.2125   141.2010   120.0020
   490.0000     0.0001    10.7440   193.2710    25.6640   126.9040   -90.5756   124.6910
   490.0000     0.0001    40.1262   182.7800    -4.4968   100.8430   122.5600   100.9550
   490.0000     0.0001     9.6448   100.6270   -19.8197  -124.8810   208.4190  -150.2400
   490.0000     0.0001     2.3054   118.6750   -15.2640    -8.4693   256.3010   -81.5640
   490.0000     0.0001    27.6977   163.1880    -5.4407    46.9466   127.9730    84.4062
   490.0000     0.0001    -1.9643   138.0110   -36.9787   -52.1422   252.5750   -80.4635
   490.0000     0.0001     5.0342   139.7810   -36.4290   -37.7329   203.9760   -66.1665
   490.0000     0.0001    25.1420   164.8370     5.3715    78.4407   144.6610   128.2040
   490.0000     0.0001    43.8653   175.0960    20.9150    97.9522    91.2388   149.5460
   490.0000     0.0001    -1.2419   115.7260   -36.5397   -44.3060   222.0930  -124.2360
   490.0000     0.0001    68.6758    33.2272    95.5754    84.7358  -161.4320   148.8100
   490.0000     0.0001    40.4925   106.8500    53.6845  -108.4950  -153.4840  -192.2080
   490.0000     0.0001    12.9560    95.0280   -20.7745    38.5368   189.6250  -220.2220
   490.0000     0.0001    -4.0388   131.4530   -53.5299   -34.9265   225.5550  -204.3830
   490.0000     0.0001   149.1580    10.9639   176.4770   -39.9306  -103.0780   -43.8776
   490.0000     0.0001    22.4239   155.1720   -12.3518    67.9786   204.0210   -16.7987
   490.0000     0.0001     0.8851   196.3990   -39.7059    77.6045    57.9837    69.8621
   490.0000     0.0001   310.1310   126.6560   149.7610    79.3497  -141.2940    43.6055
   490.0000     0.0001    75.7177    22.5502   126.1240   -65.4467   -44.4837  -139.3930
   490.0000     0.0001    25.0456   127.6970   -26.1309     0.3563   224.0720    -9.4172
   490.0000     0.0001    10.4701   163.7010    -5.4404   101.7420   -81.4264   184.5710
   490.0000     0.0001   -44.6528   104.9150   -86.7948    38.4336   -18.5022    82.2040
   490.0000     0.0001     9.1666   121.6370   -12.7063   -16.9801   272.1020   -52.1361
   490.0000     0.0001   150.2480    76.4715     5.1718    95.5429   -23.5691    39.4585
   490.0000     0.0001   193.6710    15.8030   253.0960    15.1694  -122.4470    20.7929
   490.0000     0.0001    15.5379   158.9350    11.5486    62.4977   145.0020   109.1250
   490.0000     0.0001     9.5113   137.4360   -44.7702   -51.5454   204.2850   -79.1562
   490.0000     0.0001    90.6960    45.0937    70.4121   -88.5091   -24.5692  -203.2320
   490.0000     0.0001    -8.0860   112.9810   -45.4240   -56.6422   197.5190  -207.3610
   490.0000     0.0001    -1.3846   126.0220   -42.0957   -60.9488   210.6510   -95.2475
   490.0000     0.0001    35.6283    17.6645    80.1055  -124.1540   -27.6183  -158.5890
   490.0000     0.0001    -6.3221    60.6773    -5.1772   -88.1185   118.4520  -202.1360
   490.0000     0.0001    -3.1473   108.9430   -33.9334   -96.8583   207.6140  -176.1010
   490.0000     0.0001   -25.9685   192.4460   -54.1040    67.3285    34.9961    63.3452
   490.0000     0.0001    24.7738   202.7000   -31.0812    59.3285    63.5603    98.8020
   490.0000     0.0001     4.5038   143.3600   -46.8235   -58.7621   217.3310  -106.3870
   490.0000     0.0001     7.0326   141.2120   -43.0400     5.1726   208.6880   -61.1677
   490.0000     0.0001    31.5317   148.2770    -9.5715   161.8990   180.3220   -20.1895
   490.0000     0.0001    -0.6152   114.8030   -40.3284   -42.2718   226.0670  -141.0580
   490.0000     0.0001    -1.2476   146.3430   -32.9662   -31.9891   269.4730   -66.9454
   490.0000     0.0001    13.0677   151.8900   -45.0681   -35.6941   254.6710  -113.1520
   490.0000     0.0001    27.9945   172.4580    -5.3481    33.4120   138.7340    62.0179
   490.0000     0.0001   -11.0513    95.9064   -42.1437  -111.4020   160.3270  -146.4300
   490.0000     0.0001    30.6968   139.3020   -32.0501    14.2313   215.3950   -39.6268
   490.0000     0.0001    34.7954    45.6107    53.2449  -116.0600    68.9010  -204.9000
   490.0000     0.0001    -1.9932   151.1460   -47.2562    40.5328   128.7950    -8.5577
   490.0000     0.0001    25.6526   151.5990   -10.7054    31.7184   200.3080   -14.9145
   490.0000     0.0001    35.4730    14.2677    86.6469  -105.0860    13.3088  -135.6800
   490.0000     0.0001    54.9585    30.3105    89.8813  -113.3980   -14.8025  -167.1600
   490.0000     0.0001   263.9960    93.8953   121.1060    22.6414  -161.7100    22.0988
   490.0000     0.0001     7.8464   128.9240   -23.4927   -19.7825   243.0320   -45.4771
   490.0000     0.0001    31.9109    76.5760    14.9672   -55.6024   118.3660  -283.6010
   490.0000     0.0001    23.4323   153.2150   -34.0683    49.5299   245.4480   -53.6145
   490.0000     0.0001    18.8986   125.5230   -27.3690     7.1111   283.2470  -102.8180
   490.0000     0.0001    -9.7005   164.7790   -35.4540     9.5429   124.3630    52.9473
   490.0000     0.0001    11.3357   169.2680   -13.0040    54.2080   140.0280    79.4968
   490.0000     0.0001     2.7900   121.6130   -31.9759   -10.8734   230.0220  -101.5300
   490.0000     0.0001    52.8629    30.9862    83.6814   -78.9989    12.1845  -188.9930
   490.0000     0.0001    22.9339   153.6070    -4.8381    57.6144   206.1640    13.7468
   490.0000     0.0001   -49.6363   128.6840   -66.1308    51.9484    -8.5357    94.5549
   490.0000     0.0001   -11.9062   404.5160    12.1625   176.7070    10.6693    72.6708
   490.0000     0.0001    -1.6546   123.5930   -31.0959   -30.1720   256.1550  -103.8270
   490.0000     0.0001    21.6756    85.4704   -21.1353  -148.2090   168.5170  -152.3740
   490.0000     0.0001    31.3620   143.7950    -5.9074    84.3566   131.8770    71.8023
   490.0000     0.0001    18.3805   143.9780   -44.1778   -19.7220   279.2910  -142.8340
   490.0000     0.0001    27.3032   161.0050   -13.7859    21.2529   200.9730   -18.2056
   490.0000     0.0001    42.4508   162.7730    30.0588   128.7300   103.6710   171.7800
   490.0000     0.0001   299.2890   124.5280   151.7080    68.0217  -144.6610    42.4836
   490.0000     0.0001   -13.5709    93.2304   -98.7676    26.0593   -20.9204    82.1017
   490.0000     0.0001    35.0065   168.5760     0.3684    82.4647   155.2580    60.4488
   490.0000     0.0001   131.9960    90.8638    88.9971    -3.2075    54.9462    46.5750
   490.0000     0.0001    -0.5664   132.5430   -44.8135   -44.4168   201.7030   -85.4980
   490.0000     0.0001    27.5303   151.9140   -13.3792    39.8758   174.3560    -8.2156
   490.0000     0.0001    44.2421    31.2426    78.5503  -116.0910    17.6942  -169.5610
   490.0000     0.0001     1.0957   163.4450   -17.0619     0.1639   130.3600    54.4354
   490.0000     0.0001    76.4349    84.7232   108.3390    30.8507   144.2840   -11.4575
   490.0000     0.0001    29.6086   159.5810     5.9839    32.9824   155.9850    97.4870
   490.0000     0.0001    81.2331   122.5810    61.1322  -168.4090   -47.9438   -16.1581
   490.0000     0.0001    45.4135    -3.5519    97.5103   -75.1236   -73.4743  -151.3260
   490.0000     0.0001     3.1283   134.1950   -16.1812    35.3532   248.8880   -42.9781
   490.0000     0.0001   155.2540     0.5196   187.1600   -26.5212  -110.4980   -33.1690
   490.0000     0.0001   161.6350    50.8663   183.5790   -22.5249  -116.8190   -50.7604
   490.0000     0.0001    -8.9799   119.6650   -25.1042   -17.7509   222.5270   -93.1867
   490.0000     0.0001   149.0240    64.7647   113.0860    65.7206    64.6688    95.5639
   490.0000     0.0001    -2.1931   123.5280   -33.4588   -31.8760   228.5060   -78.8741
   490.0000     0.0001     5.1722   125.3690   -17.9841   -37.6852   273.8000   -59.2655
   490.0000     0.0001    20.5782    93.1435   -13.9256   -10.7278   165.3290  -233.9440
   490.0000     0.0001    14.6796   144.5940    -6.8998    69.0051   119.5240    46.2265
   490.0000     0.0001    10.7546   127.5420   -41.6407   -15.4040   207.3940   -50.3259
   490.0000     0.0001    34.7260   180.3810    17.9091    59.8164    87.8648   133.1620
   490.0000     0.0001    15.6725   195.6590    -4.0686    53.7004    90.0430    95.5213
   490.0000     0.0001    28.8234   143.0890   -13.0238     3.4319   184.7730     5.0615
   490.0000     0.0001     2.9710   142.2100   -38.9516   -31.0915   206.6050   -48.4156
   490.0000     0.0001    18.4215    57.5917    28.2829  -114.1100   104.0610  -221.2450
   490.0000     0.0001    29.9144   147.5060   -16.7889    62.0738   201.7110   -46.4546
   490.0000     0.0001    28.1576    80.9366     8.5658  -136.1170   189.0950  -206.1840
   490.0000     0.0001    -1.0681   135.6150   -44.6878   -51.6799   211.3800   -93.7812
   490.0000     0.0001    37.7358   167.9920    -5.6129    75.0894   129.2090    76.7820
   490.0000     0.0001    13.8512   149.8340   -39.8376   -51.8597   256.1880  -107.4440
   490.0000     0.0001    57.4274    41.5711    69.5317  -136.2700    11.2211  -185.5840
   490.0000     0.0001    25.9156   160.8410   -15.7210    15.8858   217.4720    -3.5838
   490.0000     0.0001    32.5020    42.1099    72.5748  -103.3000    23.7680  -205.3410
   490.0000     0.0001    65.2190    58.1534    44.2927  -102.2410    33.2697  -252.8190
   490.0000     0.0001     8.9060   133.6910   -37.4515   -14.8444   269.4990  -106.9270
   490.0000     0.0001    -3.8958   142.4290   -37.9751   -51.2003   263.1840   -90.4402
   490.0000     0.0001     2.9323   119.4190   -36.7411   -40.8622   238.3690  -148.5580
   490.0000     0.0001   137.9210    98.3936    77.0574   -13.4371    53.0836    54.9198
   490.0000     0.0001   117.0430    28.4430   182.2620   -41.3004   -89.1089   -70.8335
   490.0000     0.0001    10.6610   164.6640    -7.9977    67.3735   138.0250    73.2434
   490.0000     0.0001    18.1222   186.3550     5.4609    30.3308    94.7292   118.7400
   490.0000     0.0001    33.2373   150.0180    -2.8027    42.7431   156.4400    82.0638
   490.0000     0.0001   150.0900   -12.3876   183.5630   -31.9610  -110.1340   -28.6671
   490.0000     0.0001   -52.0981   120.5580   -50.1453    76.6095   -20.5504   111.7850
   490.0000     0.0001    20.9174    86.0794     5.5364  -107.2400   198.4110  -216.6160
   490.0000     0.0001   281.9880    74.2787   157.3270    38.8452  -149.3870    38.2870
   490.0000     0.0001   157.5130    56.9046   195.4150   -23.7649  -131.1640   -37.7107
   490.0000     0.0001   -27.6181   160.9110   -52.5727    59.6609     1.7049   103.9210
   490.0000     0.0001    19.8372   130.3430   -14.6630    18.6317   211.4800   -18.5710
   490.0000     0.0001   148.4580   -10.7250   203.2500   -29.8207  -135.6530    -7.7022
   490.0000     0.0001    21.5532   151.2460    -8.3146    13.1326   125.5050    73.0543
   490.0000     0.0001    25.6097   152.5610   -10.9669    16.8370   200.6580    -3.3811
   490.0000     0.0001    33.5263   161.2540    -1.6940    58.3470   194.1980    47.6322
   490.0000     0.0001   114.5330    20.0725   145.5720   -73.5308   -82.8790   -85.0744
   490.0000     0.0001     9.8479   152.6750   -39.0927   -45.8010   275.3660   -73.5064
   490.0000     0.0001    -1.6203   197.3230   -31.1624    40.6580    50.7016    93.7087
   490.0000     0.0001    11.9694   196.6730    -3.8341    52.2368    94.5203    99.9421
   490.0000     0.0001    74.3345    93.2455   101.3660    35.3507   169.5160   -35.8077
   490.0000     0.0001    24.0445   145.2220    -8.9796    -1.7065   127.4300    55.8968
   490.0000     0.0001    56.5480    30.0355   103.3220   -92.7428   -26.5965  -166.7920
   490.0000     0.0001    18.4470   153.2980   -46.1042   -10.5576   256.3870  -121.4000
   490.0000     0.0001    28.7618   148.8810   -12.5650    85.3581   202.9960   -30.4969
   490.0000     0.0001    26.6572   153.9970    -9.8486    11.4826   210.5160    -8.7860
   490.0000     0.0001   150.8630    -0.3443   187.8030   -32.7697  -105.9010   -30.5441
   490.0000     0.0001    48.2946    44.5396    62.1886  -130.6150    43.0309  -195.4790
   490.0000     0.0001    32.2743   149.7160    -4.2685    29.7140   144.8820    82.5881
   490.0000     0.0001    -2.2671   141.8760   -40.4657   -82.3869   229.3610   -79.4163
   490.0000     0.0001   -18.0233   174.9120   -34.2363    83.2206   -20.9374   129.3510
   490.0000     0.0001     7.0525   192.3060   -15.5008    68.4731   -30.8983   141.1530
   490.0000     0.0001     0.3133   151.7980   -27.6693   -50.3162   269.6410   -41.1996
   490.0000     0.0001    14.0950    24.9256    37.7826   -79.5104    46.7373  -200.3980
   490.0000     0.0001     5.4733   134.0770   -43.1334   -40.3520   207.9830   -68.8114
   490.0000     0.0001    11.2211   140.3770   -39.7273   -16.0076   181.2670   -69.4506
   490.0000     0.0001    56.9347    37.7513    89.4053   -98.6108    -5.5872  -189.2340
   490.0000     0.0001   162.1770    27.2994    74.9209    82.3562   -47.0058    65.8938
   490.0000     0.0001    80.6096    84.9287   106.8670    16.6455   138.7900    -0.3306
   490.0000     0.0001   124.6970    93.4182    79.8140   -41.0194    57.1502    29.2524
   490.0000     0.0001     4.3511   133.4820   -37.5973    20.8757   262.6730  -112.0670
   490.0000     0.0001    12.7389   139.9370   -42.8870   -66.8040   273.7610  -124.3370
   490.0000     0.0001   191.0460    47.1147   227.1660     4.7286  -125.6580    -0.8430
   490.0000     0.0001     2.1835   133.9210   -30.2123     0.3378   231.6430   -24.9355
   490.0000     0.0001   164.4460    19.4855   245.6410    12.2009  -120.9800    -3.4000
   490.0000     0.0001    32.5020    42.1099    72.5748  -103.3000    23.7680  -205.3410
   490.0000     0.0001    30.3899   201.9290   -17.5627    61.1151    87.0019    96.9290
   490.0000     0.0001    94.5597    51.5628    83.8317   -71.1349  -149.3380   -33.2113
   490.0000     0.0001     7.0360   109.8910   -11.8535     1.2040   228.8750  -206.0510
   490.0000     0.0001     4.4945   107.2840   -29.0830   -48.4195   230.1500  -125.2360
   490.0000     0.0001    47.8457   167.2080    10.7487    99.1353   125.6700   129.4960
   490.0000     0.0001    -6.6781   194.5370   -34.6487    22.7811    43.7641    87.4545
   490.0000     0.0001    16.6530    92.0990    -7.3159   -96.4980   201.6290  -199.6150
   490.0000     0.0001    28.2408   152.0740    -9.3170    63.3406   196.2740     2.8788
   490.0000     0.0001   275.0570    68.2244   179.9870    34.3228  -146.3510    39.1976
   490.0000     0.0001    22.3424   200.4550    12.0522    53.8111    74.7175    95.9054
   490.0000     0.0001   130.0780    31.6958   187.1620   -47.1530  -106.7960   -51.6166
   490.0000     0.0001     2.7716   142.9230   -36.0021   -67.0254   271.7560   -62.4365
   490.0000     0.0001    29.4187    27.9887    73.9146   -84.3955    -6.3612  -202.1590
   490.0000     0.0001    84.2971    37.9679   137.8870   -78.4084   -88.5980  -129.4040
   490.0000     0.0001    29.9800   180.4920    10.5557    89.9703   104.0880   114.9420
   490.0000     0.0001    12.9684   189.4320   -22.4194    27.6170   110.7550    72.1553
   490.0000     0.0001     8.1088    90.9301   -35.8925  -109.5030   158.2290  -179.0600
   490.0000     0.0001     6.7103   136.8930   -34.7989   -47.8167   248.9890   -39.3949
   490.0000     0.0001    -0.2179   140.6220   -35.9810   -54.9379   264.1620   -59.9481
   490.0000     0.0001     7.1570   121.2740   -28.2795   -49.9525   263.8460  -123.2430
   490.0000     0.0001    26.9534   139.8320     0.2026    56.4307   211.9980    85.1459
   490.0000     0.0001   145.5530    -0.4943   170.3820   -37.9369  -102.1880   -48.2516
   490.0000     0.0001    50.7750    51.4865    41.0565  -144.8790    66.7702  -212.5330
   490.0000     0.0001     6.9861   132.6940   -33.3712   -24.4903   244.4670   -58.6842
   490.0000     0.0001    74.6327   116.2330    79.3904   -23.2752   224.6820  -105.1120
   490.0000     0.0001    81.0546    15.2234   130.5860   -70.0425   -52.9242  -122.7860
   490.0000     0.0001    10.8298   117.9030   -27.2676     8.5388   240.1520  -176.5740
   490.0000     0.0001    42.3572   180.4070    -4.1917    62.5016   117.5770    69.9413
   490.0000     0.0001     1.5929   120.1440   -21.7785    99.3605    -3.3290   208.4650
   490.0000     0.0001    45.0514   145.1930    75.9799   111.6340    68.3375   116.4250
   490.0000     0.0001    13.1950    90.4659   -23.6571    -8.5574   206.4040  -150.3710
   490.0000     0.0001   210.9670    33.2787   236.9830    10.8148  -140.5910    34.9283
   490.0000     0.0001     1.6084   121.5830   -43.2568   -19.1826   225.8580  -130.2770
   490.0000     0.0001    29.3983   151.8590   -18.4875    31.8357   201.8950   -26.5750
   490.0000     0.0001    38.5498   149.4620    14.7232   149.1830   127.7750   148.2390
   490.0000     0.0001    31.8368   130.7370   -19.6647    54.1640   215.9600   -45.7742
   490.0000     0.0001     0.3743   129.3770   -29.9500   -28.5586   267.7300   -74.0960
   490.0000     0.0001    15.7268   181.3260    -8.1855    36.5822   119.2340    99.8814
   490.0000     0.0001    28.9694   154.2340   -13.9679    64.8818   217.9540   -18.9280
   490.0000     0.0001    18.0921    84.9830     9.3949   -49.4779   190.3020  -249.1650
   490.0000     0.0001     5.1504   131.8950   -46.3223   -16.0148   243.5550  -147.3980
   490.0000     0.0001     9.1607   137.2570   -38.5558   -28.8492   234.7000   -61.2565
   490.0000     0.0001    28.4264   151.1190   -12.3751    23.2676   187.5920     6.9596
   490.0000     0.0001     1.9725   147.4540   -34.0702   -40.4747   292.6660   -78.0676
   490.0000     0.0001   117.7730    63.0933   131.2490    49.6452    58.4631    63.5646
   490.0000     0.0001   -30.5173   178.3620   -24.9940    86.5742   -13.6365   118.3020
   490.0000     0.0001   170.6490    57.2647   211.0450   -15.8345  -123.7110   -18.3294
   490.0000     0.0001    48.9750   169.8190    14.9576   137.3040    87.4413   123.7100
   490.0000     0.0001    11.1292   110.9370    -8.1680    17.2508   246.6750  -199.4490
   490.0000     0.0001    30.1533   157.3060    -8.0608    62.1004   170.5170    20.0142
   490.0000     0.0001    17.1792   142.2200     7.2588    80.8307   144.3370   114.2110
   490.0000     0.0001    -0.1670   149.2760   -29.4771   -48.9722   286.0660   -38.9713
   490.0000     0.0001     0.7289   136.5030   -33.0260    -2.4912   237.4590   -41.1168
   490.0000     0.0001    44.0059   152.5060     5.9196   140.8310   151.2410   109.8830
   490.0000     0.0001     6.6654   109.2720   -21.1647    21.2876   233.1560  -164.7460
   490.0000     0.0001    25.0663   140.8770    -8.6112     6.1000   171.9440    37.7666
   490.0000     0.0001     3.1767    75.7154   -18.5011  -109.1220   158.9030  -180.3490
   490.0000     0.0001    25.8526   151.0260   -12.2763    69.0784   181.4630   -18.5557
   490.0000     0.0001   136.7040   385.2090   105.3600   180.1560   -57.2233    63.6742
   490.0000     0.0001    92.8503    86.1601   135.6530    44.9083    95.3973    31.6391
   490.0000     0.0001     4.3143   102.2150   -26.1785   -45.7891   223.2500  -137.8410
   490.0000     0.0001    67.5928    22.2458   106.2240   -66.7636   -19.9129  -160.9790
   490.0000     0.0001   107.2380    18.0644   162.1930   -64.4381   -85.7196   -78.4007
   490.0000     0.0001     0.8852   145.1170   -32.1059    12.2829   253.9870   -52.8318
   490.0000     0.0001   118.8910    88.1811  -106.7280    51.2173    -2.7467    41.5612
   490.0000     0.0001    36.8463   -15.0256   106.9370   -46.3280   -74.6078  -147.1050
   490.0000     0.0001   105.8130    12.3228   146.5520   -66.8594   -80.4664   -89.7142
   490.0000     0.0001    37.7232   153.3410    -5.5599    74.8463   160.9180    61.6303
   490.0000     0.0001    19.0312    77.9590     0.8003  -116.5990   173.5810  -203.9420
   490.0000     0.0001     4.9390   132.9010   -34.3578   -56.4795   238.9240   -34.0422
   490.0000     0.0001    -5.1816    68.1055    88.3933   -90.5500  -134.3670   160.9100
   490.0000     0.0001    79.0606     4.3295   137.3280   -90.9701   -81.7645   -89.5083
   490.0000     0.0001   299.2890   124.5280   151.7080    68.0217  -144.6610    42.4836
   490.0000     0.0001    57.8018     9.8512   101.4390   -82.8399   -26.8636  -146.9590
   490.0000     0.0001    11.5403   104.6710   -22.5339   -85.9087   213.2120  -181.0710
   490.0000     0.0001    -4.4223   136.0490   -39.2999   -60.5464   251.7410   -87.8594
   490.0000     0.0001    60.3767    23.6685    91.4123  -114.4120   -12.8046  -149.3760
   490.0000     0.0001   187.2870    30.8478   211.1290    -5.7396  -132.5830     3.8787
   490.0000     0.0001     1.5625   141.3190   -34.0340    20.2613   264.8630   -79.5686
   490.0000     0.0001    23.3802   159.4490    14.6905    22.9132   146.0420   155.4500
   490.0000     0.0001    31.9177   156.3130     3.2964    55.7395   127.9400   118.5600
   490.0000     0.0001   136.8590    20.0422   132.4680   -93.7573  -120.7570   -51.1666
   490.0000     0.0001    74.3345    93.2455   101.3660    35.3507   169.5160   -35.8077
   490.0000     0.0001    27.7513   150.7050    -9.3776    49.5180   219.4030     4.5958
   490.0000     0.0001    10.3325   122.0880   -44.9118   -18.2539   248.1870  -173.7310
   490.0000     0.0001   181.7710    19.0330   236.6970    12.1985  -122.2620     1.6662
   490.0000     0.0001    29.3251    60.6745    34.8242  -132.3120   116.3210  -216.5030
   490.0000     0.0001    30.8055   142.5110    -5.9235    33.9762   173.3920    49.1107
   490.0000     0.0001     5.8562   126.9320   -31.5189    18.5060   269.3820  -116.7870
   490.0000     0.0001    -5.9859    94.3227   -43.3350  -112.0910   144.2680  -136.9360
   490.0000     0.0001    25.0335   152.7960    -9.0377    -0.4193   156.9790    35.1131
   490.0000     0.0001    16.0016   123.4530   -20.0200   -50.7868   253.9600   -41.7223
   490.0000     0.0001   123.1320    22.5902   158.1130   -62.4912   -86.0152   -74.1618
   490.0000     0.0001    16.7330   185.5250   -19.7991    25.1857   128.1580    70.5416
   490.0000     0.0001   240.6620    39.1330   140.0960   -11.1546  -147.5810    14.0039
   490.0000     0.0001    17.1395    94.6730    -8.0380   -35.7604   228.9210  -189.3220
   490.0000     0.0001    -1.6251   145.1300   -28.8859    -8.6588   244.8000   -49.9390
   490.0000     0.0001    38.2652   160.4050     8.8728   111.7700   124.6980   135.8060
   490.0000     0.0001    -1.2453   137.0540   -37.5370    21.8534   248.8410  -115.4910
   490.0000     0.0001     1.6905   135.8190   -45.2298   -63.8445   205.1740  -106.8740
   490.0000     0.0001    59.2308    -8.7939   139.8090   -63.9508  -107.4600  -105.9250
   490.0000     0.0001    14.6278   127.5280   -30.5030    11.7164   255.0300   -76.6960
   490.0000     0.0001     1.0464   148.4100   -28.9375    12.3518   268.4620   -62.1669
   490.0000     0.0001   -18.1454   117.8170    19.9957  -219.1620    26.4022   -56.7154
   490.0000     0.0001   194.0850   334.6030   118.6360   163.9810   -99.9794    58.8016
   490.0000     0.0001   -59.1288    98.8892   -70.6160    44.2279   -11.5198    75.1442
   490.0000     0.0001    -5.2193   186.1680   -27.8978    19.4703    98.1679    85.9696
   490.0000     0.0001    27.9917   154.8960    -6.6451   119.9110   130.5510    68.6556
   490.0000     0.0001    51.9330    36.7200    79.3177  -116.8180    -0.8440  -185.8830
   490.0000     0.0001   123.6990    32.0478   120.1940   -78.2910   -86.4314  -111.9230
   490.0000     0.0001   -43.3874   126.5870    20.3973   150.3670   -29.9160    95.9255
   490.0000     0.0001    36.5891   141.1440   -11.9816    88.7555   142.7520    34.2033
   490.0000     0.0001   128.7090    29.7282   133.6390   -70.2831   -94.1079   -97.0393
   490.0000     0.0001    56.7481    49.8307    25.8857  -138.5950    61.4012  -215.8240
   490.0000     0.0001    -4.5469   114.1220   -41.1308   -74.8467   214.9060  -150.6150
   490.0000     0.0001     8.5352   117.7110   -18.2546    15.8913   239.4240  -179.2000
   490.0000     0.0001    17.2826    93.0933   -37.2843  -126.6310   156.2600  -157.0450
   490.0000     0.0001    22.5939   162.0680   -20.6835    24.9447   128.9820    20.0725
   490.0000     0.0001    46.3244   157.7710     9.7465   138.2750   123.0300   125.9120
   490.0000     0.0001   118.5970    33.9586   162.7820   -58.2119  -107.5340   -83.8070
   490.0000     0.0001    83.4061    73.7573  -107.1560    29.4650   -10.1500    50.8672
   490.0000     0.0001     8.1457   137.3920   -36.9304   -23.4195   222.8370   -70.7144
   490.0000     0.0001    36.9071   151.0740     4.6743   153.0440   146.6950    98.0884
   490.0000     0.0001    36.9109   187.7600   -50.3367    81.2161    78.5181    74.7991
   490.0000     0.0001    56.1161   120.7150    33.0515   -16.0093  -382.5990   211.9570
   490.0000     0.0001    20.7542   120.6540   -25.8344    -2.4159   274.2590  -127.0590
   490.0000     0.0001    10.3642   125.8480   -34.4313    12.2674   246.1330  -173.6750
   490.0000     0.0001    10.7233   138.9120   -39.5472   -51.3646   218.5270   -59.3346
   490.0000     0.0001   -73.7959   119.1050   -29.5344    82.7827   -15.4705    94.4750
   490.0000     0.0001     2.6080   137.6480   -56.0857   -11.8621   233.7790  -191.6650
   490.0000     0.0001   149.4770    26.9125   169.0330   -37.7284  -108.0230   -60.9947
   490.0000     0.0001    39.2488   141.0150    -6.9148    91.9951   172.7670    46.9429
   490.0000     0.0001    30.3223   147.7890   -18.9110    40.3763   210.4830   -43.7823
   490.0000     0.0001    47.5169   134.6380    54.5128  -192.5210   189.3070   -62.5538
   490.0000     0.0001    33.9349   148.7590    -3.7793   135.9450   137.2680    70.0377
   490.0000     0.0001    14.7045   124.2680   -34.7879   -15.0685   202.3640   -74.9161
   490.0000     0.0001    -7.1251    97.4687   -46.6375   -90.4379   173.1340  -194.8430
   490.0000     0.0001   116.3420    93.8333    91.2811   -27.5180    64.9400    24.7562
   490.0000     0.0001   103.8730    21.7573   104.6100   -62.9946   -55.2627  -151.0590
   490.0000     0.0001     9.1607   137.2570   -38.5558   -28.8492   234.7000   -61.2565
   490.0000     0.0001    49.1421    29.2459    81.5904  -105.4120    16.0682  -169.8020
   490.0000     0.0001    25.9603   162.7320   -13.6746    30.3734   155.6990    50.0685
   490.0000     0.0001    35.0674    92.1350   -10.2093   -22.2464   204.1840  -224.4990
   490.0000     0.0001    32.0276   185.1600   -36.1669    61.8222   119.6760    71.9815
   490.0000     0.0001    75.7177    22.5502   126.1240   -65.4467   -44.4837  -139.3930
   490.0000     0.0001   218.3020   294.8510   110.9880   150.2040  -118.9290    69.0428
   490.0000     0.0001   118.9010    56.2726   151.2130   -18.3649   -99.7780  -124.0860
   490.0000     0.0001    77.0921    22.7152   122.2660   -92.1028   -83.5004  -130.3930
   490.0000     0.0001    33.0738   154.3350    -0.1133     2.0447   175.2260   126.7670
   490.0000     0.0001   111.4320    57.2302   112.6260    37.5126    58.2925    52.6160
   490.0000     0.0001    12.7647   140.8080   -40.1420   -32.6990   210.0950   -61.2822
   490.0000     0.0001   217.9310    92.1343   246.1720    20.3418  -124.5740    36.1618
   490.0000     0.0001     3.8547    69.8098     9.3721   -72.5769   147.9290  -220.5700
   490.0000     0.0001   109.6290    19.6667   140.6960   -78.5664   -85.3467   -92.6995
   490.0000     0.0001    16.1885   138.4760   -42.7568    -0.0001   210.2410   -46.5881
   490.0000     0.0001   220.8410    77.5287   306.7590    46.2576  -117.5870    63.7914
   490.0000     0.0001    47.7992    60.8898    28.4889  -151.6340   102.0260  -220.5530
   490.0000     0.0001   244.1100    29.9344   235.6680    28.4184  -139.9750    57.2639
   490.0000     0.0001    -4.0290   101.9230   -10.1057   -78.4903   203.2180  -172.0200
   490.0000     0.0001     0.5933   130.6850   -34.5512     9.5926   244.2540   -93.0213
   490.0000     0.0001   197.0760    27.8517   204.7020   -11.0692  -138.3260    13.6449
   490.0000     0.0001    26.7647   148.5250   -12.6492    93.8546   195.5960   -41.2852
   490.0000     0.0001    75.2443    24.2509   131.2170   -88.8263   -67.3424  -123.8830
   490.0000     0.0001   133.9640    14.2597   182.6190   -49.1239   -98.6765   -43.4619
   490.0000     0.0001   113.7730    31.5395   166.6350   -49.8791   -91.6345   -85.2920
   490.0000     0.0001    48.2946    44.5396    62.1886  -130.6150    43.0309  -195.4790
   490.0000     0.0001     6.7539   178.8790    -6.1391    39.0472   127.7090    94.8849
   490.0000     0.0001    10.4698   155.2740   -37.7243   -37.5916   273.9070   -97.3510
   490.0000     0.0001     7.1283    92.6637   -25.9295  -107.2110   179.6960  -179.6550
   490.0000     0.0001    31.1431   144.4800   -10.4528    74.0704   129.0480    25.4132
   490.0000     0.0001    26.2164   174.4880    -6.8627    95.4698   113.1570    69.0124
   490.0000     0.0001    34.9226   149.6480    -9.9867    42.4848   191.9560    17.2873
   490.0000     0.0001    31.9983   138.5740    -7.1994   122.0650   152.7070    26.8828
   490.0000     0.0001   137.1550     0.4279   163.6120   -50.9505   -99.0862   -51.6489
   490.0000     0.0001    22.4316   160.1500   -26.0831    47.5388   163.8600    -6.9292
   490.0000     0.0001   187.9530    29.1512   227.9510    -2.1262  -120.1000     3.7349
   490.0000     0.0001    35.8462   144.8530   -20.8633    27.1009   177.4380   -15.3675
   490.0000     0.0001     2.6997   117.8510   -38.6806   -30.1441   239.5430  -160.1780
   490.0000     0.0001    -1.8651   131.0920   -50.9583   -89.0119   234.8900  -152.6020
   490.0000     0.0001     4.6209    92.6651   -27.3430   -65.0272   202.4510  -111.5140
   490.0000     0.0001   -12.7792    95.0486   -47.1647   -81.7614   160.4720  -150.3840
   490.0000     0.0001    10.7233   138.9120   -39.5472   -51.3646   218.5270   -59.3346
   490.0000     0.0001    12.4299   180.3710   -13.7330    49.3327   128.8470    84.1541
   490.0000     0.0001    38.4558   168.6980   -14.5576    91.2916   148.0960    18.6454
   490.0000     0.0001    51.0104    27.7828    98.5910  -100.8890   -36.5223  -169.5330
   490.0000     0.0001   255.6690   174.3930   118.4960    98.4739  -165.8660    36.8900
   490.0000     0.0001   127.1600    31.7651   150.8980   -64.3542   -96.6344   -83.1318
   490.0000     0.0001    -6.8300    84.2430   -13.5544   -89.0577   174.4220  -177.9330
   490.0000     0.0001    -1.8142   141.5900   -32.5128   -28.1359   270.4430   -78.8822
   490.0000     0.0001     6.5898   163.9290   -18.7375    35.4951   140.8520    63.1803
   490.0000     0.0001    10.8795   163.2750    -5.8729    59.6142   140.6370    88.7858
   490.0000     0.0001    60.3498   -11.4471   158.1340   -58.5464  -100.4110   -88.4424
   490.0000     0.0001    72.6452   -12.3726   162.2320   -61.3863   -99.6983   -75.6308
   490.0000     0.0001    23.1048   132.0580   -12.1392    29.3164   188.6880    -8.8792
   490.0000     0.0001    32.9916   139.6990    -1.6646   102.0240   211.1170    48.1937
   490.0000     0.0001   212.3510    33.4322   215.1770     4.9122  -129.4260    13.3137
   490.0000     0.0001    21.4877   146.9970    -6.3528    31.9294   143.3960    31.8071
   490.0000     0.0001   -47.8800   169.5900   -28.8611    96.1055   -17.4486   110.7430
   490.0000     0.0001    87.9293    70.2613    95.8671   -70.3485   -78.5845  -215.1300
   490.0000     0.0001    26.2996   157.8740   -19.9647    33.1083   176.3450   -39.3542
   490.0000     0.0001   150.2830    30.0211   161.2460   -42.0747  -108.2490   -65.8299
   490.0000     0.0001   107.6740     1.4814   154.8440   -64.4508   -85.0941   -72.6908
   490.0000     0.0001    14.8914   179.1890   -16.7912    37.2733   129.0640    63.6205
   490.0000     0.0001    20.7708   160.5030   -24.3384    49.7928   162.1700    -1.8114
   490.0000     0.0001     0.9242   127.2310   -42.5265   -58.0765   210.8760   -99.7538
   490.0000     0.0001   -16.8575   174.2680   -19.4206    31.5939   140.4120    23.6311
   490.0000     0.0001    25.0968    37.0832    28.3625  -122.0980    49.2691  -202.2990
   490.0000     0.0001   113.3080    -1.2747   174.5860   -42.2637   -94.3550   -64.5074
   490.0000     0.0001    26.9583   146.3980   -12.5754    41.4128   230.6250     6.7090
   490.0000     0.0001     0.7874   127.3170   -34.2653     1.2605   150.5480     3.1401
   490.0000     0.0001   122.1780     3.0384   154.2570   -72.8869  -109.1130   -53.0227
   490.0000     0.0001    -1.8299   116.1270   -28.3599   -43.0725   228.4410  -188.0790
   490.0000     0.0001    -1.5184    85.1910   -23.4120  -101.6480   177.2410  -174.2630
   490.0000     0.0001   136.3180    40.2119   189.6160   -29.2582   -99.3341   -57.8854
   490.0000     0.0001    33.3729   140.4190   -15.3584    71.2580   133.9650     4.8792
   490.0000     0.0001   -53.6379   100.0220   -88.8251    45.5699   -23.5723    79.8303
   490.0000     0.0001    16.9865   169.3200   -37.5087     4.6063   134.4760     9.2814
   490.0000     0.0001   137.1500    14.2128   175.3190   -44.6695   -94.4385   -52.3151
   490.0000     0.0001     4.2485   151.2500   -34.4237    -0.5727   258.6110   -57.2206
   490.0000     0.0001    21.4254   157.0390   -15.9883    14.0801   181.4100   -19.4468
   490.0000     0.0001    -0.5953   121.7570   -33.4040   -27.6936   247.5450  -124.0400
   490.0000     0.0001    12.7675   123.9750   -39.2518   -75.3466   244.8890  -151.1120
   490.0000     0.0001    18.8321    74.7125   -28.4037  -105.8820   132.3730  -195.2370
   490.0000     0.0001    26.9233   139.4810   -41.1920    74.1948   235.6690   -78.6970
   490.0000     0.0001    -3.5425    81.5299   -25.4859  -101.9180   161.5590  -183.5980
   490.0000     0.0001   210.6220    42.7155   207.5580     5.5309  -142.2600    15.4883
   490.0000     0.0001   274.9930    69.7824   201.0400    42.7209  -144.7120    51.3279
   490.0000     0.0001   145.0810    28.9041   179.7080   -38.3682  -105.1550   -54.3737
   490.0000     0.0001   113.5330    15.7652   138.2350   -70.1564   -77.7169   -94.3061
   490.0000     0.0001   227.2100   229.4760   111.0470   132.3250  -159.8490    35.7882
   490.0000     0.0001    -3.8365   143.5280   -33.3691   -16.5478   234.1440   -53.4280
   490.0000     0.0001    73.4328    54.2663    42.6842  -139.3330    17.9940  -217.2170
   490.0000     0.0001   130.0780    31.6958   187.1620   -47.1530  -106.7960   -51.6166
   490.0000     0.0001    -7.7451    94.8543   -45.0179   -86.8266   153.9500  -138.4540
   490.0000     0.0001   129.0300    39.5843   123.4570   -74.1821   -90.3243  -111.3320
   490.0000     0.0001    25.5148   197.4890   -38.2379    82.0090    68.5455    86.3969
   490.0000     0.0001    34.1704   177.5140    -2.8347   109.1480   130.1020    87.6121
   490.0000     0.0001    46.9227    58.7487    36.9265  -153.4010    90.3099  -218.0340
   490.0000     0.0001     5.6181   128.5090   -51.2333   -40.6545   242.1140  -178.9040
   490.0000     0.0001    -5.2038   173.0340   -48.2663   -16.4419    91.8350    18.2683
   490.0000     0.0001    20.7873   156.3800     7.9754    22.0857   134.5670   127.2970
   490.0000     0.0001   292.4070   102.5480   157.3700    59.2687  -147.8780    43.7903
   490.0000     0.0001    20.0722   167.9720    -1.4790    70.0499   132.2310    86.1560
   490.0000     0.0001   163.7700    -0.5123   212.7420   -11.2547  -113.6010   -13.7035
   490.0000     0.0001    44.5436    41.2849    58.5745  -134.0020    29.1310  -197.0980
   490.0000     0.0001    37.5111   167.0310    -2.5772   128.8600   126.8580    85.6725
   490.0000     0.0001    -9.0096   131.1170   -40.8487   -38.8383   231.2530  -114.4190
   490.0000     0.0001    28.3632   147.9830   -14.6433    70.4185   168.7190   -24.3583
   490.0000     0.0001   125.6370    77.0069    93.5810     7.7346    61.7228    56.9261
   490.0000     0.0001   -20.7634   188.1500   -12.3140    59.0413     9.4696   108.8900
   490.0000     0.0001    35.8199   144.5000    -6.6183    80.9993   166.0170    39.1307
   490.0000     0.0001    -3.1098   119.4050   -33.0190   -32.7203   238.0270  -137.9460
   490.0000     0.0001   112.3030    10.4704   162.6860   -64.4700   -93.5564   -68.1167
   490.0000     0.0001    24.0282   153.0030   -12.5204    64.0618   195.2400   -16.0148
   490.0000     0.0001    52.2706    62.5076    48.6771  -129.9270    -7.7102  -138.3520
   490.0000     0.0001    18.1288   194.5700   -36.4042    23.5790    86.7719    60.0828
   490.0000     0.0001   213.9600     8.5271   205.1070    -2.6237  -142.5580    32.2122
   490.0000     0.0001    12.3744   172.5500   -18.9122    60.5832   132.5650    63.7299
   490.0000     0.0001    -4.5423   109.1930   -33.3486   -31.7453   213.4480  -156.5370
   490.0000     0.0001    15.0128   106.2270   -25.5336     4.4799   243.2860  -130.8420
   490.0000     0.0001   277.1600   135.6390   155.6790    69.9026  -157.1850    43.7237
   490.0000     0.0001     3.8551   118.2480   -31.7291     1.6011   218.9330   -73.8800
   490.0000     0.0001     1.6442   140.1330   -36.9647   -17.6777   205.1130   -75.6658
   490.0000     0.0001   102.7700    60.7109    99.1036    30.5559   103.8240    42.1143
   490.0000     0.0001    10.8151   124.4070   -43.2097   -25.2978   209.4720   -72.7378
   490.0000     0.0001   235.5770    31.7431   159.8320    -1.5491  -155.2860    20.1433
   490.0000     0.0001    27.6093    23.0899    84.6680   -90.2939    -2.3011  -174.8540
   490.0000     0.0001    44.6672   164.3670    20.3645   132.2250    95.7576   147.9370
   490.0000     0.0001     0.0678   138.0030   -33.5643   -18.0930   265.3640   -80.7541
   490.0000     0.0001    56.0855     5.4781   100.3910   -77.5727   -68.8215  -156.5590
   490.0000     0.0001    15.4555    86.0111    -4.5703  -131.7040   187.8430  -179.9560
   490.0000     0.0001   227.4640    15.6425   155.9180    -9.1462  -151.9740    19.2339
   490.0000     0.0001    10.8712   206.1040   -15.9399    79.9017    66.3442   103.3610
   490.0000     0.0001     4.9642   123.9440   -24.3017    25.1768   265.0270   -85.3121
   490.0000     0.0001    15.4349   124.4850   -27.6176    11.0932   272.3580  -164.1100
   490.0000     0.0001    40.7071   166.7460    26.1176   127.7580    90.0416   157.5090
   490.0000     0.0001     9.3679   128.8770   -17.4683   -52.9866   244.2020    35.8939
   490.0000     0.0001    81.1374   -22.0399   180.0260   -45.6732  -105.7910   -54.1282
   490.0000     0.0001    -0.7496   145.9540   -28.7924     4.9991   251.5140   -60.9624
   490.0000     0.0001    31.8324   142.7350   -36.0278    50.6532   219.2330   -58.4432
   490.0000     0.0001    23.6491   173.2020    -1.3665    33.9372   182.5360    43.1768
   490.0000     0.0001    12.5848   160.9850   -13.8058    30.1385   126.8260    88.9590
   490.0000     0.0001   -49.0325   133.3600   -27.8039    97.7323   -25.3577   121.5720
   490.0000     0.0001    36.7682   143.1030     5.5620   106.9710   141.9570   133.5160
   490.0000     0.0001    12.8891   110.9410   -36.4706   -18.0552   204.4010   -89.5664
   490.0000     0.0001    27.8678   150.8460   -12.3205    87.0179   214.1980   -35.6543
   490.0000     0.0001     6.5102    94.0619   -12.7356  -165.3850   181.7580  -104.4230
   490.0000     0.0001    11.1979   149.6010   -40.8756   -33.3147   305.8730  -118.0870
   490.0000     0.0001    -2.9119   125.8110   -39.7449   -31.8957   223.3590   -91.6080
   490.0000     0.0001   -25.0444   157.8500   -27.7266   -34.6545    81.7980   -70.7109
   490.0000     0.0001     8.5517   146.7820    -7.7657   -55.9085   212.0660     1.6186
   490.0000     0.0001    53.7117   123.8980   -82.6574    27.4268   -10.3880   -24.1600
   490.0000     0.0001     9.2364   195.7830   -31.0877    73.6752   -28.0605   127.4890
   490.0000     0.0001    -6.9666   135.4520   -37.2381   -60.1995   250.1670   -97.5089
   490.0000     0.0001    25.3340   150.7810    -9.0707    70.5138   226.3520    -2.1535
   490.0000     0.0001   128.2080     8.8320   203.9920   -23.1775  -110.9740   -34.9036
   490.0000     0.0001     1.7524   123.0480   -20.0509     9.8151   264.7330  -124.1070
   490.0000     0.0001   -10.0501   109.0360   -24.2572  -113.1100   208.6840  -140.5410
   490.0000     0.0001    34.9520    54.5439    14.5926  -135.5660   104.0370  -207.7160
   490.0000     0.0001    42.1397    22.4736    48.0294  -113.7990    -4.9935  -194.1960
   490.0000     0.0001   220.8830    13.9795   126.7430   -22.1749  -154.5970     7.1406
   490.0000     0.0001    -9.3986   136.7260   -37.5874   -33.5335   249.5170  -114.6370
   490.0000     0.0001    36.5664   165.0630    -0.8769    62.2760   128.0870   107.0030
   490.0000     0.0001   103.4150    60.8679   106.8170    37.9240    96.3857    46.3637
   490.0000     0.0001   -11.1075   113.1060   -42.4347  -109.1210   205.6610  -154.8390
   490.0000     0.0001    -7.7870   137.8280   -40.3312   -58.2505   251.1300  -113.4030
   490.0000     0.0001   228.6320   229.7120   114.3090   127.9320  -155.7950    53.8201
   490.0000     0.0001    35.3012   198.4230   -22.2412    68.9774    96.8435    90.0156
   490.0000     0.0001    32.8619   132.8320     0.3175   161.9820   161.9280    56.3444
   490.0000     0.0001    13.5507   127.0230   -34.7505    14.8256   266.2160  -135.8750
   490.0000     0.0001    31.3402   147.6200   -13.0756    25.9722   175.7340    14.8773
   490.0000     0.0001   105.2570    60.5469   111.2250    37.4701    82.3923    48.5269
   490.0000     0.0001    34.7548   150.9240   -13.7541   114.7470   178.0890   -25.1418
   490.0000     0.0001     4.7985   162.3630   -12.0606    31.1072   137.1830    47.2403
   490.0000     0.0001    33.4886   139.8300   -10.6633    96.1993   151.5960    11.0323
   490.0000     0.0001    31.2015   140.0160   -20.9716    36.7166   216.7310   -38.5310
   490.0000     0.0001    12.7705   147.3030    -3.9401    25.0509   225.8470    10.9670
   490.0000     0.0001    -0.2754   142.2670   -33.3678   -17.9801   259.5620   -54.7228
   490.0000     0.0001    52.3808    40.7000    77.1634  -126.0720     2.6835  -188.5580
   490.0000     0.0001    11.5355   131.5880   -38.5464    12.6643   262.6810  -167.3720
   490.0000     0.0001    38.9502   148.8820     4.2859   100.2420   141.0960   122.6280
   490.0000     0.0001    -7.5128   108.4910   -37.6096   -67.9045   205.8780  -133.6700
   490.0000     0.0001    20.8614   154.6880    -5.3237   113.9970   136.4100    54.8867
   490.0000     0.0001    28.4904   147.6180   -14.9358    29.3575   155.1680   -16.6251
   490.0000     0.0001    13.1984   124.7050   -29.6138     9.7491   244.9310  -176.6560
   490.0000     0.0001   -19.7832   186.8010   -36.1251    28.9300     8.9561    79.1977
   490.0000     0.0001    97.2417    -9.0247   142.5270   -66.9438   -89.7075   -84.3576
   490.0000     0.0001    31.8371   138.4320   -25.5054    52.5484   210.6400   -42.2289
   490.0000     0.0001    24.3167   162.6560    13.5447    29.3735   147.2820   137.7460
   490.0000     0.0001    25.2171   160.4160   -24.5765    35.9167   153.5270     0.6504
   490.0000     0.0001    96.0022    55.8637    80.0339   -81.2979  -141.0770   -36.0333
   490.0000     0.0001     0.5638   123.8730   -39.7594   -53.6479   192.3420  -100.4120
   490.0000     0.0001   152.1910    79.2981    72.9341    24.1483    36.1628    68.2120
   490.0000     0.0001    35.9626   161.7610    -2.4610    63.1466   134.9280    88.4501
   490.0000     0.0001     8.4613   113.3900   -31.4020   -23.2172   221.7320  -101.1370
   490.0000     0.0001    -8.8841   133.9780   -36.3954   -64.7765   231.7490   -86.4937
   490.0000     0.0001   -30.5974   191.4280   -40.4555    69.2393    27.2646    81.8037
   490.0000     0.0001    36.1325   158.8360     3.4515    73.9287   144.1560   100.4680
   490.0000     0.0001    19.7785   202.5440    -4.4684    84.9348    86.1385    91.9016
   490.0000     0.0001    13.3620   113.7030   -27.6882    -2.1296   252.4100  -112.6040
   490.0000     0.0001   106.3090     4.8883   173.9010   -35.0303   -87.9648   -76.3947
   490.0000     0.0001    22.2919   162.3710    -3.7301    66.2863   144.0020    31.2336
   490.0000     0.0001    35.4512   164.0980     0.8709    61.4873   147.3220    91.1452
   490.0000     0.0001   163.4260    58.2759   202.6000   -20.2293  -131.6170   -26.5510
   490.0000     0.0001    17.7276   153.1480    -8.7423   -16.5332   173.3300    39.4671
   490.0000     0.0001    24.5776    99.5067    -6.7802   -28.4376   245.3180  -179.6280
   490.0000     0.0001    -4.5106   130.4570   -42.3343   -65.1385   222.9300   -92.0849
   490.0000     0.0001    -0.8396   140.1820   -34.4863   -42.2299   249.3360   -54.8737
   490.0000     0.0001   162.1770    27.2994    74.9209    82.3562   -47.0058    65.8938
   490.0000     0.0001    27.0799   196.3950     8.0727    76.0160    78.5132    99.4658
   490.0000     0.0001   252.2560    22.5518   230.5090    31.9682  -141.3020    54.9636
   490.0000     0.0001   126.8330    79.0391    86.4023   -36.6757  -167.8790   -31.3834
   490.0000     0.0001    10.7820   127.8020   -32.9473   -12.7663   187.8360   -60.5714
   490.0000     0.0001   175.6770     9.5922   220.6880    -6.9890  -117.5010    -3.8424
   490.0000     0.0001   254.1650   109.9120   135.9210    30.8693  -169.5250    29.3761
   490.0000     0.0001    35.6338    80.5630   -10.5408  -113.7360   157.0070  -206.0540
   490.0000     0.0001   138.3870    20.6454   155.4390   -68.7602  -102.5510   -52.5525
   490.0000     0.0001    54.7377    27.3656    96.5536   -81.0368    -8.8366  -173.8450
   490.0000     0.0001    13.5400   121.9410   -26.6548    17.4692   250.4550  -145.3460
   490.0000     0.0001    -7.7451    94.8543   -45.0179   -86.8266   153.9500  -138.4540
   490.0000     0.0001    -0.4378   131.0390   -39.8153   -47.2742   249.9490  -115.8540
   490.0000     0.0001   109.4160    32.2289   160.1380   -68.3636   -94.9431   -85.3474
   490.0000     0.0001    -0.2754   142.2670   -33.3678   -17.9801   259.5620   -54.7228
   490.0000     0.0001    -3.1473   108.9430   -33.9334   -96.8583   207.6140  -176.1010
   490.0000     0.0001   -54.8530   134.9970   -26.2807    92.6848   -25.3430   114.4170
   490.0000     0.0001   185.6920    15.4034   261.1780    17.7313  -120.1380    21.2104
   490.0000     0.0001    76.2023    53.8124    47.4698  -141.8400     2.9929  -214.2200
   490.0000     0.0001    33.4160   133.6230   -17.0288    18.5986   191.0800    41.0731
   490.0000     0.0001    35.8396   207.4850   -17.9305    67.6231    45.2322    93.4080
   490.0000     0.0001     5.0741   151.4110   -38.1788    -0.6198   219.8540   -97.1520
   490.0000     0.0001     3.8100   174.9960   -22.7689     4.5095   130.0600    48.3730
   490.0000     0.0001    28.3973    84.2518     3.5117  -140.3850   194.8980  -196.0760
   490.0000     0.0001    28.7547   153.9880   -12.5142    69.2589   206.6090    -5.6365
   490.0000     0.0001    16.0725   205.8680   -10.6592    59.9193    19.9291    70.0192
   490.0000     0.0001     0.7750   125.9190   -35.6739    -9.7454   231.8410   -79.2926
   490.0000     0.0001     7.0638   113.4910   -39.1701   -32.0654   223.5350  -160.3090
   490.0000     0.0001    37.2932   170.2970    -8.2039    73.1092   151.4240    36.8128
   490.0000     0.0001    -6.6257   179.4610   -36.3077    71.2104   -17.2768   131.5680
