#         t          m          x          y          z         vx         vy         vz
   495.0000     0.0001    51.6602   166.2340     8.8710   112.9630    99.1432   133.4750
   495.0000     0.0001     0.7272   163.1430   -30.3666    40.5831   228.0760   -16.1760
   495.0000     0.0001   161.0160    -3.8326   238.9670    -1.1271  -117.6000    -3.7696
   495.0000     0.0001    11.8899   159.1720    -3.9920    92.8021   103.5890    79.7164
   495.0000     0.0001    -9.5319   122.4900   -22.9274   113.3630    -7.1717   181.5360
   495.0000     0.0001    13.5128   149.7090   -49.0637    12.6028   262.6430  -112.6530
   495.0000     0.0001     1.5525   183.4730   -21.9658    82.0943   -32.9279   146.8630
   495.0000     0.0001    34.2720    53.2944    34.4595  -111.9730   127.3650   -65.1492
   495.0000     0.0001    41.6060   173.0250    -0.1794   121.0350   145.2260    46.6753
   495.0000     0.0001    32.7313   169.6310    -0.3229   105.1830    82.3166    85.4861
   495.0000     0.0001    46.5942   179.9180   -13.2777    81.6496   127.9830    48.4463
   495.0000     0.0001   173.5340    95.0181   204.4420   -25.2680  -104.0570   -26.6707
   495.0000     0.0001    -2.9418    40.5677    27.3258   -97.5397    82.5666  -187.8660
   495.0000     0.0001    42.4654   200.3280    28.9932    81.8862    36.0528   108.9870
   495.0000     0.0001    91.2087     9.9614   123.7900   -91.5924   -49.1640  -112.8000
   495.0000     0.0001    46.3419   155.5740    -2.2730    97.8294   127.7160    99.9598
   495.0000     0.0001    32.6928   156.6520   -15.6847    64.3670   143.0620     5.9537
   495.0000     0.0001    29.9153   168.2510    -1.6967    32.7191   185.1440    58.8215
   495.0000     0.0001    19.9665   185.0570    -7.0895    61.3061    88.0291   103.3570
   495.0000     0.0001    16.0459   133.7070   -38.9967    31.3897   224.5820   -27.7448
   495.0000     0.0001    17.8307    88.6685   -23.1973  -134.3860   168.5300  -131.2010
   495.0000     0.0001    -9.6996   157.0090   -45.5396   -54.2743   231.8340   -51.8368
   495.0000     0.0001     4.8803   164.1510   -47.3194   -31.1249   206.1080   -48.3306
   495.0000     0.0001    -3.2530   160.3060   -41.7539    11.8961   237.9950   -51.0789
   495.0000     0.0001   123.5490    81.5085    93.4050   -14.3436    84.3144    36.8129
   495.0000     0.0001    32.0482   152.8560    -7.8103    34.0618   140.3850    68.2452
   495.0000     0.0001   238.5480    17.0504   237.8520    20.5732  -134.8670    34.0272
   495.0000     0.0001    20.8032   143.3730    -4.8891    61.4759   151.6380    74.4501
   495.0000     0.0001    -1.7302   152.8180   -37.2593   -22.9363   237.3450   -14.5521
   495.0000     0.0001    69.6752    38.4088    76.0074   -65.5563   -46.5241  -102.2760
   495.0000     0.0001    16.4370   144.9130   -48.6047    61.4312   239.2860  -103.8230
   495.0000     0.0001   106.6650     8.7928   173.3850   -43.6300   -78.7323   -85.0248
   495.0000     0.0001    -1.8198   165.8850   -38.8882    17.7915   250.6820   -50.4150
   495.0000     0.0001    67.3345    24.4271    95.6354   -90.2334   -42.4030  -180.8200
   495.0000     0.0001   261.9390   178.7750   128.4760    81.6337  -167.8590    36.6762
   495.0000     0.0001    29.8412   142.0750   -11.5123    79.7071    96.4286    62.7859
   495.0000     0.0001     4.1871   137.9060   -35.5032    18.6483   261.8490   -76.1712
   495.0000     0.0001    36.5264   167.9650   -11.6329    54.5403    95.0107    74.4316
   495.0000     0.0001    79.8845    14.8629   108.3970  -103.9430   -40.0011  -133.1710
   495.0000     0.0001    35.8387   155.2570   -13.5809    92.0017   135.3920    17.0320
   495.0000     0.0001   -32.2589   157.0090   -42.2131    79.2122    -7.3198   123.6640
   495.0000     0.0001     4.3425   153.8480   -41.5277   -13.8454   203.4150   -16.9578
   495.0000     0.0001     3.5964   154.2560   -34.4882    42.6840   188.7930    14.0517
   495.0000     0.0001    -1.3637   154.4710   -37.4572    26.2979   238.6400   -44.8803
   495.0000     0.0001     1.7865   155.2850   -37.7728    11.1351   190.8080     6.4543
   495.0000     0.0001   239.5130    28.7506   140.9220   -20.9537  -143.0580     9.1232
   495.0000     0.0001     2.7304   145.3170   -34.2048    34.8389   241.0330   -52.4964
   495.0000     0.0001    39.3952   148.4760    12.0149   125.1880    76.4337   179.3710
   495.0000     0.0001    37.1480   120.1990    37.6315   -33.8150  -158.7070    96.8956
   495.0000     0.0001    13.6717   183.3340    -9.8294    29.8329    95.2697    80.9045
   495.0000     0.0001    32.0569   161.5440    -4.1386   135.0530    85.7745    85.0204
   495.0000     0.0001   299.4060   230.5000   169.4140   105.8750  -122.8280    59.6201
   495.0000     0.0001   -33.9164     0.0342    31.5675    -1.7290   -72.2302    19.4385
   495.0000     0.0001    31.1955   144.1950    -8.4078    82.2869   163.0470    64.4837
   495.0000     0.0001    89.3072    32.0550    83.1000   -68.7479   -90.3359   -60.2092
   495.0000     0.0001   196.8940     3.8447   249.2900     8.1240  -119.3630    14.6780
   495.0000     0.0001    25.8384   119.1940   -25.1117   -91.4413   198.9270  -136.5620
   495.0000     0.0001    78.8578    29.4825    55.5650  -112.7850    17.6148  -185.3950
   495.0000     0.0001     6.5060   170.9670    -5.7100    54.5297   104.3300    77.8584
   495.0000     0.0001    37.7530   177.4260     4.7946    60.5285    95.4476    98.1496
   495.0000     0.0001   110.1190   118.0060    33.6937    94.9698  -112.5900    79.9544
   495.0000     0.0001    46.8608    30.3485    77.3446  -112.8030    16.5720  -183.6290
   495.0000     0.0001    37.5804   155.0980   -16.5891    60.8503    98.0778    72.4100
   495.0000     0.0001    -2.9208   174.2860   -24.0908   101.9480   -47.2392   157.3580
   495.0000     0.0001    32.5682   162.0550    -2.6915    50.7469    83.3603   112.7770
   495.0000     0.0001    33.9554   153.1370   -14.9687    12.9322   135.4530    63.5081
   495.0000     0.0001    13.9336    17.1974    57.9178  -109.2660    18.5955  -173.3000
   495.0000     0.0001     1.3316   159.9160   -30.8362    37.5290   228.9230     4.5735
   495.0000     0.0001    38.2918   169.5270    -0.8046    52.9926   115.1060    96.9083
   495.0000     0.0001     7.6044   153.5080   -39.1481    48.7220   221.9240   -13.9291
   495.0000     0.0001    -5.0762   149.9630   -29.9668    16.6959   125.5100    70.5724
   495.0000     0.0001    -7.1954   193.6780   -10.0096    44.9102    68.1780   114.4670
   495.0000     0.0001    -4.1493   168.5070   -40.3838   -47.4617   251.7060   -34.7066
   495.0000     0.0001    17.9728   147.2830   -45.2201    68.2868   247.5400  -154.0550
   495.0000     0.0001     0.6031   112.3280   -36.4718   -80.7171   206.3760  -128.6580
   495.0000     0.0001   303.8350   114.2060   154.6170    59.2914  -144.3120    38.9886
   495.0000     0.0001    46.7562   161.3010     2.0608   111.5250    90.1764   134.5340
   495.0000     0.0001    74.2833    27.0886    93.7660  -112.9020   -25.8928  -161.1280
   495.0000     0.0001    35.6393   159.2760    -8.7675    93.1741   208.4940    42.1327
   495.0000     0.0001    33.4053   157.7990    -9.3340    91.7025   200.8750    28.7888
   495.0000     0.0001     7.6223   129.4790   -37.1099    -0.6969   227.2100   -59.4186
   495.0000     0.0001    61.1180   165.2560     4.9619   -29.6573  -121.7760   226.8560
   495.0000     0.0001   148.1090    65.7999     8.4331    52.0277   -20.1951    44.4864
   495.0000     0.0001    -6.3803    55.3727    22.2254   -87.1690   109.9040  -194.9320
   495.0000     0.0001    45.9168   171.5400     0.7580    75.9401    92.9506   110.2190
   495.0000     0.0001    82.1779    65.7432    79.4474   -91.4700   -45.0618  -244.8480
   495.0000     0.0001    16.3444   167.9490     9.1492    46.9587    92.9761   140.2300
   495.0000     0.0001     7.9069   140.8000   -55.5040   -18.2443   242.3950  -139.5080
   495.0000     0.0001   -13.1521   105.6320   -47.7718   -53.6269   188.6450  -115.1780
   495.0000     0.0001   261.9620    41.0267   212.1560    31.1566  -145.9460    45.2971
   495.0000     0.0001   156.1960    60.8534   116.0370    42.4191    46.6497    69.5369
   495.0000     0.0001    15.3273   142.6890   -48.6526     0.8808   237.7140  -155.7770
   495.0000     0.0001    65.3256    34.7136    80.1548   -49.6361   -57.0928   -93.2292
   495.0000     0.0001    49.1112   172.6280     4.3534   103.4530    90.5559   106.6550
   495.0000     0.0001    -4.8717   153.6490   -43.0173     6.4592   237.7280   -64.1654
   495.0000     0.0001    45.9748   155.7670    10.7460   108.2080    80.6145   165.8500
   495.0000     0.0001    72.6536    28.5969   104.2190  -108.6200   -30.6189  -155.1930
   495.0000     0.0001     1.5016   117.6670   -26.0455   -54.4337   224.2640  -141.6640
   495.0000     0.0001   111.4290     0.5358   185.4820   -33.1149   -85.0974   -71.1311
   495.0000     0.0001    13.9664   145.7740   -45.4739    48.4128   250.3660  -152.5860
   495.0000     0.0001    20.4589   162.5560     5.9097    65.4680   163.0580    81.7631
   495.0000     0.0001   105.5030    68.4137   109.3430    20.2819   114.6980    23.8668
   495.0000     0.0001    46.9545    69.2963    55.3928   -71.8635    33.1617  -305.2010
   495.0000     0.0001    29.9449   144.0150   -24.9346    41.6482   159.6170    13.8211
   495.0000     0.0001    34.4342   162.7020   -17.7200    33.7264   104.7840    68.9158
   495.0000     0.0001    26.0507    94.1861   -25.9544  -122.3390   190.4520  -136.0590
   495.0000     0.0001   123.6370   -19.2754   204.6280   -26.5023  -101.0810   -39.4213
   495.0000     0.0001    63.3224   145.9860    58.5148    50.1835    68.1043  -316.2280
   495.0000     0.0001    10.9632   153.9590   -60.1035    35.7096   214.7690   -97.7766
   495.0000     0.0001     9.5647   139.8420   -55.8852    -3.9104   247.5540  -134.8480
   495.0000     0.0001     3.8623   128.6260   -43.9892     8.4874   233.6540  -125.6810
   495.0000     0.0001    14.9853    55.5017    30.5866   -70.9526   129.6610  -217.4910
   495.0000     0.0001    24.2057   159.3010    -3.1417    41.3994    79.2313   102.0050
   495.0000     0.0001     7.2273   165.6090    -3.6930    55.9229    98.6763    81.2666
   495.0000     0.0001    10.5519   136.6890   -36.2574    19.5156   250.3050  -114.1220
   495.0000     0.0001   128.8300    88.7036   133.5900    22.5459    70.1000    51.8285
   495.0000     0.0001    10.6705   174.7130   -21.4423   123.6060   108.3640    17.8757
   495.0000     0.0001    25.3335   160.1520   -52.0851    48.8067   254.3420   -75.2512
   495.0000     0.0001    45.3987   159.7670    -4.4707   111.3590    97.7181   103.8020
   495.0000     0.0001    68.2190   -19.0728   156.4240   -62.3783   -87.8341   -86.8753
   495.0000     0.0001   -15.0964   173.6080   -37.4298    76.9411    -7.6549   123.5500
   495.0000     0.0001   -16.0240   103.0500   -42.2780  -107.7140   160.9950  -108.9710
   495.0000     0.0001    -9.4965   153.0430   -41.3813   -21.2802   230.1340   -45.2489
   495.0000     0.0001    -0.8830   177.4390   -26.0675    90.4190   -40.5587   155.2740
   495.0000     0.0001    -4.8126   150.5980   -45.1992   -27.2937   263.3650   -88.8496
   495.0000     0.0001    -0.9571   158.8330   -27.0347    31.4292   234.4360     7.3215
   495.0000     0.0001    26.8060   202.1240     6.7283    55.6460    42.4236   116.5410
   495.0000     0.0001    45.3229   179.5730    21.7912   123.3660    50.6605   133.3820
   495.0000     0.0001   -32.8451   167.5270   -16.7886   -15.1151    82.2109    66.8756
   495.0000     0.0001    16.8645    97.1317    -6.6467   -88.2075   228.5150  -166.8940
   495.0000     0.0001    38.1609    30.4673    56.7251  -103.1460    19.1912  -209.3170
   495.0000     0.0001    34.0081   197.9960   -25.2227    74.8912    41.2389    58.7306
   495.0000     0.0001    65.4467   119.4130    57.0218  -281.9930   -38.4008  -114.6580
   495.0000     0.0001    32.4474   169.3120     2.6334   130.5370    93.2262   107.8700
   495.0000     0.0001    -3.5126   134.9000   -46.0181   -34.1114   217.5600   -67.6444
   495.0000     0.0001    40.9610   156.9250    -8.0155    75.7594   147.4230    67.3635
   495.0000     0.0001    34.0711   175.5130     2.7761   108.0360   172.5320    66.0306
   495.0000     0.0001   101.2670    -3.5271   136.2960   -77.1163   -66.2159   -93.0678
   495.0000     0.0001   -19.6627   124.4390   -49.2560   -68.3900   203.0630  -132.9320
   495.0000     0.0001   149.2590    45.2136    41.7815    39.9079   -19.3973    47.7676
   495.0000     0.0001    11.6855   165.4930   -52.2221   -27.0862   256.8090   -90.9603
   495.0000     0.0001    38.3336   204.7830   -18.1554    60.3941    60.1493   108.8050
   495.0000     0.0001    10.4894   153.9890   -40.3855    42.0720   229.4700   -33.9738
   495.0000     0.0001   144.2300    51.8076    65.9666    27.5230    14.2856    60.7762
   495.0000     0.0001    -7.6945   138.8410   -45.7957     0.9273   226.3330  -105.7800
   495.0000     0.0001    42.8673   150.1070     1.1225    86.4650   128.7790   128.1670
   495.0000     0.0001    60.6899    24.6723    80.5551  -108.0900    16.8116  -168.3570
   495.0000     0.0001    43.5822   180.8010     7.1768   103.4990    73.5049   133.1280
   495.0000     0.0001    15.2547   142.9740   -14.4512    26.6523   124.9360    14.2531
   495.0000     0.0001    36.2886   156.8830    -6.0752   125.0450    91.3006    93.8875
   495.0000     0.0001     5.4028   147.7070   -38.2229    51.8970   243.2510   -59.1698
   495.0000     0.0001    -1.0125   165.2180   -30.3547     1.6021   256.6550   -10.5164
   495.0000     0.0001    20.6528   175.5120   -16.5204    51.4561   166.0570     4.4228
   495.0000     0.0001   271.3290   142.9900   152.6960    70.8389  -158.8640    43.1124
   495.0000     0.0001   148.6290    28.7884   194.2780   -35.8454  -100.8860   -50.8457
   495.0000     0.0001   110.0970     0.4491   176.5410   -43.5108   -80.7016   -75.4354
   495.0000     0.0001   232.7760    18.4492   143.3860   -21.4412  -147.0100    11.3731
   495.0000     0.0001   123.4130     4.8881   169.7600   -58.7781   -94.8841   -63.9265
   495.0000     0.0001    34.2845    47.0586    -2.9540  -115.4360   100.7250  -190.1430
   495.0000     0.0001    14.1868   151.9680   -43.8855   -16.8702   221.1230   -23.2099
   495.0000     0.0001   -68.1319   147.5340   -28.4894    92.3818   -10.9911    98.8882
   495.0000     0.0001    30.0349   192.8510    20.6402    73.9270    39.3844   135.0970
   495.0000     0.0001    34.7971   152.5040    -9.4451    70.2031   106.2470    59.0091
   495.0000     0.0001    10.6018   165.3420    -4.7980    32.7642    91.7811    95.5621
   495.0000     0.0001    80.4558   108.8250   102.1240    23.2827   177.1710   -84.1790
   495.0000     0.0001    40.6630   174.7720    28.5381   144.9340    48.6199   141.9580
   495.0000     0.0001    77.4271    39.3101   121.6830   -74.1711   -42.8876  -168.5500
   495.0000     0.0001   141.2180    43.9543    75.0613    60.6952    -7.1794    62.0988
   495.0000     0.0001    -1.0919   161.4870   -32.8998    17.2415   219.2860   -11.2627
   495.0000     0.0001   187.5180    59.8564   229.9980    -7.4422  -138.1780    15.5202
   495.0000     0.0001     7.8648   173.4890   -24.1954    17.9331   221.1400   -48.0262
   495.0000     0.0001    -0.9685   198.6340   -36.4100    24.8993    28.0082    75.5990
   495.0000     0.0001   161.7400     8.4651   192.5040   -29.5393  -109.7660   -37.5160
   495.0000     0.0001    -2.8791   155.0420   -35.2077     6.6773   219.2690    -4.9952
   495.0000     0.0001     5.7866   113.7560   -19.2898   -78.1434   230.8930  -128.5500
   495.0000     0.0001    19.7841    38.1703    41.9646   -17.8976    69.4343  -232.3280
   495.0000     0.0001    44.5360   156.9890    -0.3907   116.8830    99.2015   110.1350
   495.0000     0.0001    29.7517   202.2320    14.2111    67.5401    43.4273    97.6483
   495.0000     0.0001    43.3331   181.6080    -1.0681   117.3870    71.1427   103.4260
   495.0000     0.0001    40.0227   159.2550   -11.7094    43.5435   132.5200    76.8635
   495.0000     0.0001    -5.9661   147.4180   -67.0286   -19.7940   220.8640  -174.7690
   495.0000     0.0001   146.4960    19.4786   164.2930   -45.7870  -100.0170   -71.7020
   495.0000     0.0001    19.4076   165.2540   -43.4327    53.6830   283.2390   -64.0824
   495.0000     0.0001     4.7817   150.2140   -41.1140    38.4815   259.6080   -83.8161
   495.0000     0.0001    31.9440   164.1110   -14.4614    56.2697   162.1220    12.8605
   495.0000     0.0001   -32.2589   157.0090   -42.2131    79.2122    -7.3198   123.6640
   495.0000     0.0001     6.1905   135.1540   -35.7514   -20.8281   255.3690  -118.8900
   495.0000     0.0001     1.6676   151.2420   -60.8116   -57.8979   240.0630  -123.9460
   495.0000     0.0001     6.0226   164.6550   -37.2883    59.5869   225.4930   -26.1745
   495.0000     0.0001     8.0668    89.9322   -18.9389  -122.4320   168.3760  -135.6200
   495.0000     0.0001    40.7865   162.7540     4.6695    78.1594   104.7120   124.6790
   495.0000     0.0001   179.1440    32.9334   211.1810   -19.8843  -113.0360   -18.7066
   495.0000     0.0001   -10.7346   135.1310   -39.2283   -12.2392   238.9180  -112.3260
   495.0000     0.0001   -15.0258   135.0410   -51.2471   -46.9290   224.4650  -130.7120
   495.0000     0.0001     1.7476   167.5090   -24.9389    19.1677   229.6940    10.6099
   495.0000     0.0001    -9.1730   147.5020   -38.6229   -32.9507   233.1180   -54.5158
   495.0000     0.0001    -0.1209   164.7140   -20.0521   -10.0743   218.0340   -16.9035
   495.0000     0.0001   -11.2816   148.5200   -48.5802   -43.7652   216.8480   -71.3198
   495.0000     0.0001     5.7194   102.9910   -28.8246   -38.5979   201.2610   -77.2799
   495.0000     0.0001     2.6216   144.9410   -51.1974   -23.1192   189.5250   -60.1391
   495.0000     0.0001    30.1651   161.8390   -12.3403    67.2592   200.2490    21.1400
   495.0000     0.0001    26.0555   171.5400     3.0045   110.2110    95.0220    77.6725
   495.0000     0.0001    14.3090    59.0247    21.8327     4.5911   127.1140  -243.0120
   495.0000     0.0001    -5.4536   156.2460   -46.1884   -30.7382   208.9540   -47.1132
   495.0000     0.0001    -7.1437   152.5860   -50.1873   -43.1269   216.6300   -66.8035
   495.0000     0.0001    14.8848   112.2970   -35.4144  -101.0830   190.3250  -115.8770
   495.0000     0.0001     6.2057   113.0520   -24.4464    17.4210   230.1320  -142.2090
   495.0000     0.0001    22.9363   174.3330   -16.1241    55.4479   155.7920     6.8094
   495.0000     0.0001    33.9076    32.2070    60.4785   -88.0289    56.4295  -200.0140
   495.0000     0.0001    62.7910    29.4075   102.8040   -84.2959    -6.4970  -173.0610
   495.0000     0.0001    26.8670    54.0769    53.1623   -85.4790    88.7331  -234.7210
   495.0000     0.0001    41.1502   158.2050   -17.8890   104.1310   152.4510     7.2582
   495.0000     0.0001   101.0990   109.1720     7.6120    77.2662  -124.9880    32.7730
   495.0000     0.0001   -11.7355   146.3970   -43.3415   -76.7800   225.7170   -56.8464
   495.0000     0.0001   -46.5007    62.9256  -104.5520    36.8875   -25.5240    65.8917
   495.0000     0.0001     1.0649   144.4490   -43.6390    -1.7957   255.8970  -100.6980
   495.0000     0.0001   -22.7006   160.6650   -44.3920    78.3936    -8.7506   125.3870
   495.0000     0.0001    36.4917   158.3080   -18.5425    75.3353   198.0910    24.2631
   495.0000     0.0001    31.8399   194.9010   -10.1180    54.2236    89.8967   119.3250
   495.0000     0.0001   117.2330    49.5120   141.7470   -28.4916   -89.1765  -140.9840
   495.0000     0.0001    14.1937   106.1710   -45.1966    25.8935   170.9760  -179.1130
   495.0000     0.0001    22.6384   168.7020    -4.3990    36.0172   130.6110    49.3038
   495.0000     0.0001    -0.4528   153.9530   -37.4785   -31.3943   244.1020   -10.1423
   495.0000     0.0001    14.8498   136.4520   -43.2152   -18.3771   251.1810  -117.1870
   495.0000     0.0001    92.2457   102.2570   130.7080    11.0671   104.1690   -13.4678
   495.0000     0.0001     9.3657   141.1550   -14.8558    21.6390   271.9110    -9.5545
   495.0000     0.0001    14.2316   193.9610    -8.3477    47.6387    84.4048    97.4404
   495.0000     0.0001    85.1919    44.3535    56.1434  -144.5630    -1.8000  -187.6900
   495.0000     0.0001    -1.2587   149.1930   -40.7915    19.8175   226.6250   -38.3432
   495.0000     0.0001   173.3380    36.0578   220.1140   -18.5795  -126.0240   -12.5531
   495.0000     0.0001    42.9740    55.0017    48.9987   -94.4042    74.1871  -256.5830
   495.0000     0.0001    18.0775   176.5220   -54.0625    16.8716   270.8220  -105.2680
   495.0000     0.0001   -83.2486    81.6906    -8.7367   114.4320    -6.8538    75.9150
   495.0000     0.0001    53.0257   182.1740    18.7187   114.1280    54.3639   141.6160
   495.0000     0.0001    46.8496   187.1370     1.8198    62.8426    71.2749    97.1871
   495.0000     0.0001   107.2100   152.0710   -73.8618    38.4303     5.1750    29.2095
   495.0000     0.0001    22.9999   185.4900   -19.8733    20.0157    92.5952    97.0641
   495.0000     0.0001   -13.9002   139.1470   -52.0006   -19.1659   224.2150  -138.7280
   495.0000     0.0001    10.2055    91.7247   -12.0921     7.5587   180.1000  -223.9500
   495.0000     0.0001    15.1385   170.2910   -47.1639     0.2332   219.3380   -43.4907
   495.0000     0.0001   211.5380    23.3561   239.2310     5.1906  -137.1950    28.0465
   495.0000     0.0001    52.8366   176.3120     5.3598   128.9680    80.2014   121.4310
   495.0000     0.0001   225.1450    -8.4228   231.0830     8.9372  -136.6590    38.0878
   495.0000     0.0001    48.2886   157.6780     9.2645   126.3960    81.5225   153.3200
   495.0000     0.0001    94.2425   -13.2782   192.0300   -49.2235  -108.7960   -52.7211
   495.0000     0.0001   -57.5840   122.9680     2.3419   132.1330   -16.3741    97.8830
   495.0000     0.0001    39.4499   167.2200    -4.5495    50.9392   112.0330    90.7952
   495.0000     0.0001    23.6576   173.9270   -32.1119    40.9027   121.3320    43.6621
   495.0000     0.0001   224.0050    69.1760   311.0910    42.3521  -116.2710    57.5166
   495.0000     0.0001   209.5270    17.6052   228.0810     4.3525  -123.4840    11.0405
   495.0000     0.0001    52.5330    19.8468   105.9380   -91.7232   -28.3395  -161.6070
   495.0000     0.0001    39.3340   181.3270     7.8353   109.7470    65.2404    90.8444
   495.0000     0.0001   198.6240    -3.0979   194.7780   -16.6343  -133.7090     0.8661
   495.0000     0.0001    -7.8160   153.7860   -44.3312   -35.4514   244.0690   -54.4444
   495.0000     0.0001   -16.0662   131.9150   -59.0817   -52.3368   211.9020  -148.2070
   495.0000     0.0001   171.1830    15.2850   195.9070   -17.3688  -108.1330   -38.5172
   495.0000     0.0001    -2.9840   145.5490   -48.1957   -50.2937   224.7820   -59.4267
   495.0000     0.0001   159.5240    45.1975   212.0510   -24.1584  -122.3530   -32.0474
   495.0000     0.0001    22.6455   163.6670    -4.6357    -4.3462   185.3910    70.8156
   495.0000     0.0001    34.0884    69.3015    20.2499   -56.1654   123.4520  -271.8780
   495.0000     0.0001    44.6090   172.5790     8.1358   144.8520    71.6430   120.9120
   495.0000     0.0001    34.3367   154.7550    -8.3453    81.2553   106.1620    54.6177
   495.0000     0.0001   157.9910    71.7521    96.5237    39.2216    60.9255    83.6648
   495.0000     0.0001   234.7760    51.8459   249.8300    21.5364  -120.3390    30.0574
   495.0000     0.0001     8.8667    29.3868    23.4826   -66.3753    78.0266  -198.9540
   495.0000     0.0001    -4.9391   153.7840   -39.1281    -3.4637   240.5770   -50.9439
   495.0000     0.0001   153.1450    -7.1118   184.4800   -32.4890  -103.1250   -41.8451
   495.0000     0.0001     0.1738   154.4990   -31.1343    21.3032   249.5620   -23.4352
   495.0000     0.0001    23.7169    62.3648    33.5130   -66.1781   147.3140  -233.5300
   495.0000     0.0001    29.8157   163.3850   -10.3887    99.6649   179.0740    13.3859
   495.0000     0.0001    -1.9181   154.0420   -33.8328    29.9082   214.8350   -12.7795
   495.0000     0.0001    18.1256   133.5880   -29.5224    30.1388   168.6160    46.2535
   495.0000     0.0001    32.8631   156.3160   -12.5557    52.3574    95.1386    71.9976
   495.0000     0.0001    33.5898   162.0580   -18.4330    50.2944   193.0650    12.2092
   495.0000     0.0001   -11.6965   106.5750   -25.4088   -49.0779   193.9570  -154.8720
   495.0000     0.0001     4.4193   166.5010   -51.8814   -39.3533   232.2930   -64.0563
   495.0000     0.0001     2.2212   156.3790   -35.9019    -9.5316   216.1130    12.0894
   495.0000     0.0001    38.9142   185.6220    -6.9341    62.6524    99.1110    69.7669
   495.0000     0.0001   -68.1319   147.5340   -28.4894    92.3818   -10.9911    98.8882
   495.0000     0.0001    75.6996    29.3002   121.8380   -77.3710   -53.9523  -158.7370
   495.0000     0.0001     8.3859   139.5540   -30.5660   -12.3962   261.4650  -105.3590
   495.0000     0.0001   -26.6030   163.2220   -32.0260    -9.4803    68.8517   -50.0500
   495.0000     0.0001    10.2390   172.6740   -12.2436    34.4174    94.5142    90.1697
   495.0000     0.0001    33.5358   181.6410   -29.3039    28.7651   125.2040    13.4530
   495.0000     0.0001     4.7717   144.8550   -25.6599    -4.6840   162.1210    91.0288
   495.0000     0.0001    19.5028   158.1470    -3.2260   109.6390    88.4006    80.9314
   495.0000     0.0001     2.4515   165.9850   -37.2465   -31.7461   198.1870   -10.6763
   495.0000     0.0001   150.9260    64.8217   104.9860    31.7123    66.2387    60.4276
   495.0000     0.0001    14.1798   150.1440   -42.5095    -6.0416   277.0310  -110.7280
   495.0000     0.0001   255.2600    76.0678   154.2740     4.3105  -154.2080    20.1832
   495.0000     0.0001    -5.4988   161.4340   -48.4837   -51.9906   228.8940   -55.7740
   495.0000     0.0001    18.1742   147.9080    -5.7990   112.1980   116.6410    81.8410
   495.0000     0.0001    21.1834   169.5790    -5.8424    98.6325   224.0010    25.3261
   495.0000     0.0001    45.4208   192.5390     4.0902    81.4960    64.2124   126.3080
   495.0000     0.0001    -5.4912   187.0570     7.4151    54.3819    91.3928   111.9600
   495.0000     0.0001    29.3979   155.9530    -8.6142    15.2609   146.4040    60.3338
   495.0000     0.0001   101.5090   107.1330    13.1791   102.5500  -140.2320    28.7855
   495.0000     0.0001    10.5594   145.4570   -49.7775   -24.3518   198.7490   -57.6013
   495.0000     0.0001   132.2100    -6.7273   161.5610   -53.5317   -86.7447   -62.8793
   495.0000     0.0001    80.6409    31.8429    79.9028   -66.4846   -73.0502   -70.5923
   495.0000     0.0001   -74.1738    86.1626   -46.9689    86.6810   -12.8297    90.9967
   495.0000     0.0001    60.4709    95.5239    27.6710  -155.2370    23.7128   227.5810
   495.0000     0.0001   169.2770    48.5719   209.3810   -22.5940  -119.6130   -28.2734
   495.0000     0.0001   -10.8604   146.1220   -48.7276   -26.6767   211.1710   -72.6421
   495.0000     0.0001    -2.0977   172.0710   -33.1754     0.7774    88.4013    65.0747
   495.0000     0.0001    14.2722   145.4000    -8.4090    37.1333   144.1010    31.8549
   495.0000     0.0001   147.1020     8.7909   205.9620   -27.5393  -104.1460   -37.8057
   495.0000     0.0001    43.7754    83.1688    40.1990  -139.3720    67.1527  -325.3520
   495.0000     0.0001     4.6125   172.3290   -29.7217     4.6021   266.5340    -5.2342
   495.0000     0.0001    32.3456   158.1920   -12.5019     1.1799   138.4190    63.3655
   495.0000     0.0001    15.7567   107.6350   -10.7613   -73.3138   246.1840  -147.4880
   495.0000     0.0001    73.0609    32.8926    62.2391  -124.6630    21.7789  -182.9550
   495.0000     0.0001   105.0600   396.6420    97.1377   180.5680   -48.4234    67.5779
   495.0000     0.0001   -23.2092    29.2041    72.9833   -29.0485  -103.3220    57.8533
   495.0000     0.0001    31.9373   143.2040    -9.4878    98.2906   145.4030    61.4979
   495.0000     0.0001    50.9076    54.1786    22.3682  -170.2680    85.0371  -189.1060
   495.0000     0.0001     6.8106   196.7170   -40.4506    36.7521    19.0799    87.8795
   495.0000     0.0001   125.5600   101.1090    85.4650   -55.1834    71.1207    31.4437
   495.0000     0.0001    -0.9378   148.0420   -30.5918    14.3099   222.4680     1.9204
   495.0000     0.0001    66.5238   -17.3657   122.0620   -85.6475   -57.2051  -100.8630
   495.0000     0.0001    -3.2477   152.0530   -48.6343   -55.2705   207.5870   -58.5081
   495.0000     0.0001     7.1287   180.1060     5.8285    51.1537    95.2866   137.4530
   495.0000     0.0001    -3.9824   153.0210   -40.0101   -30.9251   230.6720   -30.4555
   495.0000     0.0001   241.7480   245.3750   114.3370   131.4880  -147.9620    37.8060
   495.0000     0.0001    98.4588    40.5347    86.4562   -79.6302  -113.2630   -42.8822
   495.0000     0.0001    37.7270   158.2810    -6.5070   114.6090    96.7683    69.3407
   495.0000     0.0001   169.8180    76.8646    94.4932    42.2805    58.2834    80.8672
   495.0000     0.0001    27.6811   185.0990     1.1214    64.2119    96.1774    89.9187
   495.0000     0.0001     0.2074   159.5020   -31.8706    16.3567   245.0240     7.0541
   495.0000     0.0001    36.3786    61.6177    16.3267  -135.4460   139.8510  -205.1630
   495.0000     0.0001    -0.3710   156.1810   -34.0698    34.7850   239.1290   -14.9558
   495.0000     0.0001    37.3981   164.1830    -5.5446    64.4422   177.0460    60.4381
   495.0000     0.0001   -12.3121   127.4290   -48.9472   -45.1520   211.4160  -163.0770
   495.0000     0.0001     5.2679   146.6880   -34.1011    -9.7868   242.5090   -11.9992
   495.0000     0.0001    -2.2104   163.8230   -36.2070   -17.5665   251.7550   -22.3854
   495.0000     0.0001   -23.9774   166.3670   -35.6464    93.7968   -24.7200   136.0810
   495.0000     0.0001   288.8950   117.8470   168.4390    45.4460  -146.2910    35.2466
   495.0000     0.0001     2.4497   109.9560   -43.5938   -80.4691   193.2140  -146.0680
   495.0000     0.0001    39.8205   158.7980     2.3723    67.8407   116.2460   119.3310
   495.0000     0.0001    11.9959   108.9530   -11.5439   -69.4625   241.7340  -146.1840
   495.0000     0.0001    18.6509   197.3360    -4.1516    98.2981   -78.5676   139.8180
   495.0000     0.0001    18.5569   193.2560    17.4763    44.0132    53.9344   118.7500
   495.0000     0.0001   187.3120    -0.8417   220.4500    -6.9599  -118.3790    -5.3660
   495.0000     0.0001    24.2614   146.6930   -12.0549    43.5128    81.5632    61.0442
   495.0000     0.0001     8.3139    93.8528   -19.0183   -99.2708   200.0330  -149.1350
   495.0000     0.0001    87.6113    95.7152   110.8990     5.3073   147.1400   -30.4318
   495.0000     0.0001    60.6899    24.6723    80.5551  -108.0900    16.8116  -168.3570
   495.0000     0.0001    -6.2580   157.4100   -44.5238   -35.0647   251.4720   -52.8521
   495.0000     0.0001     1.5882   140.9460   -19.9697    46.2374   257.4940   -77.3497
   495.0000     0.0001    38.7778   170.2090     0.8162    57.4833    85.7465   119.0570
   495.0000     0.0001    30.8060    74.5318     8.8752  -175.4080   146.0450  -179.9500
   495.0000     0.0001    13.2694   185.0670   -32.1566    21.5043    87.6816    80.9314
   495.0000     0.0001   177.0450    18.7201   234.8740    -2.4022  -113.5030   -10.0588
   495.0000     0.0001    90.4723    11.3016   148.3880   -73.8532   -84.1112  -104.3840
   495.0000     0.0001    -5.4912   187.0570     7.4151    54.3819    91.3928   111.9600
   495.0000     0.0001   -37.2656   134.7340   -44.0834    85.1481   -18.1083   131.8620
   495.0000     0.0001     3.3685   114.2970   -21.8080    21.3982   214.2340  -181.5100
   495.0000     0.0001    27.4080   174.7920   -14.6741    25.3689   173.5640    30.4807
   495.0000     0.0001    57.6270     7.4609    98.5705   -62.8465   -13.5896  -163.7690
   495.0000     0.0001   138.5800     5.2203   168.7850   -50.1143   -95.1259   -62.8760
   495.0000     0.0001    14.9654   167.5350    -8.6464    44.2134   203.8670    29.3399
   495.0000     0.0001    45.2848    40.9580    80.6763   -97.2168    25.6130  -206.3050
   495.0000     0.0001    40.0198   161.2660    -0.7173    77.8703    93.6830   123.8850
   495.0000     0.0001    10.5955   160.0160   -48.2761    42.6993   193.9310   -43.6229
   495.0000     0.0001    -3.5077   195.5730    -9.3836    60.6543    75.7732   112.8940
   495.0000     0.0001    66.5238   -17.3657   122.0620   -85.6475   -57.2051  -100.8630
   495.0000     0.0001     1.7149   135.7330   -42.7159     1.9464   241.5220   -86.7704
   495.0000     0.0001     8.6443   180.5090   -10.6779    94.2733   -68.2539   165.5550
   495.0000     0.0001     6.7936   164.6810   -42.1427   -51.0573   277.1890   -44.2163
   495.0000     0.0001    11.7676    84.8853   -41.1798   -91.8378   150.9510  -162.6070
   495.0000     0.0001   280.8830    14.2168   168.4610    29.2576  -146.3260    31.2030
   495.0000     0.0001    47.4828   176.7740     7.9142    98.3369    83.9791   113.1050
   495.0000     0.0001    48.3251   159.1020    13.7800   163.8920    75.6787   154.5060
   495.0000     0.0001     3.1916   144.0010   -40.1236    22.2204   251.1580   -86.7117
   495.0000     0.0001   141.7920     0.9702   185.2940   -46.4074  -100.6140   -42.5365
   495.0000     0.0001    92.5890    24.1360   115.1970    72.3116   -29.0216    40.8801
   495.0000     0.0001     3.1263   150.2820   -41.8845   -11.5318   208.4360   -32.0864
   495.0000     0.0001   227.3600    44.7253   243.2390    17.7862  -129.2940    32.8182
   495.0000     0.0001    -4.0011   164.8120   -41.6442   -15.5095   276.0340   -62.1257
   495.0000     0.0001     9.5990   141.5410   -41.4768    42.0402    74.4270   -43.3768
   495.0000     0.0001    -8.7804   149.8920   -45.8275   -38.0183   216.9620   -60.4888
   495.0000     0.0001    41.4979   177.9740     2.4801    74.9872    86.6477   112.6720
   495.0000     0.0001    48.3567     8.0356    89.0627   -86.0158   -37.7287  -172.6500
   495.0000     0.0001   -17.9775   106.7710   -56.9900   -64.1815   166.8690  -125.0600
   495.0000     0.0001     6.4629   151.6680   -55.9896    12.8377   185.9370   -59.8870
   495.0000     0.0001    20.6234   105.7960   -28.8343    10.9730   185.8450  -184.0080
   495.0000     0.0001    29.7321   195.3310   -22.2491    37.2975    94.7873   104.9050
   495.0000     0.0001    44.3871   163.2120     4.7808   116.5020    86.1512   142.3090
   495.0000     0.0001    23.9418   148.2010   -38.3201     0.1275   267.0430   -91.1993
   495.0000     0.0001   146.9670    41.3168   192.5860   -42.2862  -114.3850   -49.2324
   495.0000     0.0001    38.9142   185.6220    -6.9341    62.6524    99.1110    69.7669
   495.0000     0.0001     8.0213   162.3820   -38.6217     8.6242   205.9710   -69.4418
   495.0000     0.0001    -1.2716   160.7630   -28.6402    16.9287   189.5730     1.3041
   495.0000     0.0001   -12.3548    69.2814   -21.3151    -6.4401   122.8380  -210.8630
   495.0000     0.0001    74.9259    20.1542   102.2860  -107.6320   -21.8933  -143.5580
   495.0000     0.0001    42.1386   166.5490     9.7615    76.7850    90.3111   169.5900
   495.0000     0.0001    47.3051    34.8262    74.1118  -120.0180    23.0716  -186.8710
   495.0000     0.0001    11.9932   159.0090   -44.8411   -64.6381   235.2830   -81.8417
   495.0000     0.0001     8.0683    76.2896     4.4837   -56.6439   167.3760  -215.7710
   495.0000     0.0001    23.1481   148.4950   -41.1262    73.9059   261.7750   -67.1079
   495.0000     0.0001    30.1405   148.3830    -9.0187    39.4200   156.1690    66.4919
   495.0000     0.0001   125.2840    81.9356    96.9896   -18.0186    75.9674    38.3360
   495.0000     0.0001   -34.6120    71.4801  -109.8910    25.8528   -22.4297    65.9357
   495.0000     0.0001    20.5816   116.3370   -27.6012    22.2716   245.8530  -114.5380
   495.0000     0.0001    -8.0403   153.0830   -41.9216    -7.2285   237.0660   -53.3935
   495.0000     0.0001     0.8773   168.2900   -31.0032    22.4905   247.3560   -17.0407
   495.0000     0.0001   -13.1704   127.3740   -45.7829   -60.7959   214.0590  -150.4740
   495.0000     0.0001    34.1566   167.3690    -1.0283    47.2718   116.0300    88.5765
   495.0000     0.0001    36.8857   185.9550    19.4715   102.5710    49.0215   133.2550
   495.0000     0.0001   222.1410    30.3413   237.0570    11.0258  -135.7230    29.2278
   495.0000     0.0001    38.1390   161.8980    -6.8681    47.3900   149.8460    67.3322
   495.0000     0.0001    46.8995   174.1500     4.9242   132.7700    72.2173   123.0180
   495.0000     0.0001    18.7605   154.0380   -57.8083    70.7197   234.0730  -129.9070
   495.0000     0.0001   143.6180    17.1727   165.9420   -50.9799   -96.2298   -68.0260
   495.0000     0.0001    15.4390   162.2380   -49.9453   -22.0018   261.4650   -94.3783
   495.0000     0.0001    -4.1675   152.7080   -37.5503   -11.3903   231.8330   -18.6789
   495.0000     0.0001    33.9943    74.9918    14.2925  -122.0480   181.9680  -218.7190
   495.0000     0.0001     9.0531   142.9430   -42.0847    39.7092   245.9620  -124.2160
   495.0000     0.0001    84.1035    18.2244   115.5030   -97.7981   -40.2084  -131.8330
   495.0000     0.0001     2.1428   165.8570   -29.1397    18.4266   234.7410    15.0160
   495.0000     0.0001    -0.0282   153.6930   -36.7905    27.2739   237.2000   -37.3824
   495.0000     0.0001    34.3507   160.2890   -14.0083    89.9085   154.8800     4.5871
   495.0000     0.0001   -10.6049   200.9960    -6.6346    83.3010    32.7221   115.7740
   495.0000     0.0001   146.1600   -20.1698   202.4040   -34.4716  -128.7340   -15.9547
   495.0000     0.0001    -4.3555   159.9040   -41.7153    -5.2919   237.7770   -42.0328
   495.0000     0.0001    43.2746   156.0550    -3.7486   113.6790   169.9370    80.5792
   495.0000     0.0001   166.2370    79.5300    63.5959    48.9647    18.2313    74.2815
   495.0000     0.0001     3.7736   154.3060   -39.7616   -22.1504   211.6310    -4.0580
   495.0000     0.0001   151.8160    63.5168     3.5637    38.3545   -13.8995    46.5907
   495.0000     0.0001    21.0207    96.8041    -1.3259   -93.2937   246.9650  -160.2960
   495.0000     0.0001    31.7621   192.6070    13.7124    87.5671    52.9812   124.0790
   495.0000     0.0001    -1.5356   145.0580   -46.8917   -47.2628   240.3730   -82.8067
   495.0000     0.0001     1.6451   154.7940   -35.0820    11.3600   229.9610    -1.1265
   495.0000     0.0001    96.7958    65.4368    73.3318  -115.3520  -135.9380   -74.0837
   495.0000     0.0001    37.6912   172.5910     5.8193    94.5503    92.4727    98.3857
   495.0000     0.0001    25.1211    43.3190    54.2479   -79.0176    45.8621  -233.7950
   495.0000     0.0001    10.5139   182.1280    -6.6085    58.3400    98.8579   100.7170
   495.0000     0.0001    59.6349   148.2510    17.2075   -38.8839   -88.1677  -280.1100
   495.0000     0.0001   270.2010    77.4331   166.7960    17.4315  -147.0980    24.8911
   495.0000     0.0001   221.9020    24.8765   212.8960     3.1183  -133.2460    16.5780
   495.0000     0.0001   216.3860    43.7746   219.2930     0.0197  -128.1620    12.8270
   495.0000     0.0001   138.8370     4.2900   178.0890   -49.8353  -101.0630   -52.3666
   495.0000     0.0001    99.8739    82.7910   115.9500    15.9174   125.5740    10.4482
   495.0000     0.0001     1.1195   158.1520   -39.5334    39.6775   239.3730   -39.5850
   495.0000     0.0001    -1.6305   139.5100   -40.9160    -2.0867   248.0110   -87.2761
   495.0000     0.0001    46.9242   196.7780   -19.3327   113.4320    63.6855    86.8243
   495.0000     0.0001    40.3915   158.5910     5.6928    77.1297    83.5441   145.1370
   495.0000     0.0001    37.2855   158.1100    -5.7719    43.9001   126.6550    94.1776
   495.0000     0.0001    46.9292   193.9030   -44.2357    75.3542    41.8145    99.1741
   495.0000     0.0001    34.9473    69.2636    14.5527  -144.2460   168.2460  -194.0240
   495.0000     0.0001    88.5127    11.1442   128.1940   -86.9867   -49.5880  -114.8360
   495.0000     0.0001   112.6740     8.3429   153.7610   -67.6023   -66.3823   -83.0577
   495.0000     0.0001     5.4397   147.5820   -31.4558   -21.2172   244.9120    -2.8135
   495.0000     0.0001    -3.1714   140.9320   -41.2126   -12.2194   232.7230   -50.2809
   495.0000     0.0001    28.7288   173.3240     7.7185   109.3610    78.1222   120.0540
   495.0000     0.0001    -5.7631   156.7080   -43.1646   -25.6329   236.8010   -41.5395
   495.0000     0.0001    33.5268   156.3570   -16.8661    48.3737   201.9670    18.3572
   495.0000     0.0001   -42.8673   127.7870   -46.9793    72.0533    -9.0836   121.0970
   495.0000     0.0001    18.2831   137.0950   -30.2640    31.9586   258.3890  -142.8080
   495.0000     0.0001    26.2848   175.6910    -6.0349    45.6313   108.4180    87.1303
   495.0000     0.0001    12.2328   143.8240   -46.1648   -11.7242   249.0440   -75.5974
   495.0000     0.0001     8.6171   110.4850   -31.6987   -69.3166   215.2720  -131.5580
   495.0000     0.0001     6.7510    90.7100   -31.9299   -37.8084   174.7630  -192.9640
   495.0000     0.0001   -51.2784    88.0092   -22.0025   136.4090    -9.0718   125.5770
   495.0000     0.0001    10.5341   142.2600   -44.1032    35.4015   257.8430  -102.9870
   495.0000     0.0001   141.3880     5.2267   195.9180   -42.1342  -102.9370   -40.0510
   495.0000     0.0001    42.8178   146.3750    49.8165   235.4500  -314.0180    72.7622
   495.0000     0.0001     8.7413   104.7170   -47.1778  -112.4240   167.5950  -120.7500
   495.0000     0.0001    39.9719   149.9100     7.9008    94.8485   123.5790   151.5650
   495.0000     0.0001    42.1987   102.6380     2.7450   -96.4612   184.1940  -263.1510
   495.0000     0.0001   -19.8546   119.7720   -61.6487   -40.4225     8.1269   -36.5087
   495.0000     0.0001   251.6290    30.2557   141.6600    16.6071  -155.4080    18.4638
   495.0000     0.0001   115.7560    24.1451   148.1590   -79.4172   -91.3257   -91.7981
   495.0000     0.0001    -7.7502   202.5770   -12.1846    84.8302    44.4612   105.4750
   495.0000     0.0001   -10.8132   159.4640    -9.6777   122.7040   -50.0013   166.7990
   495.0000     0.0001    38.8048   151.0850    -6.9195   104.8720   113.6420    73.1059
   495.0000     0.0001    16.5924   160.2500   -45.6783     0.4161   195.7060   -57.3619
   495.0000     0.0001     1.3007   161.7640   -32.1754     2.7920   296.5090   -45.1160
   495.0000     0.0001     0.8282   166.0050   -40.9062   -44.6761   213.5270   -25.0939
   495.0000     0.0001   -25.2095   169.7450    -9.5529    75.3825   -30.2724   127.0230
   495.0000     0.0001   208.3110    14.2221   182.9610   -27.3485  -136.8970     8.2977
   495.0000     0.0001    -2.2668   154.6670   -43.5280   -14.3966   198.0850   -21.7903
   495.0000     0.0001    -1.5557   140.8220   -42.4610   -14.6398   221.5040   -59.3943
   495.0000     0.0001     0.5323   138.7070   -40.4289   -10.0912   222.9120   -56.1391
   495.0000     0.0001    36.8322   163.3440    -7.5331    41.2747   104.6280    89.3489
   495.0000     0.0001     8.6852   155.1000   -39.9842    17.4717   186.8320   -42.0280
   495.0000     0.0001   161.5090     1.9906   184.8640   -27.7743  -111.8010   -44.7100
   495.0000     0.0001    38.0789   165.0830   -10.7777    72.2208   108.6170    84.0117
   495.0000     0.0001   -12.9675   110.0840   -59.5692   -73.5520   179.0550  -167.8660
   495.0000     0.0001   191.3660    64.5466   234.5040     4.3542  -122.0440    -6.2455
   495.0000     0.0001   -30.6098   139.0870   -78.0695    58.3408    -5.6589    99.6522
   495.0000     0.0001    -0.3484   160.3620   -35.8336    14.1741   245.8720   -16.1514
   495.0000     0.0001     4.1017   166.5620   -32.5691   -39.2071   214.2650     0.9271
   495.0000     0.0001    79.4246    36.2696    56.5017  -105.4960    11.7317  -206.4690
   495.0000     0.0001    41.0580   150.1160   -11.6430    80.8297   167.0050    65.5084
   495.0000     0.0001    95.5170    28.6869   117.9660    40.2022    -8.8132    58.0483
   495.0000     0.0001    -1.9484   166.6780   -31.6645     8.4218   217.7080    -5.8194
   495.0000     0.0001    40.5074   163.1880    -0.6510    87.4577    91.4828   101.5120
   495.0000     0.0001   177.4120   -10.2769   236.4150    -1.0869  -117.7860     1.2743
   495.0000     0.0001    60.6899    24.6723    80.5551  -108.0900    16.8116  -168.3570
   495.0000     0.0001   130.9460   104.2180    68.6235   -76.7646    63.7184    46.3994
   495.0000     0.0001   124.7280    12.6884   135.9560   -96.1907  -125.2060   -66.6433
   495.0000     0.0001     5.1451   171.5010   -11.0086    43.1187   101.6330    82.2786
   495.0000     0.0001     8.0988   170.8670    -7.7996    60.8934   100.7600    70.7896
   495.0000     0.0001    38.0062    -3.9326    92.0903   -48.0417   -16.0386  -162.1810
   495.0000     0.0001    22.6022   143.4030    -6.3478    82.9206   107.9410    72.6918
   495.0000     0.0001    24.2615   144.2820   -13.6906    77.2131   202.2660    33.1472
   495.0000     0.0001    24.1476    85.2511     6.7453   -58.4916   215.8400  -222.6230
   495.0000     0.0001   105.5070    24.7596   124.1890   -92.4845   -64.5948  -119.3700
   495.0000     0.0001   196.0380    18.1371   205.4040   -17.9557  -133.6250     5.9860
   495.0000     0.0001    13.9472   177.9200   -14.8281    35.6806    99.1517    84.9319
   495.0000     0.0001    26.2620   152.2250    -4.2386    27.8295   143.3000    83.0724
   495.0000     0.0001     3.9858   138.9790   -36.1413    -4.1766   221.5730   -22.2386
   495.0000     0.0001    31.0380   190.5710   -16.0704    48.6874   100.4640    49.1706
   495.0000     0.0001    78.7998    37.2904    57.4221  -114.5520    -2.0059  -205.1330
   495.0000     0.0001    -5.6450   142.7070   -41.3624   -23.0743   229.4870   -50.3986
   495.0000     0.0001    -7.0696   145.6730   -40.2124    -2.8040   226.0240   -63.1433
   495.0000     0.0001    16.9872   204.5540    15.1958    53.7066     8.0362    75.9215
   495.0000     0.0001   277.8280   175.0940   145.1510    71.1237  -155.8460    46.1491
   495.0000     0.0001    31.9701    84.4844   -11.7132  -109.0490   174.5050  -184.1120
   495.0000     0.0001     9.3628   144.5420   -38.0506     1.0095   227.3030   -24.7117
   495.0000     0.0001     1.6676   151.2420   -60.8116   -57.8979   240.0630  -123.9460
   495.0000     0.0001   163.7400    59.0135    46.4996    40.4402    -1.5658    58.8770
   495.0000     0.0001    42.9848   159.9430   -10.0199    72.6446   119.6920    85.2892
   495.0000     0.0001    20.6528   175.5120   -16.5204    51.4561   166.0570     4.4228
   495.0000     0.0001    37.7822   156.3680    -6.5262    96.4058   193.3660    53.1022
   495.0000     0.0001    36.8322   163.3440    -7.5331    41.2747   104.6280    89.3489
   495.0000     0.0001    44.0741   156.8140     3.3388   146.3720    85.8216   128.2100
   495.0000     0.0001    12.8352   156.3450   -47.2503   -40.3427   261.5740   -85.4931
   495.0000     0.0001    -1.9743    75.3548    -9.3676   -39.0993   155.4560  -206.0740
   495.0000     0.0001    29.1960   206.3070   -23.2965    64.4926    37.0090   118.7350
   495.0000     0.0001   -14.6628   189.4870   -32.5369    70.2439    29.0962   107.6680
   495.0000     0.0001    84.1449    23.0705    94.7235  -116.9700   -39.9920  -147.0650
   495.0000     0.0001     0.9619   117.8830   -38.2400   -15.0901   222.2350  -133.4860
   495.0000     0.0001   203.2650    12.7764   203.3490   -10.0136  -123.1030    -0.9209
   495.0000     0.0001    47.9119   155.4630    11.3026   157.8120    78.9266   153.0730
   495.0000     0.0001     8.2443   120.4260   -19.9741   -54.6271   244.6820  -130.3230
   495.0000     0.0001     4.0816   101.1460   -10.1055     5.6415   212.0400  -193.3990
   495.0000     0.0001    40.4305   150.2470    12.5290   131.7270    67.3846   174.3500
   495.0000     0.0001    20.5561   149.9180   -42.0683    -2.9973   278.3430   -85.6025
   495.0000     0.0001   194.1670    31.2193   206.0070   -15.9699  -128.8880     0.0801
   495.0000     0.0001    11.9959   108.9530   -11.5439   -69.4625   241.7340  -146.1840
   495.0000     0.0001    19.3287   190.5280   -11.1169    34.3531    95.2992    70.6752
   495.0000     0.0001   111.5510    80.8179    85.2102   -35.3445   108.8870    30.6295
   495.0000     0.0001    -4.5245   164.5170   -34.2958   -16.8728   230.7600    -6.6082
   495.0000     0.0001     4.5372   135.9010   -25.8832    31.6849   264.8780   -50.7277
   495.0000     0.0001    -3.4792    73.3698   -30.5297  -110.9630   136.8310  -144.0630
   495.0000     0.0001    89.0123    32.9304   -41.9262    25.4751   -35.9819    27.0882
   495.0000     0.0001    11.0823   189.1130    -3.1562    49.7857    79.3844   106.1410
   495.0000     0.0001   196.6520    11.1544   218.2660   -13.4110  -129.3260    11.8957
   495.0000     0.0001    29.6063   152.9950     7.1615    84.1030   174.3320   121.1800
   495.0000     0.0001     1.4543   152.3790   -33.3581    26.7861   247.4700   -35.7771
   495.0000     0.0001    29.8876    81.3167     8.4880  -107.9280   218.7300  -190.7800
   495.0000     0.0001    -0.3710   156.1810   -34.0698    34.7850   239.1290   -14.9558
   495.0000     0.0001    -0.5053   150.2960   -47.0969    39.0383   240.6660  -107.4680
   495.0000     0.0001    29.0865   156.4790    -3.9950    25.6156   119.1850    94.1657
   495.0000     0.0001     4.2526   117.3420   -27.5708   -44.4770   222.6450  -152.4260
   495.0000     0.0001     3.7287   143.2790   -40.8291   -27.0593   212.6450   -34.0150
   495.0000     0.0001    31.1561   149.0330   -16.0222    64.8595   127.7550    11.6468
   495.0000     0.0001   -18.0251   192.1920   -21.2311    46.7986   -11.7774    95.5956
   495.0000     0.0001    39.0119    44.9329    72.3313   -92.9296    32.0586  -224.0560
   495.0000     0.0001     8.9881    74.0960   -15.6507   -38.7520   181.6300  -146.1720
   495.0000     0.0001   138.1190    62.3854    88.0943    26.3229    69.5581    63.2251
   495.0000     0.0001    19.1269   204.5860   -11.3739    52.9968    67.9162    97.9186
   495.0000     0.0001   108.0380    14.2075   135.0940   -81.8822   -99.8819  -101.9160
   495.0000     0.0001    25.3252   147.8810   -38.3185     9.5646   176.2600   -25.3620
   495.0000     0.0001    -0.0692   155.6590   -38.9673    16.6970   245.1580   -36.2606
   495.0000     0.0001    -8.0403   153.0830   -41.9216    -7.2285   237.0660   -53.3935
   495.0000     0.0001    -5.0460   152.6000   -50.7259   -44.1923   256.3620  -102.0840
   495.0000     0.0001    -4.9149   160.1320   -38.5007    -4.6881   227.7530   -34.8921
   495.0000     0.0001   177.8480     2.5727   247.7310     0.5570  -113.2210     5.4602
   495.0000     0.0001    -2.2668   154.6670   -43.5280   -14.3966   198.0850   -21.7903
   495.0000     0.0001    19.8415   178.2140     8.2860    82.8998    94.0079   131.9700
   495.0000     0.0001    33.5997   149.8610   -22.3265    36.2312   115.2090    40.9583
   495.0000     0.0001   154.5850    67.5909    94.7013    33.2069    18.5853    63.9154
   495.0000     0.0001   -24.8626   184.0950    -4.4647    94.7137   -16.8594   126.9130
   495.0000     0.0001   120.7380    74.4764   119.5070   -18.8080    92.7949    -8.3362
   495.0000     0.0001    56.7072   131.1230    29.4276   180.6150  -299.7650   115.1690
   495.0000     0.0001    46.4004   156.9200     7.7201   148.5210    76.3082   146.9170
   495.0000     0.0001    23.3820   158.7090    -1.8388    38.1585    83.4340   107.2870
   495.0000     0.0001   112.9940    23.9470   168.7550   -64.3911  -102.7200   -80.6643
   495.0000     0.0001   -10.1305   153.4860   -51.0661   -42.0911   219.5180   -73.7806
   495.0000     0.0001    14.6545    12.5082    78.1980   -53.3736    -2.2112  -186.4610
   495.0000     0.0001    -1.1858   147.0970   -42.0990   -10.1012   241.3500   -55.9209
   495.0000     0.0001   191.1660    38.2644   226.8110    -1.3795  -122.1110    -9.1120
   495.0000     0.0001    55.5660   123.1260   -83.3590    24.5913   -11.2213     4.3004
   495.0000     0.0001    51.8319   126.1340    35.4621   355.9400  -214.4260  -101.1280
   495.0000     0.0001    89.0123    32.9304   -41.9262    25.4751   -35.9819    27.0882
   495.0000     0.0001    25.7204   186.3930   -56.8712   103.7030    80.5945    40.3694
   495.0000     0.0001   117.4290    60.1123   124.2380    37.8065    75.0102    43.8485
   495.0000     0.0001    57.6523    27.4243    70.2877  -123.9450    17.6034  -173.7380
   495.0000     0.0001    -5.4859   136.5920   -45.6294   -26.9910   216.9120   -77.3945
   495.0000     0.0001     1.8572   147.0550   -42.2100    -5.5579   247.9180   -53.8379
   495.0000     0.0001    31.9373   143.2040    -9.4878    98.2906   145.4030    61.4979
   495.0000     0.0001    -8.1990   172.9710   -30.7571    32.6435   104.6110    78.0470
   495.0000     0.0001    29.3916   176.5580     9.2268    96.9894    87.4879   139.0760
   495.0000     0.0001    33.7587    72.8564    11.1898  -140.2830   172.4340  -200.7880
   495.0000     0.0001    -8.1949   113.9150   -46.0203   -78.4365   193.5460  -152.3590
   495.0000     0.0001   262.5730    22.7633   164.7550     9.1074  -143.5790    26.1028
   495.0000     0.0001     1.3541   172.1690   -43.1422    -1.4672    88.1329    56.7596
   495.0000     0.0001   149.9890    27.5303   152.1270   -44.9252   -98.5641   -84.8633
   495.0000     0.0001    13.3243   105.8740   -32.9132    11.7265   222.8900  -108.5540
   495.0000     0.0001    34.7653   149.4190   -14.7481    77.1478   179.6650    41.4352
   495.0000     0.0001    -1.5390   151.1390   -39.8583    31.3753   241.6010   -58.6942
   495.0000     0.0001     1.3539   184.3530   -22.3469    80.1785   -21.8851   142.0560
   495.0000     0.0001    30.9162   188.8420   -28.9083    41.6919   110.1440    50.0713
   495.0000     0.0001    32.4136   158.2080    -3.8171    34.1221   124.0680    86.7324
   495.0000     0.0001    -3.4559   159.9880   -42.2273   -27.8231   262.1620   -46.7264
   495.0000     0.0001    33.8026   159.1600    -3.1244    48.0000   130.0430    81.0431
   495.0000     0.0001    -7.5583   133.6760   -13.5197    -2.3080   127.9600    51.9674
   495.0000     0.0001    -2.5173   133.5490   -43.1523    14.4158   235.2130   -91.9078
   495.0000     0.0001    47.0572    61.6226    25.8424  -142.7290   126.8170  -218.9810
   495.0000     0.0001    -3.7328   198.0200     6.1034    39.3505    41.9990   117.7420
   495.0000     0.0001   113.2400    98.9192    92.1498   -59.7754    77.1480    -1.3364
   495.0000     0.0001   158.6460    78.2979    77.2944    22.8015    51.9897    74.6509
   495.0000     0.0001    29.8095   172.7700     6.5309   111.9300    77.9150    87.0768
   495.0000     0.0001    72.5577    11.3854   115.2080   -74.7408   -27.5314  -145.1280
   495.0000     0.0001    18.7029    58.9281    30.3744   -55.1928   109.1070  -252.4870
   495.0000     0.0001   139.2070    62.2394    98.6995   -36.1822  -143.8960   -16.2934
   495.0000     0.0001    18.9908   193.5160   -13.9164    37.8242    95.3950    93.1366
   495.0000     0.0001    19.9706   121.0670   -31.0684    34.1376   244.7650  -106.0310
   495.0000     0.0001    63.2213    32.0760    78.8629  -124.4350     4.9527  -175.5280
   495.0000     0.0001    39.4312   184.4800    27.9913    71.4876    26.7928   147.4730
   495.0000     0.0001   114.2560    -1.8890   145.9530   -59.6921   -71.0304   -90.9493
   495.0000     0.0001    15.7257   135.5680    36.2503   306.4910  -136.5790   154.1630
   495.0000     0.0001    11.2814    35.6710    -2.0441   -42.1780    97.0373  -204.7890
   495.0000     0.0001     3.2415   156.0040   -35.3187    13.6772   201.0700     4.5328
   495.0000     0.0001   -12.3416   161.1990   -44.5612   -44.4694   242.4120   -62.6978
   495.0000     0.0001    -2.2255   158.8990   -41.7542    22.0720   239.7560   -56.5523
   495.0000     0.0001    34.3590   169.0840    14.1541   103.8600    85.6117   161.0830
   495.0000     0.0001   133.7880    20.4036   141.8330   -68.7458   -86.4520   -88.2753
   495.0000     0.0001     1.3179   142.2560   -42.9479   -15.1836   235.2790   -57.1534
   495.0000     0.0001    -0.8131   119.7950   -28.6298   -49.7524   223.4340  -142.3060
   495.0000     0.0001   234.3280    49.4900   239.1960    17.2810  -131.0040    35.7088
   495.0000     0.0001    50.2901    33.6113    68.2210  -114.2180    40.2515  -187.6350
   495.0000     0.0001     1.2274   166.5250   -23.9501    37.8651   106.9350    76.3735
   495.0000     0.0001    -6.0990   128.7630   -32.2814    16.1061   221.7130   -80.3171
   495.0000     0.0001    32.1726   166.0830   -16.0247    23.6096   166.9950    33.5617
   495.0000     0.0001   258.0570    46.6574   231.4590    27.9527  -138.9100    53.3397
   495.0000     0.0001    29.8262   160.7930    -2.3445    16.8994   123.6040    91.7011
   495.0000     0.0001    -3.8577   156.1280   -46.1147   -30.8131   255.1550   -65.9996
   495.0000     0.0001     5.3435   136.0660   -24.7714    28.4126   257.3500   -96.2300
   495.0000     0.0001   -35.0223   135.0130   -37.7643   102.1520   -25.4930   139.9270
   495.0000     0.0001    -2.2548   160.8160   -31.5915    20.4146   242.4470   -10.7259
   495.0000     0.0001     6.0226   164.6550   -37.2883    59.5869   225.4930   -26.1745
   495.0000     0.0001    28.0805   193.0810   -28.0511    52.5881    96.1659    43.0566
   495.0000     0.0001   144.2360    19.3256   173.1620   -61.4414  -106.2600   -45.4734
   495.0000     0.0001    37.8758   168.9630    10.7286    98.8588    67.2021   143.6460
   495.0000     0.0001    40.7242   200.9370   -28.1099    69.1021    68.8590   103.7820
   495.0000     0.0001    -4.1675   152.7080   -37.5503   -11.3903   231.8330   -18.6789
   495.0000     0.0001    34.9392   207.0250    -9.9428    65.9893    55.4283   115.6930
   495.0000     0.0001   -16.0736   125.3810   -58.2304   -55.8926   205.2940  -157.6670
   495.0000     0.0001     3.4017   152.7080   -60.3009    32.2816   224.2440  -135.0340
   495.0000     0.0001    37.4961   162.5660   -20.7115    78.2869   172.7600   -11.1369
   495.0000     0.0001   146.9670    41.3168   192.5860   -42.2862  -114.3850   -49.2324
   495.0000     0.0001    61.9760   144.3330    39.7846    85.2560   -58.9118  -357.9960
   495.0000     0.0001    19.2016   175.1590   -42.8835    57.2211   -23.7095   150.8490
   495.0000     0.0001    -5.6883   165.4730   -32.6358   -12.6151   227.0240   -11.6470
   495.0000     0.0001    68.1843    24.4808    89.6876  -109.7830     1.1552  -159.1310
   495.0000     0.0001    40.0061   164.7680    -6.4704    54.2902   133.5930    75.9000
   495.0000     0.0001    36.0763    33.7275    65.9179  -111.7750    52.8203  -183.6620
   495.0000     0.0001     7.6454   110.3630   -19.7603   -73.8947   228.2520  -138.1660
   495.0000     0.0001    -7.4025   137.4300   -46.6787   -18.1808   233.6010   -99.7102
   495.0000     0.0001     3.4352   179.2370   -15.9872    44.5595    98.9401   108.7670
   495.0000     0.0001     7.7763   166.3560   -37.7552     2.8866   204.3870   -24.8637
   495.0000     0.0001   220.2090    18.7941   208.5450    -0.9577  -126.8510    13.5609
   495.0000     0.0001    20.1374   142.4730   -10.2346    25.6008   129.1730    67.3879
   495.0000     0.0001    43.0125    64.4705    38.4932  -126.9700    63.9920  -144.7300
   495.0000     0.0001    44.0801   157.7180    14.7829   143.3060    81.2704   142.8330
   495.0000     0.0001    36.4430   152.2540    -1.2350    66.0359   124.1000   103.6820
   495.0000     0.0001     7.2080   100.4820   -15.8948   -99.1462   214.0620  -137.5670
   495.0000     0.0001    34.1297   159.9060    17.0356    -3.1780    89.2982   -34.5273
   495.0000     0.0001    53.2547    38.8157    47.5153  -142.1720    25.1949  -198.7070
   495.0000     0.0001   170.8940     0.7302   197.7200   -33.9726  -112.0380   -14.3254
   495.0000     0.0001    17.4107   158.4910   -44.1194   -27.0448   273.5060   -73.1503
   495.0000     0.0001   153.2580    38.0077   175.0740   -39.3400  -110.8450   -64.5988
   495.0000     0.0001   181.0930    16.5899   269.2910    15.5481  -117.9770    15.0238
   495.0000     0.0001    98.3957    33.8414   126.4770    45.7538    -7.5553    72.3016
   495.0000     0.0001    43.6248    37.9714    65.4680  -115.0100    36.9856  -201.2940
   495.0000     0.0001    31.5699   158.5200    -5.2195    21.5301   130.5040    79.6905
   495.0000     0.0001    -0.9378   148.0420   -30.5918    14.3099   222.4680     1.9204
   495.0000     0.0001   -32.8916   161.3390   -33.9835    88.3071   -16.1485   131.6530
   495.0000     0.0001    30.6652   165.4190   -14.4793    55.5915   157.2850     4.8158
   495.0000     0.0001    22.5027   198.4230    11.4597    74.9073    49.8025   115.4730
   495.0000     0.0001    29.8919   157.0610   -10.7833    13.9478   123.8380    52.7408
   495.0000     0.0001    26.9427    92.0805   -31.5977  -101.9680   180.2760  -147.8310
   495.0000     0.0001   236.2740   217.8570   113.4750   121.4290  -165.4060    32.2481
   495.0000     0.0001    10.0793   155.2490   -57.0352   -38.7855   247.9500  -117.8790
   495.0000     0.0001    98.3517    77.6948   118.6500    23.1586   117.8660     9.5186
   495.0000     0.0001    -0.6101   137.3330   -62.1140   -63.6122   217.4980  -140.8530
   495.0000     0.0001   152.5320    73.7937    63.4948    13.2267    31.6435    63.4331
   495.0000     0.0001    35.9930   156.0760   -27.8799    71.9917   183.0150   -17.7686
   495.0000     0.0001    48.8887    24.2431   102.7080   -89.0804   -30.1991  -174.2960
   495.0000     0.0001    37.8992   162.3430    -7.2734    50.1641   121.7820    84.3736
   495.0000     0.0001     3.4626   166.3550   -38.9790    40.1990   239.1520   -34.7654
   495.0000     0.0001    34.0351   152.7550   -16.0201    36.1367   165.9540    30.5481
   495.0000     0.0001   109.3370    11.3758    56.2476    89.5202  -123.4150    57.4826
   495.0000     0.0001    32.3828   143.8980   -14.2342    82.8152   128.3440    40.5926
   495.0000     0.0001   100.6110   -12.6242   187.1330   -27.9091   -96.6010   -70.0833
   495.0000     0.0001    26.0729   141.2140    -4.8801    57.5160   130.9290    92.1395
   495.0000     0.0001     0.7300   158.4610   -35.2926    -7.8660   247.8550   -10.9265
   495.0000     0.0001    -7.1954   193.6780   -10.0096    44.9102    68.1780   114.4670
   495.0000     0.0001    -3.6643   145.1280   -46.1658   -17.9724   214.9550   -58.3163
   495.0000     0.0001    27.1038   176.9440   -11.4482    42.6027   151.3000    32.6787
   495.0000     0.0001     4.3425   153.8480   -41.5277   -13.8454   203.4150   -16.9578
   495.0000     0.0001   -11.1859   142.2420   -10.0220   149.3140   -46.8132   181.9220
   495.0000     0.0001    55.7680   142.7720     3.6742   -23.2573  -100.1990  -236.6260
   495.0000     0.0001    24.8290   158.4280    -2.1576    20.9445   106.3140    94.1194
   495.0000     0.0001   -11.3139   172.7580   -24.2422   105.5610   -40.0094   150.4210
   495.0000     0.0001    -2.9439   150.8930   -41.2978   -41.4462   224.4850   -27.0542
   495.0000     0.0001   126.3960     1.1553   201.1360   -27.5021  -103.9030   -45.0474
   495.0000     0.0001    89.0123    32.9304   -41.9262    25.4751   -35.9819    27.0882
   495.0000     0.0001     6.3977   131.0220   -41.8177   -93.2384   176.3170  -112.7250
   495.0000     0.0001    32.7313   169.6310    -0.3229   105.1830    82.3166    85.4861
   495.0000     0.0001   145.4480    53.3807    38.9328    32.5276    -4.5328    51.3106
   495.0000     0.0001    39.8450   156.7900    -3.3323    67.4637   114.1710   110.1820
   495.0000     0.0001   -32.8925    94.8666   -22.0022   108.5710   -12.2827   141.6610
   495.0000     0.0001   106.4160   -16.4512   150.1140   -83.6091   -89.9798   -52.4972
   495.0000     0.0001    41.4979   177.9740     2.4801    74.9872    86.6477   112.6720
   495.0000     0.0001    90.6583    -6.5968   156.3780   -79.8264   -72.5973   -68.2706
   495.0000     0.0001    21.8349    96.6978   -11.7793   -97.1166   219.4200  -162.6330
   495.0000     0.0001   -30.7064   168.5180   -23.2474    91.8317   -16.9437   133.5580
   495.0000     0.0001   -20.8561   130.8840   -51.8199   -86.6748   206.2820  -113.1540
   495.0000     0.0001    43.0996   159.7370    -0.0222    67.7474   129.6130   109.2020
   495.0000     0.0001     5.0515   170.8040   -29.4946   -30.8963   275.0370    14.5895
   495.0000     0.0001     0.2560   139.3450   -40.9046    62.6007   216.4920   -99.4130
   495.0000     0.0001     1.6210   159.8180   -46.7032    60.1526   114.5960    23.8850
   495.0000     0.0001    56.8227    32.6138    79.8039   -67.6059    26.0129  -204.9840
   495.0000     0.0001    -1.9335   134.1000   -47.7346   -23.7873   226.0530   -89.7717
   495.0000     0.0001    38.1500   153.8870   -11.2032    52.8474   163.9420    54.5767
   495.0000     0.0001    -8.3662   142.5560   -49.3297   -34.5599   216.8650   -71.4925
   495.0000     0.0001    26.3852   157.5050   -56.5945     1.4533   250.6540  -117.4670
   495.0000     0.0001    45.4510   179.4290    -4.7294    91.3853    97.8008    75.6189
   495.0000     0.0001    -1.1575   156.2650   -13.3938    -4.9979   183.0640     1.0959
   495.0000     0.0001    36.6022   148.7930     4.9098    78.9255   132.6680   137.0890
   495.0000     0.0001    68.7665    20.0661   121.7670   -92.2895   -49.4421  -140.6730
   495.0000     0.0001   -20.9660   123.7420   -36.9981   -35.0231   193.5830   -99.1488
   495.0000     0.0001    33.5981   156.4260   -14.3324    35.5870   199.6020    36.0530
   495.0000     0.0001    -0.4276   160.1180   -39.3861    28.0848   240.0770   -36.6438
   495.0000     0.0001    10.2705   168.5990   -36.8736    53.6027   286.6960   -34.1942
   495.0000     0.0001    32.5944   120.0410   -11.6405    44.4922   267.6560  -170.4360
   495.0000     0.0001    28.1515   196.1950    11.2975    49.7661    47.3035   119.2440
   495.0000     0.0001    31.3405   159.5330   -10.4045    39.9193   125.5540    53.1253
   495.0000     0.0001   -48.8974    91.2049    19.4508  -125.2180   -43.0033   -18.6392
   495.0000     0.0001     3.9320   140.1050   -69.1236   -21.5652   218.1720  -182.0210
   495.0000     0.0001    29.9923   166.0530    -9.5323    57.5123   137.0440    28.3375
   495.0000     0.0001   142.0720    30.8669    72.1597    42.1400   -18.1285    50.5682
   495.0000     0.0001    21.2693   140.0440   -35.1955    38.4419   267.3690   -82.7876
   495.0000     0.0001   162.8290     5.3658   195.8280   -23.8785  -111.1110   -36.2574
   495.0000     0.0001    36.2710   176.4820     0.0218    63.3992    88.5360    91.5643
   495.0000     0.0001    13.0677   170.3940   -43.0655    53.6092   287.8710   -76.3210
   495.0000     0.0001     2.3315   172.9370   -59.3731     1.5165    75.1774    22.6546
   495.0000     0.0001   -21.7074   133.5120   -47.1954   -73.2720   192.1080   -84.7839
   495.0000     0.0001     1.9226   124.0360   -36.6318   -24.0873   236.9090   -86.8222
   495.0000     0.0001   163.9830    81.7758   113.8520    16.1716    55.4264    52.0995
   495.0000     0.0001    57.2696    33.4081    71.4187   -72.9719    12.1536  -216.8090
   495.0000     0.0001    -2.1698   152.8680   -36.8460     9.7502   249.4810   -55.6038
   495.0000     0.0001    35.3534   151.6710    -1.4415    93.7941    79.4035   121.1210
   495.0000     0.0001    50.2643   177.3490    31.3409   100.0210    13.6375   157.7110
   495.0000     0.0001    29.7780   181.8630    18.2449    55.8269    50.1869   153.1290
   495.0000     0.0001    -8.4998   159.4970   -46.9101    90.6699   -23.1234   130.4500
   495.0000     0.0001    33.2494   180.0220    11.8237   118.3820    74.1236   116.8520
   495.0000     0.0001    49.9440   155.2440    27.3800   165.8660    30.1781   201.7830
   495.0000     0.0001    55.2208    86.8677    47.2161   194.6160  -199.9170   101.4530
   495.0000     0.0001    10.3397    76.6386   -35.4893   -95.2459   141.1160  -169.9180
   495.0000     0.0001    37.9442   128.6970    19.7054  -118.3790    69.0948  -263.9830
   495.0000     0.0001    27.4959   158.4670    -7.3230     4.8728   126.9940    69.6717
   495.0000     0.0001     8.9881    74.0960   -15.6507   -38.7520   181.6300  -146.1720
   495.0000     0.0001    -2.4502   144.4040   -47.7791   -27.4631   204.7260   -45.9722
   495.0000     0.0001    33.5798   154.7980    -6.1481    68.0452   127.9620    62.4642
   495.0000     0.0001    -7.7758   149.0700   -43.5058   -15.9243   230.1980   -66.9537
   495.0000     0.0001   129.4890    55.7623   104.3860    37.8512    29.5356    58.9648
   495.0000     0.0001    27.5357    50.6050    34.2159  -120.4760   102.6410  -206.5000
   495.0000     0.0001    62.8909    32.3510   111.1470   -96.0706   -39.8473  -167.2340
   495.0000     0.0001    24.6738   153.2050    -3.5347    20.4232    94.9719    95.6990
   495.0000     0.0001    55.7885   144.4400     5.9348    88.3355   -53.9383     0.3894
   495.0000     0.0001    12.7547   128.2430   -27.7834     6.7438   249.0370  -115.4790
   495.0000     0.0001    -0.4985   165.6390   -33.0779    19.0101   239.2240   -13.2157
   495.0000     0.0001   -16.6607   145.4870   -59.9595   -47.8657   225.2600  -157.5590
   495.0000     0.0001    25.9645    41.3837    57.6468   -26.7967    61.0957  -234.3560
   495.0000     0.0001    27.3604   164.0280    16.3340    27.8812   136.5140   156.1820
   495.0000     0.0001     1.4932   146.9820   -25.2492    42.9308   256.9260   -97.4371
   495.0000     0.0001    53.3384    -7.0425   141.7880   -75.0640   -55.2257   -99.0622
   495.0000     0.0001   159.9020     1.3345   185.0890   -33.8510  -117.3920   -39.7294
   495.0000     0.0001   283.4920   107.3960   162.9700    57.6301  -148.8990    43.4323
   495.0000     0.0001   -12.7860   123.6530   -50.2487   -73.6719   209.0960  -115.4790
   495.0000     0.0001    -3.4792    73.3698   -30.5297  -110.9630   136.8310  -144.0630
   495.0000     0.0001     1.6676   151.2420   -60.8116   -57.8979   240.0630  -123.9460
   495.0000     0.0001    33.8748   159.8330   -11.9646    74.3857   101.5060    45.5737
   495.0000     0.0001    32.7361   160.2980    -7.1509    92.0025   183.3430    37.2480
   495.0000     0.0001    -2.4102   126.3970   -51.2363     0.7782   212.6610  -152.0480
   495.0000     0.0001   114.4790    68.2907    75.7077   -91.7829  -145.2140   -49.9678
   495.0000     0.0001     1.8925   161.5790   -17.4250   -30.9078   217.5100     1.8564
   495.0000     0.0001   128.4470    82.2680    95.3994    -2.2353    77.5192    43.0277
   495.0000     0.0001    24.7423   156.2090    -3.1629    24.5841   117.1870    83.4873
   495.0000     0.0001    71.1198   132.2920    68.9125   -77.9304   217.4340  -192.8790
   495.0000     0.0001   -54.9798   142.9340   -48.6370    -4.7807     7.1634    40.5852
   495.0000     0.0001   128.3710    66.9543    99.9304     9.1616    78.7542    53.0409
   495.0000     0.0001     8.3936   107.7940    -7.9117     9.0581   228.3140  -192.6740
   495.0000     0.0001    65.3331    22.9710   124.6720   -83.3953   -54.6035  -148.5730
   495.0000     0.0001     3.5348   167.0500   -36.9994    29.0880   238.8410   -14.7429
   495.0000     0.0001    25.9360   143.0310    -3.2539    69.4967   159.8860    85.5987
   495.0000     0.0001    33.6146   -19.7015    96.0863   -43.9685   -56.1298  -156.4580
   495.0000     0.0001    19.3455    57.9331    39.1918   -68.1853   112.3220  -240.4330
   495.0000     0.0001   125.6050    87.8273   -72.4842    42.3215   -30.8378    12.6975
   495.0000     0.0001    89.4900    46.8759    76.8234  -100.4930  -110.1860   -53.5689
   495.0000     0.0001    29.9557   144.2460    -8.1750    60.6091   148.8020    66.7354
   495.0000     0.0001    -4.5831   140.3510   -61.8672    -2.8962   214.8480  -173.0070
   495.0000     0.0001    15.0003   145.6670   -40.3017    39.6270   198.2290   -34.6837
   495.0000     0.0001     1.7781   157.3790   -34.9393    46.1833   245.2180   -26.7701
   495.0000     0.0001   -13.9064   199.3570    15.9007    53.2391     9.9379   101.1380
   495.0000     0.0001   104.9250    74.6405   119.2760    18.7173    96.5893    35.3841
   495.0000     0.0001    -9.9580   149.0910   -46.3185   -32.6739   219.9450   -64.0379
   495.0000     0.0001     7.0135   136.0230   -44.4972     4.6778   242.2510  -135.5280
   495.0000     0.0001    51.8750   100.8970    55.6338   120.0810  -369.4660   113.3150
   495.0000     0.0001    25.3026    62.3148    24.9307  -118.4190   149.4270  -199.3670
   495.0000     0.0001   -13.9064   199.3570    15.9007    53.2391     9.9379   101.1380
   495.0000     0.0001     8.4526   158.3160   -42.2545    73.7886   183.0770   -81.0509
   495.0000     0.0001    35.1197    71.9993    11.5603   -55.7761   150.0940  -254.4290
   495.0000     0.0001    17.4017   167.8870   -45.3232    23.0374   281.1290   -54.5596
   495.0000     0.0001     3.1911   141.4940   -26.5284    -9.4160   164.4070    73.5441
   495.0000     0.0001    71.4754    49.4751    39.7490  -150.8090    35.9111  -206.1220
   495.0000     0.0001    -7.8932   160.9800   -39.5646   -26.0333   236.4000   -31.5964
   495.0000     0.0001     2.8880   150.2130   -39.4198    23.1153   261.6490   -60.9951
   495.0000     0.0001   119.0230    -5.1811   135.2960   -45.2049   -76.5925  -107.9030
   495.0000     0.0001    35.4919   159.4550    18.0106   147.2220    70.4630   139.6060
   495.0000     0.0001    57.0878   135.1590    60.3086    53.7624   116.4930  -337.6640
   495.0000     0.0001    19.4369    99.7536    -8.5956  -109.1010   234.0950  -142.3710
   495.0000     0.0001    63.3379    23.5046   102.1070  -105.9060   -20.1065  -156.0840
   495.0000     0.0001    36.9429   160.0300   -10.3041    44.6098   135.5300    69.3780
   495.0000     0.0001    -2.9330   169.2010   -40.3536   -51.6064   278.3820   -62.9454
   495.0000     0.0001     2.0330   175.1430   -44.9809    -0.2444    83.0764    44.6891
   495.0000     0.0001    11.3040   163.7840   -47.7949   -42.7046   266.1160   -69.0916
   495.0000     0.0001    -6.8774   151.9290   -42.2907   -11.5344   224.0960   -51.9283
   495.0000     0.0001    37.8019    57.3144    60.0269   -92.6934    77.2302  -246.2650
   495.0000     0.0001   141.7920     0.9702   185.2940   -46.4074  -100.6140   -42.5365
   495.0000     0.0001    -0.6501   141.9280   -50.9922   -19.8828   206.4730   -61.9057
   495.0000     0.0001    45.3229   179.5730    21.7912   123.3660    50.6605   133.3820
   495.0000     0.0001    26.8389   161.3910    -2.7878    45.7822    97.9609    77.7559
   495.0000     0.0001   145.8420     9.7656   190.1040   -42.7246  -103.1990   -42.8207
   495.0000     0.0001    34.5646   211.9340    -2.9040    85.5748    10.0300   113.4680
   495.0000     0.0001    22.2757   140.2020   -33.4022    38.1410   271.6220   -75.6259
   495.0000     0.0001    12.8183   185.4630   -19.3566    54.6178    96.8625    86.7852
   495.0000     0.0001   144.2970    19.1572   145.2770   -80.0424  -131.2670   -56.8315
   495.0000     0.0001   -42.8673   127.7870   -46.9793    72.0533    -9.0836   121.0970
   495.0000     0.0001    31.5615   160.1900   -12.4569    90.5343   144.1080    10.4428
   495.0000     0.0001    12.2719    23.3648    54.0335  -106.4580    30.4289  -181.4260
   495.0000     0.0001   -12.3219   118.9660   -39.6751   -69.0966   213.7640  -133.8910
   495.0000     0.0001    32.9346   163.8330    -3.6498    39.7094   103.6900    92.2318
   495.0000     0.0001    58.1808   111.3210   -88.4251    30.0477   -19.1362   -46.6714
   495.0000     0.0001    11.9880   149.9830   -52.7292   -10.1923   247.7920  -128.6920
   495.0000     0.0001     4.1528   174.5850   -63.5187    63.8499   -11.9653    97.6298
   495.0000     0.0001     0.9650   180.1320   -54.4140    10.2507    65.3316    42.7572
   495.0000     0.0001    37.6922    66.4688    33.1239  -106.9210    62.2323  -164.3800
   495.0000     0.0001    29.6826   144.5420   -16.8648    38.9569   125.1990    38.6664
   495.0000     0.0001   125.9970     6.4736   167.3290   -55.8045   -83.8363   -67.5878
   495.0000     0.0001   141.3880     5.2267   195.9180   -42.1342  -102.9370   -40.0510
   495.0000     0.0001    21.8620   144.7790     3.0963    74.0514   112.4200   122.0850
   495.0000     0.0001   162.8290     5.3658   195.8280   -23.8785  -111.1110   -36.2574
   495.0000     0.0001    45.3596   157.3210     0.9361    81.9992   147.0920   119.4340
   495.0000     0.0001     2.0070   154.0000   -34.5644    17.2845   194.6490    18.6067
   495.0000     0.0001    43.0564   149.8970    14.8626    99.5905   121.3000   197.8700
   495.0000     0.0001     2.1405   152.6540   -31.9861    15.0704   213.5000     2.3365
   495.0000     0.0001    26.5064   199.2480    17.3995    81.9532    44.7580   109.8580
   495.0000     0.0001    22.6769   127.3880   -29.5328    49.1501   248.0970  -111.8480
   495.0000     0.0001    31.9373   143.2040    -9.4878    98.2906   145.4030    61.4979
   495.0000     0.0001    11.7072   181.9070    -9.6514    53.1037    98.8749    70.5419
   495.0000     0.0001    23.0817   196.7440    18.3575    69.2996    46.6239   130.3960
   495.0000     0.0001    32.2803   155.9300   -45.0286    75.4309   223.9700   -30.4373
   495.0000     0.0001   173.3390    23.6191   216.3530   -16.9030  -115.2290   -18.6478
   495.0000     0.0001     2.6609   154.1150   -34.6685    -6.2967   207.0100    12.7967
   495.0000     0.0001    52.7040    37.8496    88.0289   -87.8108     9.3539  -202.4070
   495.0000     0.0001    76.2110    21.1722    96.5343  -105.5780   -37.6971  -157.3270
   495.0000     0.0001   133.5700    37.2461   116.1050    45.3112    -2.7737    61.3943
   495.0000     0.0001    20.4501   181.1290   -13.8358    35.0265    91.1988    61.3445
   495.0000     0.0001    13.7263   151.2790   -46.4208    12.4554   271.4360   -56.1607
   495.0000     0.0001   117.0880    20.5745   162.5540   -63.7253   -80.1896   -83.3100
   495.0000     0.0001    21.8629   157.5320   -60.5737    21.7663   243.9560  -107.1770
   495.0000     0.0001   110.5090    22.1934   147.5120   -74.0985   -71.1927   -99.7791
   495.0000     0.0001   -10.8586   154.2970   -44.6502    -8.3866   241.5760   -84.1279
   495.0000     0.0001    13.1704   144.4940   -34.2674    28.2934   265.4630  -110.1770
   495.0000     0.0001    27.7392   146.1110    -4.6797   100.4770   149.2130   102.3940
   495.0000     0.0001    -1.8260   138.0560   -43.2074     4.1647   223.6010   -74.6260
   495.0000     0.0001    36.5088    52.6069    34.9049  -143.7530   104.3290  -202.0540
   495.0000     0.0001    13.8253   163.7750   -48.2452    24.4338   280.3190   -88.9794
   495.0000     0.0001    20.2435   119.4880   -23.6017   -79.4717   220.3680  -129.7850
   495.0000     0.0001    68.3228    23.1980    92.2930  -122.4480   -43.7837  -154.0970
   495.0000     0.0001    33.7816    67.8525    26.9596  -117.5800    87.4901  -134.0800
   495.0000     0.0001    33.3498   187.5510    18.1448    62.8225    60.5213   152.2330
   495.0000     0.0001    -3.8213   151.8780   -42.4784    17.1078   227.1640   -51.4567
   495.0000     0.0001    -7.4880   133.3190   -48.0978   -17.4534   223.4750  -107.2770
   495.0000     0.0001    34.9552    71.3707    26.2980   -86.2275   169.1970  -250.2060
   495.0000     0.0001     8.1075   128.8190   -46.0129    22.7944   209.6570   -42.7197
   495.0000     0.0001     1.4218   154.5000   -40.8279    10.5075   196.6200   -33.9243
   495.0000     0.0001     3.2247   109.5010   -39.1088    64.3738    -8.5119   189.3720
   495.0000     0.0001    18.8296   148.0200    -6.3047    53.4843   194.9620    47.3827
   495.0000     0.0001    -6.0437   153.6200   -54.0393   -70.0350   231.9270   -92.4109
   495.0000     0.0001    24.8290   158.4280    -2.1576    20.9445   106.3140    94.1194
   495.0000     0.0001    82.1779    65.7432    79.4474   -91.4700   -45.0618  -244.8480
   495.0000     0.0001    15.8638   146.7400   -50.9418    -6.8982   211.9350   -45.4914
   495.0000     0.0001    -0.9494   121.2070   -31.7840   -26.8116   229.0860  -121.1710
   495.0000     0.0001   -11.4175   151.7750   -49.1559   -42.7595   215.8230   -74.1459
   495.0000     0.0001   117.4200     4.3337   184.5200   -55.8409  -115.5430   -51.5330
   495.0000     0.0001    -2.6566   152.8140   -37.7515   -17.1767   232.4650   -11.2881
   495.0000     0.0001   201.5790    -1.6293   264.0270    20.4766  -125.0810    23.9410
   495.0000     0.0001    40.0917    -8.0422    86.3406   -73.5538   -51.9739  -161.1930
   495.0000     0.0001    -6.9948   142.8730   -40.0401   -10.1131   228.6450   -61.1767
   495.0000     0.0001    27.9027   145.1750   -15.8330    35.0626   131.7830    49.3157
   495.0000     0.0001   -10.5379   151.4020   -47.9408   -47.5143   219.3510   -62.1450
   495.0000     0.0001   160.6040    13.2256   199.0700   -31.5927  -108.8970   -32.4683
   495.0000     0.0001    29.7102    66.2627    35.1200   -58.5516   144.0790  -258.6050
   495.0000     0.0001    -5.9067   154.5630   -42.1474     0.3630   232.8860   -52.1893
   495.0000     0.0001   173.5340    95.0181   204.4420   -25.2680  -104.0570   -26.6707
   495.0000     0.0001    28.9786   165.3810   -12.3799    72.8085   151.1890    18.2386
   495.0000     0.0001    31.9841   146.9890   -54.7706    29.5346   234.5300  -135.7870
   495.0000     0.0001    21.3117    38.7062    62.1342   -36.3792    57.2183  -222.5740
   495.0000     0.0001   107.4960     4.1710   157.3870   -70.0302   -82.6265   -80.1928
   495.0000     0.0001   112.1530    22.2127   159.3430   -44.6611   -80.0685  -102.0610
   495.0000     0.0001    53.2507   160.0490    20.3196   141.9520    56.6507   171.2960
   495.0000     0.0001    -1.0764   158.7010   -43.6996   -28.6292   263.9890   -69.3067
   495.0000     0.0001    25.5468   169.9980   -12.1410    22.1846   160.6900    43.7662
   495.0000     0.0001    40.9004   165.2460     3.6404   100.3800    84.3138   117.3130
   495.0000     0.0001   174.8620     4.4184   198.3480   -17.9822  -121.6700   -27.2277
   495.0000     0.0001   -14.6919   134.6820   -55.7977   -48.4003   219.7630  -129.6030
   495.0000     0.0001   108.8360     5.0224   142.5570   -88.0134  -114.1330   -80.1054
   495.0000     0.0001   126.5260    64.9382   111.6880    32.1277    85.4017    60.5481
   495.0000     0.0001    33.0111   149.0970   -17.0347    71.7919   125.1500    19.6497
   495.0000     0.0001   174.1630   -21.2795   216.4180    -5.4908  -120.9960   -11.6957
   495.0000     0.0001    -1.4338   152.3070   -40.6538    36.3607   224.8530   -46.7773
   495.0000     0.0001    33.4032   143.5770     1.8369    92.9032    98.9362   135.3600
   495.0000     0.0001   -10.7558   147.8150   -57.1402   -67.9860   226.7540  -102.7390
   495.0000     0.0001    -1.0994   145.8460   -35.4161    -7.3925   261.5610   -65.0023
   495.0000     0.0001    36.3786    61.6177    16.3267  -135.4460   139.8510  -205.1630
   495.0000     0.0001    19.4799   181.0480   -12.9091    44.4559   102.8430    76.5630
   495.0000     0.0001    -2.3545   160.2110   -39.1350    21.1336   245.6420   -43.0332
   495.0000     0.0001     3.8204   133.0980   -24.6799    44.8290   237.2750   -42.3570
   495.0000     0.0001    29.0865   156.4790    -3.9950    25.6156   119.1850    94.1657
   495.0000     0.0001     1.6035   163.9410   -33.9543    21.5877   251.6890    -7.7271
   495.0000     0.0001   134.5730    72.0315   104.4500    11.5170    38.2582    45.8646
   495.0000     0.0001    84.1410    64.7287   -81.7812    14.7392     3.8692    86.2975
   495.0000     0.0001    -0.6292   139.2820   -39.1408   -29.2464   243.7510  -136.9760
   495.0000     0.0001    20.6174   165.7370     1.2445   101.8820    96.2090   116.8110
   495.0000     0.0001    -7.8278   158.0680   -46.5037   -12.4600   246.5140   -77.3249
   495.0000     0.0001     3.0607   172.1270   -31.4931    -7.0156   275.3110    -7.6376
   495.0000     0.0001    -0.1989   163.2100   -33.8768   -26.3314   256.0000    -0.4252
   495.0000     0.0001     0.1470   106.4850   -42.9819    67.2529    -1.2124   173.3320
   495.0000     0.0001     3.0867   153.2180   -39.7287   -15.8659   216.6400    -4.7676
   495.0000     0.0001    -2.0698   148.5110   -45.2560    -7.3165   247.0330   -73.3775
   495.0000     0.0001    24.4165   157.6010    -7.2404    68.6828    74.6292    59.2469
   495.0000     0.0001    36.7472   169.6230   -17.5046    83.5125   136.3550     9.0447
   495.0000     0.0001    -2.8195    84.3580   -34.0798   -36.4569   163.0460  -125.6050
   495.0000     0.0001    -6.9996   157.1270   -46.5602   -35.7552   251.4120   -67.2943
