#         t          m          x          y          z         vx         vy         vz
   515.0000     0.0001    12.5986   221.8460   -47.1662    81.7950   175.9470    15.8395
   515.0000     0.0001    14.7436   201.2240   -27.3150    76.1472   121.0170   103.2280
   515.0000     0.0001    21.0789   217.0360    -5.2811    93.3363   113.5980   103.7460
   515.0000     0.0001    -0.3029   204.1980   -38.6969    48.8642   161.5230    48.7275
   515.0000     0.0001    76.9539   145.9300    68.6385    36.2755  -261.8650   116.3600
   515.0000     0.0001    -0.9067   208.1660   -38.2571    46.9523   173.7170    44.2119
   515.0000     0.0001    13.8688   183.3140   -43.7388    53.3757   -15.7266   132.3960
   515.0000     0.0001    66.7389   153.9960    47.2956    86.8964  -185.7200   210.0420
   515.0000     0.0001    25.9130   244.9450   -40.7240    61.5751   209.7870    28.4912
   515.0000     0.0001   109.2950    84.3662    56.9262   239.6840  -142.8740     2.8393
   515.0000     0.0001    32.9936   175.6280    13.8745    45.2412    -0.4880   144.1190
   515.0000     0.0001    17.3291   210.3100   -25.3665    47.7957   102.8080    89.0274
   515.0000     0.0001    33.1772   184.4340    18.3461   100.3590   -50.8281   133.7890
   515.0000     0.0001   226.6960   286.2450   123.6810   143.2030  -143.8910    51.9628
   515.0000     0.0001     2.3441   221.9370   -41.5686    53.0752   177.8480    28.3010
   515.0000     0.0001     5.8938    97.3483   -35.9373   -60.2680   190.2020   -67.1834
   515.0000     0.0001    38.3063   166.3990    17.1472    95.8045   -50.9874   144.8310
   515.0000     0.0001   101.9390   -31.8440   158.2250   -75.2889   -64.8362   -86.4831
   515.0000     0.0001    20.3629   195.8360   -25.5640    66.9943   158.0580   121.8940
   515.0000     0.0001   126.0840    -8.7218   157.6620   -71.7065   -60.5953   -99.9896
   515.0000     0.0001    56.6028   175.4180    21.5535    68.3502   -17.5568   178.3800
   515.0000     0.0001    40.8979   194.2960    45.3408   119.8310   -82.8910   132.3900
   515.0000     0.0001   -39.1866   132.9810   -97.9318   -37.7681   144.9500  -105.6690
   515.0000     0.0001    20.5772   219.1430   -42.5810    83.2297   157.7060    46.6704
   515.0000     0.0001   -10.5368   179.7590   -62.3107    12.7882   191.5020   -49.3994
   515.0000     0.0001     7.6860   110.0950   -16.0372     1.4958   238.9330   -83.5573
   515.0000     0.0001    74.1701   153.4950    55.7021   147.2890  -183.9590   166.5680
   515.0000     0.0001    26.6031   114.1000    -9.1233    50.1615   265.7100  -116.3140
   515.0000     0.0001    32.6906   215.3270   -25.0077   104.5290   111.3110    74.9585
   515.0000     0.0001    40.0623   170.1830    24.4045   116.2220   -63.6366   142.9330
   515.0000     0.0001     5.9664   132.4990   -33.0256    -3.6238   222.3010   -49.1397
   515.0000     0.0001    37.1026   175.1620     6.0949    83.9100    43.2246   130.9100
   515.0000     0.0001    54.0459   161.2310    62.9897   179.8310  -154.0730   149.7260
   515.0000     0.0001    10.3192   201.7480   -94.0005    50.5040   182.2520   -83.5735
   515.0000     0.0001    25.2648   202.9610   -29.9325    33.7221   107.2240    84.8571
   515.0000     0.0001    19.7180   206.5770   -25.8757    77.3945   148.2390   105.3940
   515.0000     0.0001    36.5991   202.8480   -44.8192    55.0776   202.2050    29.4154
   515.0000     0.0001    69.6856   183.7040    45.8609   145.9440   -43.4152   155.9670
   515.0000     0.0001    77.6634   149.1400    70.8477    35.9690  -242.6430   119.4200
   515.0000     0.0001    51.2553   183.9460     8.6020    71.4905     1.0165   116.0160
   515.0000     0.0001    66.5117   166.0240    39.3466    70.6071  -133.4690   206.1500
   515.0000     0.0001    70.3705     9.6638    81.6245  -110.4600    31.9356  -169.3870
   515.0000     0.0001     8.9693   220.0920   -25.4608    71.6863   157.5550    66.4844
   515.0000     0.0001   139.6770    -7.1509   185.1150   -56.0775   -74.2041   -77.2262
   515.0000     0.0001   280.1550     7.7353   209.3900     6.4947  -130.6880    26.0287
   515.0000     0.0001    23.2771   209.6770   -36.1464    98.5234   181.0350    64.8447
   515.0000     0.0001    20.0734   131.2650   -13.1318    82.6033   253.8870   -71.0899
   515.0000     0.0001    -6.4126   207.1680   -64.3988    38.6030   197.0110   -20.8358
   515.0000     0.0001    13.6992   210.4390   -23.8543    89.6926   133.6510    80.7187
   515.0000     0.0001    19.9103   209.9190   -39.7117    64.3432   128.5610    46.1292
   515.0000     0.0001    33.2786   218.1170   -20.4335   125.2660   130.1350    93.9001
   515.0000     0.0001    53.7432   165.5380    43.3515    90.9381  -128.9060   182.2260
   515.0000     0.0001   181.7040    21.0063   221.2060   -28.5476  -104.4080   -45.0575
   515.0000     0.0001     5.9725   205.6950   -27.1333    69.5285   156.5690    69.7263
   515.0000     0.0001    48.6176   122.6130    35.6235  -168.1770  -170.9760  -334.4840
   515.0000     0.0001    61.9752   143.2320    50.7174   171.7880  -198.9530   237.4770
   515.0000     0.0001    69.4599   146.5830    65.7278    83.5232  -257.7440   158.5890
   515.0000     0.0001    16.3977   173.5740    53.0130   189.0580  -137.6610   106.7910
   515.0000     0.0001   -13.6208   220.2670   -45.8734    -5.7922   179.4420    30.3615
   515.0000     0.0001    36.5070   229.5950   -17.9422    98.1885   143.1550    77.2232
   515.0000     0.0001    18.7752    67.9950    13.7485   -15.0568   208.1540  -188.4910
   515.0000     0.0001    18.3084   230.6010   -66.5687    14.7569   205.6640   -11.1237
   515.0000     0.0001   -11.4486   205.9360   -64.6517     2.4841   163.0250    -2.2918
   515.0000     0.0001    27.0538   218.0700     8.9460    91.7888    95.4632    78.8808
   515.0000     0.0001    18.6983   121.8960   -12.2117   -52.2311   261.1810   -31.1095
   515.0000     0.0001    35.0276   168.2410    35.8376   131.6160   -89.7928   173.5390
   515.0000     0.0001    45.3744   175.7650    18.5705   102.8530   -72.7338   133.3210
   515.0000     0.0001    50.3209   204.3320    39.9170   114.4500   -80.0971   147.5310
   515.0000     0.0001   -20.7879   199.2940   -48.3526     6.6102   182.1960    16.2519
   515.0000     0.0001    68.2229   -21.2008   109.8010   -60.8515     3.0037  -143.2840
   515.0000     0.0001    20.2678   211.8800   -30.3143   102.7990   163.5030    70.9004
   515.0000     0.0001    54.2635   179.0330    57.8088   104.5400  -171.3000   100.9750
   515.0000     0.0001     2.9656   187.6760   -24.2841    78.5225   -19.8984   132.9800
   515.0000     0.0001    69.3525   155.9800    40.3089    79.8095  -145.1620   230.9760
   515.0000     0.0001   -26.2325   209.8090   -59.4278   -13.6386   201.5700   -34.5765
   515.0000     0.0001    43.4175   169.1900    29.7971    90.0558   -34.1329   185.4970
   515.0000     0.0001    31.8487   211.8840   -26.5839   112.4850   171.0090   106.2000
   515.0000     0.0001   -23.1596   205.0460   -47.2897   -10.2384   181.9460    19.3186
   515.0000     0.0001    31.4589   211.4030   -33.0787    43.6976   216.5270    67.1083
   515.0000     0.0001    28.1747   202.9610   -27.8837    92.9316    94.5210    49.7108
   515.0000     0.0001    74.2031   146.5820    48.1483    79.4267  -188.6090   246.3840
   515.0000     0.0001    21.7779   208.4230   -31.6289    34.6491   117.5620    94.6358
   515.0000     0.0001   129.1730    72.5975   111.6860   -43.0939    87.3894   -12.9539
   515.0000     0.0001     0.7746   213.8620   -37.4258    47.2672   178.8900    46.3338
   515.0000     0.0001    80.7327   123.2980    75.1469    -2.3057  -287.1180    79.1989
   515.0000     0.0001   104.7480     6.4667    94.2295  -114.6510   -11.0412  -145.4880
   515.0000     0.0001    76.6892   141.3520    58.4639    88.3515  -277.3630   167.3340
   515.0000     0.0001   265.5490   305.9150   130.4130   136.9160  -118.9140    41.9493
   515.0000     0.0001    60.3055   152.7120    44.6907  -161.3880   -39.4092  -257.2100
   515.0000     0.0001    90.6918    12.3201    90.5801  -119.5850    -6.1869  -163.1530
   515.0000     0.0001   100.2930    39.2870    67.6282  -156.1700   -42.9531   -77.4119
   515.0000     0.0001    32.4187   216.2120   -30.2482    63.7904   108.7040    86.2099
   515.0000     0.0001    42.6060   187.8590    44.8413   129.9000  -160.6660   128.3810
   515.0000     0.0001    60.2966   162.5180    51.2322    87.3283  -162.9370   186.4210
   515.0000     0.0001   144.6690    95.3813   112.3830   -58.7163   111.7370    -7.2411
   515.0000     0.0001    45.9310   198.3930    41.4801    91.3873  -107.1170   144.7220
   515.0000     0.0001   165.4020    89.3427    81.7566   -57.0633    49.0304    49.6753
   515.0000     0.0001    79.1013   133.6340    64.1260    42.3137  -248.0070   215.9260
   515.0000     0.0001    54.6886   182.7010     1.2155    73.2255     8.5143   106.4790
   515.0000     0.0001    -5.9731   202.9790   -78.0622    40.6848   150.5200   -36.3202
   515.0000     0.0001     0.1901   224.2070   -42.0949    43.3715   186.0190    31.6009
   515.0000     0.0001   -19.5126   219.8570   -92.0019    -0.9448   200.8330   -81.2857
   515.0000     0.0001   -14.5013   173.7820   -75.8664    -2.0675   185.0070   -70.1361
   515.0000     0.0001    40.4442    11.5323    63.2197   -91.4817    60.5995  -184.9500
   515.0000     0.0001    13.9565   226.1680   -33.2513    71.1339   168.3550    55.4403
   515.0000     0.0001   164.7630   -36.5788   246.7390    -6.2747   -97.1076   -30.6980
   515.0000     0.0001    11.9716   215.4370   -14.8682    79.8851   150.8450    93.8998
   515.0000     0.0001     7.2298   149.3400   -16.7581   109.1670   -66.3976   192.1030
   515.0000     0.0001   188.3780   -18.2460   254.0080    -2.5932  -102.1690   -21.7791
   515.0000     0.0001    -7.4108   211.1020   -47.1430    28.8303   165.0930    30.4770
   515.0000     0.0001   -30.0626   100.9000   -13.4899   156.8750    -4.2640   164.7820
   515.0000     0.0001    32.8165   223.2660   -25.3275   107.4640   131.4400    70.0185
   515.0000     0.0001    52.0869   123.3750    51.0949   379.0250  -237.4070   302.1770
   515.0000     0.0001   -17.7483   206.4300   -66.4152    17.2067   182.7660   -22.7806
   515.0000     0.0001    29.8704    58.4548    23.4446   -85.8546   194.8840  -188.7730
   515.0000     0.0001   190.7810    36.1973   228.0560   -26.9830   -93.3966   -34.3891
   515.0000     0.0001   -24.6780   226.6730   -67.8202    -9.9659   207.5750   -36.9647
   515.0000     0.0001    43.5179   167.7160     9.0565   110.8400   -37.6736   133.0340
   515.0000     0.0001    35.0442   198.7500   -32.1505   108.7950    80.0286    85.1742
   515.0000     0.0001    30.4205   169.6300    23.3202   176.2460  -129.3810   193.3490
   515.0000     0.0001    42.2749    19.4764    72.4477   -86.2218    55.9826  -201.0880
   515.0000     0.0001    20.1881   216.2670   -15.2747   110.3440   145.9440    97.5768
   515.0000     0.0001    50.1879   165.8470    36.2756   111.9330  -110.4770   168.2660
   515.0000     0.0001    35.3447   222.4930   -13.8359   126.9340   157.2210    92.6663
   515.0000     0.0001    56.2160   151.1780    33.5227   150.3890  -142.9810   211.0130
   515.0000     0.0001    28.2431   220.1650    -6.2547    87.3545    95.5780    88.7643
   515.0000     0.0001   148.9590     2.0968   176.3010   -55.2515   -80.5985   -87.1230
   515.0000     0.0001   234.3100   -34.4444   200.8330   -18.2704  -110.7270    -5.8638
   515.0000     0.0001    15.4677   183.0620   -34.3493   105.2930   197.3400     8.5524
   515.0000     0.0001   139.9330    18.0412   144.2780   -59.2287   -69.1413  -126.7880
   515.0000     0.0001    10.6899   201.5240   -15.2533    55.1483    81.4837    94.3773
   515.0000     0.0001    61.0211   167.7810    47.9059    86.6664  -148.8930   168.5010
   515.0000     0.0001   145.0310    -9.4443    84.3370     8.8973    15.4386    33.3834
   515.0000     0.0001    54.5647    99.6046   -21.0857   -22.7897  -167.8830   -18.0295
   515.0000     0.0001   153.8390   -22.2081   167.8670   -62.4292   -74.2874   -64.6034
   515.0000     0.0001    36.4051   170.7510    16.0991    58.5448     5.6284   182.6060
   515.0000     0.0001   230.1230   -21.5690   206.5450   -24.8340  -125.5540     4.8113
   515.0000     0.0001    35.5185   176.5570   -11.8857    80.9187    36.1999    69.9760
   515.0000     0.0001    -6.5991   164.1860   -47.8286    10.2745   199.8660   -34.8045
   515.0000     0.0001   142.2400    -9.5277   194.7950   -50.9465   -82.9207   -70.4652
   515.0000     0.0001    65.0555    37.3470    33.6523   -93.8179   132.7870  -206.9110
   515.0000     0.0001     4.0368    50.0430    28.0732   -20.0405   160.3810  -181.2490
   515.0000     0.0001     4.4756   234.7730   -38.8797    28.1822   207.1820    36.4320
   515.0000     0.0001    36.4752   169.8430   -42.9961    69.1369    42.0070   102.5590
   515.0000     0.0001    15.9598   194.3730   -34.3687    43.2328   176.5940    80.2753
   515.0000     0.0001    70.9609   152.9490    51.5170    79.9816  -196.2430   204.2960
   515.0000     0.0001    43.3113   192.0200   -46.0795   106.5160   194.9590    23.8947
   515.0000     0.0001    74.1752   177.9710    43.6374    75.5263  -127.1990   180.1780
   515.0000     0.0001    60.8928   141.6990    63.8676   138.8670  -247.7690   171.4080
   515.0000     0.0001   283.0190    34.2325   162.1870     9.6733  -142.6960    18.8076
   515.0000     0.0001    45.8887    47.2156    38.2598  -143.0770   143.1410   -66.0961
   515.0000     0.0001   208.3710    -4.5507   156.0000   -64.5210  -122.2060   -22.8588
   515.0000     0.0001    14.8844   199.8360   -41.6133    52.9200   215.0100    16.0604
   515.0000     0.0001    29.7354   131.7420   -10.4106    33.2962   -25.6654    10.7434
   515.0000     0.0001    39.2378   187.7220    16.9925    92.4854   -53.6923   122.8190
   515.0000     0.0001    20.0611    59.6772     9.7399   -31.3222   201.8400  -169.4200
   515.0000     0.0001    23.0708    91.8914   -27.9724   -79.4144   212.1640   -74.5528
   515.0000     0.0001    56.8180   177.0000    24.2463   112.2740   -57.5360   136.9950
   515.0000     0.0001     4.4756   234.7730   -38.8797    28.1822   207.1820    36.4320
   515.0000     0.0001    37.6354   227.3960   -18.6219   101.3510   138.5070    87.6329
   515.0000     0.0001   111.0050     1.0465   152.8660   -59.8901   -58.9341  -128.9540
   515.0000     0.0001    34.4232   156.5950    24.7973   174.3370  -179.9980   200.0130
   515.0000     0.0001    64.2746   188.8030    -7.0732    76.4888    52.0955   109.5580
   515.0000     0.0001    57.8888   164.8450    63.1608   151.0340  -173.8080   143.8290
   515.0000     0.0001   182.6860    -5.7002   221.2640   -21.0500   -97.1452   -44.3248
   515.0000     0.0001   265.0830    14.9730   153.9010    -9.2095  -146.3260     6.2034
   515.0000     0.0001    23.4935     4.5447    89.5056   -54.0477    35.9846  -175.5400
   515.0000     0.0001    64.6232   170.0440    44.1095    76.2385  -148.7450   166.7800
   515.0000     0.0001   -36.9981    89.1563   -63.7412    88.7164    -6.2280   131.9750
   515.0000     0.0001   152.2990    57.3041    66.0085   -64.9100    64.3846    42.5790
   515.0000     0.0001    67.9604   149.0780    60.6479    84.2342  -207.8360   197.4940
   515.0000     0.0001    68.1788   148.2300    45.1184   176.0060  -161.7830   235.6380
   515.0000     0.0001    -0.2742   196.7530   -40.0484     3.1015   136.3420    64.1125
   515.0000     0.0001    67.8674   153.3660    64.6818    68.8224  -237.7520   137.2790
   515.0000     0.0001    15.8407   208.4980   -23.6715    95.3478   148.7750    91.3244
   515.0000     0.0001    19.0034   229.5940   -15.4696    76.9740   164.5400    81.1180
   515.0000     0.0001    55.5087   175.1450    30.5254    68.4227   -54.9620   178.0820
   515.0000     0.0001   120.4760   -55.4880   177.6920   -56.8267   -84.5171   -58.5385
   515.0000     0.0001    -3.1333   185.4300  -103.5850    -1.8396   182.6960   -94.8960
   515.0000     0.0001    44.0085   102.8650   -19.5858   -45.0013  -174.6810     4.9264
   515.0000     0.0001    13.9392   200.2390   -21.1456    96.1496   112.8250    82.1876
   515.0000     0.0001    20.9508   150.6560   -24.8067    81.6105   231.4560   -49.0778
   515.0000     0.0001    32.4584   127.4110    38.6198   338.1630  -125.3080   243.8430
   515.0000     0.0001    59.3568   162.5340    38.2606    92.7466   -66.3353   230.3130
   515.0000     0.0001   -16.9577   138.3100   -54.0026    22.0162   179.1900   -33.1575
   515.0000     0.0001     6.1332   194.5970   -60.0627    39.3100   197.8440   -42.7454
   515.0000     0.0001    63.0185   165.6980    24.9724    87.9153   -79.7718   192.6950
   515.0000     0.0001    17.7201   190.2360   -35.0511    65.5299   187.8300    62.9665
   515.0000     0.0001     7.2404   162.7590   -29.9410    30.1594   215.5210   -22.1212
   515.0000     0.0001    38.8244   181.8540    22.0700   134.4410   -59.7871   139.0980
   515.0000     0.0001    24.1529   214.0970   -55.0291    92.5158   174.6140    18.1131
   515.0000     0.0001    12.6350   216.3290   -21.2386    61.5110   166.9940   101.5500
   515.0000     0.0001     2.7764   222.4190   -86.3039    30.4780   197.3640   -55.9569
   515.0000     0.0001    16.3444   202.2890   -46.9023    85.9642   175.9780    33.6125
   515.0000     0.0001     3.2856   178.7850   -52.9344    27.1372   197.2980   -37.7711
   515.0000     0.0001   178.5780    -9.8182   197.1830   -46.9643   -95.1894   -44.0945
   515.0000     0.0001   210.0060   -13.7339   243.4090   -15.4954  -121.9390     1.3130
   515.0000     0.0001    32.6568   179.5760   -14.3773    45.5587   -77.8065   210.8160
   515.0000     0.0001   123.8840   -41.3850   223.5970   -20.1503   -87.7509   -55.1624
   515.0000     0.0001     9.9505   231.5660   -27.9042    15.0735   171.4300    68.2329
   515.0000     0.0001   128.7560   -12.5074   151.3160   -73.5121   -55.9964   -96.9878
   515.0000     0.0001   108.1080    92.4093    99.3048   -73.1410   167.2090   -57.4269
   515.0000     0.0001    43.6840   188.5970    49.5612    96.1109  -117.8690   143.4860
   515.0000     0.0001    13.0785   200.3490   -17.4364    59.0912   134.7700   117.9060
   515.0000     0.0001   103.2600   107.2400   102.1270  -114.3790   133.0320  -129.6930
   515.0000     0.0001    48.7303   181.8990     8.3911    60.5328    -8.3408   116.9810
   515.0000     0.0001    34.8116   176.0080    21.7875   126.6720    26.9733   156.8350
   515.0000     0.0001    51.1713   166.2300    27.2581   107.1510   -17.9529   205.4680
   515.0000     0.0001   304.0470   107.2930   181.6500    41.1610  -149.6740    33.2278
   515.0000     0.0001    20.0771   185.1440   -25.8541    61.5078   212.7280    46.9219
   515.0000     0.0001   -18.2479   114.9590   -57.8422   -27.7855   177.4030   -68.3888
   515.0000     0.0001   -23.3952   171.6360   -83.9732   -19.7351   181.7800   -70.0226
   515.0000     0.0001    58.5974   156.8270    49.2949    89.7845  -177.3920   207.8510
   515.0000     0.0001    49.4151   168.5980    33.4746    83.3140   -86.5096   177.3590
   515.0000     0.0001    19.2467   222.4480   -48.3985    29.2178   157.4480    26.0132
   515.0000     0.0001   183.1880    -7.3357   150.5050   -77.8133  -119.5170   -41.7157
   515.0000     0.0001    37.0710   179.8710   -40.9515    91.0193   204.1890   -27.7241
   515.0000     0.0001    15.6838   192.4700   -11.7503    95.3796   190.3410    79.9612
   515.0000     0.0001   247.6880   279.0120   122.2800   140.4420  -137.0220    29.4357
   515.0000     0.0001    46.6398   226.5540   -16.3888   100.6030   143.3420    85.5731
   515.0000     0.0001     8.7462   199.6000   -17.4691    93.3071   177.8060    61.9654
   515.0000     0.0001    14.3925   203.7530   -26.6318    88.3504   186.0500    73.9944
   515.0000     0.0001    98.8414    -0.2726   128.6670  -104.5370   -47.4399  -123.0220
   515.0000     0.0001   136.7270    73.9338    56.1192  -103.6060    83.0449    60.5237
   515.0000     0.0001    12.0454   126.2290   -14.1148    26.6503   248.6980   -57.3229
   515.0000     0.0001    15.5796   208.6660   -21.9043    51.2115    97.9770    99.7788
   515.0000     0.0001    43.1393   168.5390     3.0333   115.0300    41.1732   151.0210
   515.0000     0.0001    21.2974   218.1710    -9.9911    50.7319    98.4289   113.9810
   515.0000     0.0001    67.1614   156.4560    51.8045    85.1962  -181.4840   204.7180
   515.0000     0.0001     7.4731   195.1010   -67.2022    40.2317   191.1040   -51.5243
   515.0000     0.0001    24.6603   218.2480   -26.5000   111.8570   147.1970    73.2895
   515.0000     0.0001    39.8596   166.9200   -64.3481    94.7922   187.8460   -41.1576
   515.0000     0.0001     3.4348   208.4630   -35.3660    58.5133   173.3910    60.0952
   515.0000     0.0001    67.0627   150.5900    67.6057    89.1949  -219.6510   183.6560
   515.0000     0.0001   134.5490   428.8410    77.1713   165.8470   -49.7820    63.9480
   515.0000     0.0001    22.7646   226.9830   -46.4371    57.8510   213.3140    31.9594
   515.0000     0.0001   131.2060    -8.6448   168.4180   -76.6590   -85.1745   -77.0381
   515.0000     0.0001     3.1775   216.0210   -39.2567    57.5669   170.7570    43.7513
   515.0000     0.0001   240.0190   -27.1255   225.2630    -7.7723  -116.1810     4.6337
   515.0000     0.0001   205.1530   -35.2713   267.2770     4.7885  -110.0540    -0.8895
   515.0000     0.0001    53.8666   182.8290     5.0686    64.5392    58.0752   150.5690
   515.0000     0.0001    79.3571    -3.1687    97.8050  -101.0210    14.2446  -144.8690
   515.0000     0.0001    57.3753   170.9840    18.6815    78.0380   -13.3271   188.5870
   515.0000     0.0001    63.8824   180.1100    39.5160    54.3517  -128.5960   155.1110
   515.0000     0.0001    67.6573   141.2010    53.2055  -104.1790    60.5802  -331.3150
   515.0000     0.0001    25.4606   224.5840   -25.0221    67.2663   215.0150    82.3618
   515.0000     0.0001   298.2840    45.4812   155.6480    17.0944  -146.0700    16.4487
   515.0000     0.0001    17.7901   214.8920   -35.5921    44.9607   134.4930    42.6708
   515.0000     0.0001    62.4569   112.0300    55.8136   312.2650  -471.3850   113.2200
   515.0000     0.0001    19.1495   204.9810   -20.3463   103.2000   142.3440   107.6950
   515.0000     0.0001    22.1563   199.7400    41.2748   134.3050   -59.0192   131.4810
   515.0000     0.0001    20.7555    69.8042    15.0882   -17.4374   212.5940  -193.8560
   515.0000     0.0001    72.6085    -8.8481   181.3810   -50.0299   -60.8991  -108.0990
   515.0000     0.0001    29.1216   228.8420   -48.2931    45.3906   218.6100    21.8620
   515.0000     0.0001    56.2073   167.2660    34.1659    72.9473  -108.9370   200.5690
   515.0000     0.0001   145.9950    15.2676   155.5050   -65.5117   -78.3090  -107.2500
   515.0000     0.0001    68.8336   166.0700    61.8739   141.8960  -180.4800   131.9020
   515.0000     0.0001     3.3188    34.9867    -6.6381   -15.1420   124.9810  -176.0150
   515.0000     0.0001    40.4404   172.0690    20.3130    98.0698     2.4436   164.9810
   515.0000     0.0001    20.0689   226.5210   -32.7784    79.7524   192.0460    59.2916
   515.0000     0.0001   313.4240   252.1820   186.8280    94.4566  -120.5200    65.8720
   515.0000     0.0001     8.5184    28.0939    42.0054   -37.0573   103.6250  -195.2770
   515.0000     0.0001    79.3571    -3.1687    97.8050  -101.0210    14.2446  -144.8690
   515.0000     0.0001    93.8236   118.0070   101.3570   -64.9333   152.9090  -148.7740
   515.0000     0.0001    53.4600   164.1720    41.1659    86.6380  -115.6720   198.2260
   515.0000     0.0001   -10.7764   173.5590   -53.1015     8.6731   193.0580   -35.7233
   515.0000     0.0001     1.8414   198.7220   -61.4700    57.5398   187.8580   -12.9905
   515.0000     0.0001    30.3984   221.8210   -11.9626   105.7460   122.3400    46.3523
   515.0000     0.0001    18.9505   228.1350   -35.9642    82.4490   179.4370    43.1551
   515.0000     0.0001   291.0840    60.2739   160.0940     7.9562  -148.2070    22.9501
   515.0000     0.0001    16.2609   209.9010   -15.1000    86.9303   175.6580   101.9100
   515.0000     0.0001   -18.9850   212.1670   -73.0550   -23.5314   198.6390   -24.3133
   515.0000     0.0001   279.8060    70.3975   130.6590     9.2625  -161.2770     8.5578
   515.0000     0.0001    20.0934   207.6760   -25.9028    69.7973   158.9080   108.9870
   515.0000     0.0001   173.6300    82.1276     6.1227   -26.1718     9.6643    76.8173
   515.0000     0.0001    21.7698   143.9550   -16.2230   -58.1992   238.6000    13.6250
   515.0000     0.0001   213.7410    11.9340   224.4920   -22.0473  -118.4530    -8.4866
   515.0000     0.0001    22.5465   173.3850    14.1136   185.9860   -97.1908   173.8670
   515.0000     0.0001    -6.1113   175.5620   -45.3982    45.3939   187.8360   -38.8844
   515.0000     0.0001    17.5990   208.4960   -51.4558    84.0044   171.0000    30.4198
   515.0000     0.0001     9.7535   188.9730    -5.8955    77.6786   126.2560   126.5070
   515.0000     0.0001    20.3635   200.8130   -36.1734    60.3694   151.4840    88.1638
   515.0000     0.0001   -28.9651   181.9720   -52.7093    -7.8656   186.5530   -32.9479
   515.0000     0.0001    54.1377   137.6500    56.1419   213.2740  -334.5590   184.4110
   515.0000     0.0001    11.6878   202.3240   -60.0864    21.1236   149.9750    25.7772
   515.0000     0.0001   174.6540   -41.5859   237.0390    -8.9018   -98.7311   -30.2392
   515.0000     0.0001   134.2530    90.9210   131.9980   -40.6141    90.3230   -36.8382
   515.0000     0.0001    29.4320   178.4620   -14.9772    61.5466    68.9605    89.9671
   515.0000     0.0001   305.7350    54.3657   189.8000    20.6002  -136.5590    29.7046
   515.0000     0.0001    -9.5860   230.4810   -51.1585    10.8430   195.6400    11.2623
   515.0000     0.0001     8.2500   237.5480   -53.6923    16.8553   190.6390     6.8667
   515.0000     0.0001    10.7893   225.3950   -29.6468    66.0265   172.2030    58.1213
   515.0000     0.0001    74.9862    85.7234    50.1408  -214.8000    91.5514   135.5830
   515.0000     0.0001    18.8456   217.5360   -23.7786   106.7720   149.9910    64.3129
   515.0000     0.0001    19.8562   152.9470    36.7576   221.9880  -145.7050   177.2270
   515.0000     0.0001    99.4109   122.2310    79.2381  -228.1600    66.1586   -71.1622
   515.0000     0.0001    59.1822   180.7250    52.9138   122.8540  -130.6520   150.4540
   515.0000     0.0001    70.1130   123.1660    -2.8024   -15.8001  -199.9170  -173.7750
   515.0000     0.0001    35.0108   173.5740    19.0515   118.3650   -62.4320   148.1880
   515.0000     0.0001    37.9712   222.1840    -4.9314    47.9643   124.0390   119.7620
   515.0000     0.0001    52.6606   160.7590    15.1727    97.9830   -40.4491   195.0650
   515.0000     0.0001   137.8670    33.2737    98.6354   -20.5460    59.0151    19.3702
   515.0000     0.0001    10.7555   208.1210   -40.6974    75.1964   168.2930    50.0868
   515.0000     0.0001    79.9579     2.5917   121.1480    49.9489     7.5410     8.4957
   515.0000     0.0001    41.5749   166.6060    24.1279   109.2760   -33.7276   172.2240
   515.0000     0.0001    49.7101   153.7760    41.3289   159.1300  -143.2360   188.8660
   515.0000     0.0001   112.6570   -15.7509   177.9900   -41.9439   -57.7317  -101.3310
   515.0000     0.0001    -0.5879   222.1100   -51.6312    33.2546   203.8290    11.8097
   515.0000     0.0001    -3.4746   226.8860   -82.0476     1.0489   211.6570   -41.6335
   515.0000     0.0001    52.8617   -23.0142   128.8840   -64.1086   -23.9878  -134.2430
   515.0000     0.0001    -4.2005   202.3570   -34.1715    35.9536   179.0110    58.3259
   515.0000     0.0001     9.4396   205.9400   -35.1175    71.2925   172.7200    57.0296
   515.0000     0.0001    14.5817   227.2350   -19.7930    73.6542   152.6270    76.5121
   515.0000     0.0001    26.2245   182.5590     3.2424   130.1060  -100.7550   163.4060
   515.0000     0.0001   289.7510   101.0740   149.5150    13.1367  -156.6320    23.0576
   515.0000     0.0001     7.7894   211.9670   -36.7053     9.9280   135.6840    66.2761
   515.0000     0.0001    39.4912    36.2813    47.8699  -101.4610   120.9020  -202.7910
   515.0000     0.0001   185.8270    43.3434    57.3274    -9.7831    18.2884    52.1703
   515.0000     0.0001    48.9420   191.1950    45.4520   119.3490  -157.4760   135.2060
   515.0000     0.0001   102.0150    36.6289   124.6790     4.6845    65.0306   -13.4275
   515.0000     0.0001    53.4600   164.1720    41.1659    86.6380  -115.6720   198.2260
   515.0000     0.0001    40.0620    21.4755    57.1335   -68.9900   104.3160  -190.5220
   515.0000     0.0001    40.5464   173.5920     6.6984   112.2420   -42.8301   105.7550
   515.0000     0.0001   214.9070   305.7010   113.0750   158.9460  -128.8100    37.8505
   515.0000     0.0001    52.3853   164.4820    21.1307    83.2402   -23.9806   209.4450
   515.0000     0.0001     8.1258   198.5540   -59.6018    55.7232   195.4780    -0.2234
   515.0000     0.0001     6.9442   224.0440   -13.6184    36.8041   139.3320    85.9676
   515.0000     0.0001    47.1298   215.8630   -28.4185   113.3520   197.9400    79.0480
   515.0000     0.0001    50.7914   134.6250    45.5386   240.7740  -292.4710   261.9850
   515.0000     0.0001     0.0721   229.0740   -21.0461    24.3279   170.3710    73.8807
   515.0000     0.0001    26.9569    -5.4704    80.6016   -69.0067    27.6259  -168.3190
   515.0000     0.0001    58.3528   158.2290    36.2800   149.7080  -129.4890   204.8590
   515.0000     0.0001     9.0610   229.9770   -64.2365     4.5781   196.3690    -6.2053
   515.0000     0.0001    47.9801   235.3740   -18.6846    96.4715   190.0110    85.0523
   515.0000     0.0001    15.6153   199.9720   -56.3482    52.8812   195.7470    17.7179
   515.0000     0.0001    26.5135   216.7310   -46.3184   102.7270   174.6250    34.3988
   515.0000     0.0001   177.9150   360.4900   113.1040   168.5940   -95.9283    61.2507
   515.0000     0.0001   234.1060   -37.8844   164.7170   -29.3052  -130.3620    -2.0408
   515.0000     0.0001    12.9609   142.0660   -30.1645   -40.3867   206.6340   -11.9641
   515.0000     0.0001    91.4988     1.3323   137.8260   -84.7679   -51.4995  -136.0680
   515.0000     0.0001    67.6122   148.9790    42.9639   117.9660  -183.4070   233.3440
   515.0000     0.0001    77.8364   166.3990    59.7287    54.4951  -207.6160   128.1220
   515.0000     0.0001    41.5267   232.0570   -22.4152    65.3599   148.3110    66.5173
   515.0000     0.0001     5.5954   185.0340   -18.3004    74.3486   171.5840    79.3942
   515.0000     0.0001    55.1079   190.9110     6.5865    61.1385    28.1001   111.4500
   515.0000     0.0001    61.5442   167.8180    34.9317   126.9450   -61.8579   183.7010
   515.0000     0.0001    14.4531    97.7262   -13.3055    47.7478   219.7070  -148.6340
   515.0000     0.0001    24.4019   117.0730   -17.6099    81.0721   243.8890  -110.0740
   515.0000     0.0001   -18.7462   209.9450   -71.9700    -8.2760   200.1130   -32.0320
   515.0000     0.0001    38.9031   206.7240   -32.7058    33.7088   106.2920    70.8463
   515.0000     0.0001    54.6473   163.0140    64.4705   116.0570  -194.0290   144.2160
   515.0000     0.0001    11.7745   220.6920   -10.3937    78.3690   150.5450    92.2184
   515.0000     0.0001    60.2379     5.9659    93.3225   -93.4764    20.1252  -171.5780
   515.0000     0.0001   205.3360   -11.1174   237.7770   -19.2599  -121.0560    -2.3419
   515.0000     0.0001   165.6630     2.0235   190.9800   -48.5936   -96.3540   -63.4250
   515.0000     0.0001     4.3364   133.1770   -33.0208    17.2965   223.6550   -52.0929
   515.0000     0.0001   226.9560     1.5335   225.6710   -14.4710  -118.5110    -2.9642
   515.0000     0.0001    87.8153    10.0013   119.1540   -89.2155    -7.6471  -155.1310
   515.0000     0.0001    50.3209   204.3320    39.9170   114.4500   -80.0971   147.5310
   515.0000     0.0001    15.6368   216.4300   -61.3919    43.5579   158.4540    19.8428
   515.0000     0.0001    78.3709   112.4670    72.7436    55.4239  -305.5900    41.6685
   515.0000     0.0001    45.5991   184.9920     9.0982   122.3010    78.5392   134.0790
   515.0000     0.0001    -2.7085   187.7100   -50.4473    24.7837   176.3250    27.7654
   515.0000     0.0001    63.4529   147.4730    59.4827    79.0873  -216.4170   220.0400
   515.0000     0.0001    40.0337   174.0110    15.8221   110.2190    33.0378   155.0820
   515.0000     0.0001   -10.2264   210.7250   -46.3077    26.2164   169.3330    30.6627
   515.0000     0.0001    19.0037   221.0800   -16.1392    89.6445   149.7230    96.9860
   515.0000     0.0001    19.4910   208.5150   -25.4336   108.8420   146.8140    91.4344
   515.0000     0.0001   -20.5145   153.8700   -57.1399    -6.2113   191.2520   -40.8347
   515.0000     0.0001    41.5749   166.6060    24.1279   109.2760   -33.7276   172.2240
   515.0000     0.0001    34.4232   156.5950    24.7973   174.3370  -179.9980   200.0130
   515.0000     0.0001    31.8209   218.7320   -20.1804    36.4436   199.6550   113.9920
   515.0000     0.0001   119.1320    88.4809   124.5380   -29.9914   120.3810   -47.9432
   515.0000     0.0001    55.9033   181.4610    58.8411    87.5476  -140.9640   150.7160
   515.0000     0.0001    87.8419   122.2790    92.9631   -89.3420   153.0210  -176.2170
   515.0000     0.0001    14.0797   203.0380   -21.7812    66.0296   131.6510   114.0210
   515.0000     0.0001    42.2589   191.0330    35.2979    98.0080   -71.0565   167.1600
   515.0000     0.0001    45.3221   177.3910     7.8998    85.9789   -52.1712   107.5160
   515.0000     0.0001    -0.8957   200.1230   -43.0146    46.5127   168.8810    36.7781
   515.0000     0.0001    -4.3887   215.4540   -86.0378   -23.7845   179.4220   -39.6300
   515.0000     0.0001    49.8052   165.6880    37.4623    87.3591   -87.0484   197.4600
   515.0000     0.0001    45.3151    89.4310     5.8657  -134.8900   223.5310  -187.2520
   515.0000     0.0001   -17.2334    78.0396   -20.4962    -0.7761   166.0320  -135.5380
   515.0000     0.0001     7.1102   200.0980   -20.3109    67.4895   137.1160   102.0660
   515.0000     0.0001    59.5228   146.0040    46.5135   169.3130  -151.5950   248.4430
   515.0000     0.0001    11.7557   211.6950   -29.0366    93.5516   172.9360    57.3751
   515.0000     0.0001    70.5080   160.2620    53.3859   119.6610  -184.7430   183.1980
   515.0000     0.0001    -1.8983   181.4020   -58.9692    17.7090   193.9370   -41.3241
   515.0000     0.0001    13.3545   214.8990   -18.7993    93.6577   156.8860    85.4084
   515.0000     0.0001    -3.8791   198.0270   -52.0921    40.2888   176.8820    20.7772
   515.0000     0.0001    42.5870   182.4850   -45.0306    98.4312   197.1480   -28.5149
   515.0000     0.0001    51.6805   174.7490    63.1716   111.6040  -175.0520    91.7658
   515.0000     0.0001    38.1898   194.9630    37.4590    90.8134   -65.9961   149.2100
   515.0000     0.0001    12.7597   201.6670   -49.5902    45.5415   205.6080   -20.2585
   515.0000     0.0001   -41.1777   177.9500   -35.1924   -51.2941   104.4960    23.5718
   515.0000     0.0001    43.7377   174.2110    20.2099    76.3408     6.7464   174.6770
   515.0000     0.0001   254.7440   282.1120   124.8860   129.2970  -133.8960    61.2204
   515.0000     0.0001    42.2498   111.0620    41.0366   302.1100    20.3831   404.3330
   515.0000     0.0001    20.1837    98.5539    22.7158   -59.2953   231.1700   -62.5701
   515.0000     0.0001    -1.6813   237.6360   -61.1304     5.2193   207.0820    -6.5105
   515.0000     0.0001    12.1858   207.5310   -19.2645    63.9998   135.5620   111.1140
   515.0000     0.0001    -4.3617   198.5410   -55.2666    37.2809   170.7480    17.4914
   515.0000     0.0001    22.9998   216.7750   -16.0067   104.1630   134.7190   106.6320
   515.0000     0.0001   102.0200     0.7739   117.2750   -89.0786   -31.7806  -145.6170
   515.0000     0.0001     7.7107   130.9230   -13.0975   -84.3545   215.0560    -3.4854
   515.0000     0.0001     0.4572   197.8560   -98.4037    32.6080   185.4500   -91.9612
   515.0000     0.0001     2.4311   209.8620   -27.6203    56.7303   161.9610    75.7131
   515.0000     0.0001    65.8825   155.3470    50.4935   107.2090  -183.1310   197.9910
   515.0000     0.0001   -34.3274   156.0440   -77.5532   -23.1350   171.4190   -71.5684
   515.0000     0.0001   273.8750   200.2680   123.4210    92.8897  -166.4610    25.8386
   515.0000     0.0001    30.1742   142.3240   -65.9881    28.7794   -12.1981   110.1520
   515.0000     0.0001    56.8774   169.2840    13.7687    99.2313    12.2220   189.7300
   515.0000     0.0001    69.8860   163.1100    52.8178    68.5691  -177.8170   183.0710
   515.0000     0.0001    48.2168   184.3630     9.5785    86.0907    47.7975   152.7720
   515.0000     0.0001    18.8761   -12.7857    46.1597   -58.6812    44.2729  -170.9470
   515.0000     0.0001    38.8109   183.2870     8.3803    39.9755    41.9603   123.3980
   515.0000     0.0001    -7.8743     3.7479    71.8102    66.3055    18.0009     9.3478
   515.0000     0.0001    17.9236   213.6660    -6.6695    84.0900   134.2260   130.4730
   515.0000     0.0001    48.5083   219.9910    -7.3201   130.3460   135.0470   127.1980
   515.0000     0.0001    58.2485   191.8540     7.6575    91.2541    24.2793   102.6760
   515.0000     0.0001    15.9607   207.3510   -34.7944    66.7736   219.8170    34.9925
   515.0000     0.0001   273.1780    75.2095   154.9670    -0.8553  -159.4600    16.0399
   515.0000     0.0001    18.1640   105.8730   -11.8941  -101.8820   229.0990   -54.0861
   515.0000     0.0001     8.6729   173.3580   -35.5429    30.8326   208.2450   -17.1025
   515.0000     0.0001    50.4792   185.4670    21.9049   101.8280    30.0384   166.8570
   515.0000     0.0001    17.2912   214.5870   -14.9037   102.4620   118.3300    81.2517
   515.0000     0.0001    12.3543    85.3463   -25.6111    38.8719   194.1000  -149.5000
   515.0000     0.0001   157.4990    -4.8375   192.8130   -50.0378   -87.9403   -64.8772
   515.0000     0.0001    30.7763   132.8680   -32.6713    21.0528   227.0490   -57.3132
   515.0000     0.0001   151.1890   -17.9519   176.7000   -51.3621   -76.8988   -76.5774
   515.0000     0.0001   -25.1949   202.7170   -58.3304     5.8030   188.2450   -21.1872
   515.0000     0.0001    57.0741   183.6570    12.3582    67.3396    34.6406   158.0960
   515.0000     0.0001    32.8438   228.5670   -41.8493    43.9743   154.3340    41.0339
   515.0000     0.0001   -27.9708    96.9680   -54.4689    98.3461    -1.6824   145.4850
   515.0000     0.0001     9.3263   201.6240   -28.3004    76.8112   116.3420    72.5416
   515.0000     0.0001   133.9650   -12.1168   152.0040   -72.0235   -65.1567   -96.4062
   515.0000     0.0001    37.0393    67.1206    31.9259    -3.3539   201.8570  -132.9240
   515.0000     0.0001    13.3663   215.0630   -12.6935    64.2045   158.1770   120.3190
   515.0000     0.0001    31.1903    55.5061    10.5275   -36.9509   203.9830  -177.5400
   515.0000     0.0001    54.3762   165.0910     8.2772   115.9670     5.7428   179.0030
   515.0000     0.0001    -6.4126   207.1680   -64.3988    38.6030   197.0110   -20.8358
   515.0000     0.0001    43.6389   180.8360    55.6795   110.4980  -134.1370   141.1550
   515.0000     0.0001   -35.9664    47.1967   -24.1498   137.8940    18.5471   129.3960
   515.0000     0.0001    23.6433   217.1430   -43.1967    37.7602   138.1310    36.8140
   515.0000     0.0001     9.4417   103.8880   -13.4455     3.3998   236.1000  -102.4100
   515.0000     0.0001   141.5010   -49.0904   169.8620   -52.4581   -72.3019   -63.2038
   515.0000     0.0001    30.7904   224.2800   -33.7014    91.3342   211.1750    65.6821
   515.0000     0.0001   -22.5691   207.6930   -74.5479   -19.8349   190.6240   -28.3356
   515.0000     0.0001     6.1936   209.3060   -42.3149    53.4665   188.2090    42.0881
   515.0000     0.0001    57.5396   166.7890    49.3509    96.4029  -175.5040   164.5390
   515.0000     0.0001    64.5203   153.9410    59.7962    86.1066  -220.4400   179.9700
   515.0000     0.0001   168.5550   -27.5745   212.2670   -32.3745   -89.3904   -43.2653
   515.0000     0.0001   262.2180    38.3369   125.6510   -32.1657  -147.6260     3.2797
   515.0000     0.0001   102.0200     0.7739   117.2750   -89.0786   -31.7806  -145.6170
   515.0000     0.0001     6.8003   227.8880   -26.6831    46.2161   177.7780    64.8717
   515.0000     0.0001    76.4801   118.7300    74.4550    53.3217  -287.6100   106.9310
   515.0000     0.0001   252.7840    43.2401   145.8570   -17.3277  -158.0030     9.9037
   515.0000     0.0001    65.3996   166.6980    42.6849    77.5498  -124.6040   194.3320
   515.0000     0.0001    32.3389   164.4900   -48.7898    48.4672   181.1360   -29.5793
   515.0000     0.0001    38.9173   178.7710   -24.9962    85.9564   224.8730    -6.4458
   515.0000     0.0001    45.4246   159.3160   -39.2935   132.8600   203.0610   -30.1982
   515.0000     0.0001    -3.7229   175.7730   -52.4725    21.5591   194.5020   -38.1901
   515.0000     0.0001    76.6756   -13.1962   103.2140   -92.9411     3.2660  -137.4640
   515.0000     0.0001    62.8308   155.4790    49.1423    97.3751  -160.1020   214.1110
   515.0000     0.0001   141.1930    41.1445   126.3220    -4.0640    47.8550    13.2038
   515.0000     0.0001    60.7752   172.8300    34.0898   125.8640  -115.8740   143.0190
   515.0000     0.0001   285.9970    97.4961   162.4830    32.0799  -158.6750    25.4085
   515.0000     0.0001    83.4345   -43.4591   151.1470   -70.5111   -60.2739   -92.2256
   515.0000     0.0001    -8.2290   223.0630   -46.4925    14.9175   203.7250    22.9472
   515.0000     0.0001    14.9824   125.8000   -13.7247   -10.1703   258.3380   -45.5012
   515.0000     0.0001    57.6029   165.0330    54.7896   145.6010  -164.3900   161.1790
   515.0000     0.0001     0.9964   204.0200   -57.7683     6.4111   207.8680   -15.1055
   515.0000     0.0001    46.8377   199.3550    29.6387    85.5106   -30.8183   109.8500
   515.0000     0.0001    39.3282   184.9220     8.4934    77.2738    52.9681   118.4890
   515.0000     0.0001    46.6858   172.4310    18.4471    66.0749   -71.3137   156.6480
   515.0000     0.0001    62.4615   215.4020    -6.7022   120.4210   120.1940   116.6130
   515.0000     0.0001    -5.6961   182.6610   -49.5465   -16.1051   180.2080    -2.1496
   515.0000     0.0001    34.6402    38.9522    49.4317   -72.4057   113.4050  -226.3270
   515.0000     0.0001    -5.1420   197.1500   -64.2574    19.7642   201.3220   -17.9083
   515.0000     0.0001    57.1702   174.3240    64.1328   100.1270  -159.4220   148.9030
   515.0000     0.0001   -16.4732   181.4110   -61.2150    40.2610   172.0020   -25.6496
   515.0000     0.0001    87.5166   -24.7340   107.1930   -89.6848    -9.7819  -122.1160
   515.0000     0.0001    15.6838   192.4700   -11.7503    95.3796   190.3410    79.9612
   515.0000     0.0001    71.6623   152.9040    39.2568   155.3440  -161.9630   207.1660
   515.0000     0.0001    16.6716   212.5910   -25.9692   100.2810   154.6830    78.4101
   515.0000     0.0001    19.3374   214.7470   -17.1532    99.6000   145.4730   105.6750
   515.0000     0.0001    19.9817   198.0240    17.9845   110.6420   -58.4914   145.2300
   515.0000     0.0001   -27.6787   162.1730   -45.6251     3.8966   165.1620     4.8179
   515.0000     0.0001    74.6394   187.1140    27.0669   100.7380   -44.8238   130.5580
   515.0000     0.0001    51.3163   184.6220    12.4984    45.9681   -10.5680   136.1640
   515.0000     0.0001   -14.6464   214.0740   -63.3229   -11.8409   175.4940    -0.8841
   515.0000     0.0001    34.3040   104.8460    55.0733  -180.3680    34.3560    20.3050
   515.0000     0.0001    35.4600   229.0640   -20.7808    99.5173   145.7470    80.4196
   515.0000     0.0001    74.8793   128.9310     5.2777    25.4478   -23.8173   112.9110
   515.0000     0.0001    57.7637    86.5275    68.6359   -79.4823   -48.6615   139.0400
   515.0000     0.0001    76.4999    39.4841    57.1450  -157.4520    -0.3953  -118.8740
   515.0000     0.0001    -7.9110   132.3310   -84.1265   -44.3592   156.3550   -68.7772
   515.0000     0.0001    33.1918   216.1680   -22.1073   114.4210   176.2770   111.3140
   515.0000     0.0001   -18.7243    90.5968   -67.0415    89.8712    -7.7980   150.1460
   515.0000     0.0001    50.3297    17.2951    65.8546   -75.6271    80.2978  -195.9970
   515.0000     0.0001    42.0809   169.7670    32.4492   160.5650   -80.1225   164.3970
   515.0000     0.0001    40.0937   154.8920    29.7251   193.4030  -186.4660   222.0740
   515.0000     0.0001    36.6546   179.4870   -18.9857    63.7867   110.1670   129.7170
   515.0000     0.0001   141.4540    67.4810   110.1550   -47.6447    66.1854    -0.4945
   515.0000     0.0001   124.6960   -34.0688   124.4730  -107.6010   -67.9143   -66.3037
   515.0000     0.0001    75.6512   149.0180    51.0961   108.2760  -209.8850   218.4680
   515.0000     0.0001    -9.7184   205.1000   -55.8403    15.2734   197.5920    -3.0310
   515.0000     0.0001     1.1258   199.3760   -89.3417    14.0401   200.5490   -71.3406
   515.0000     0.0001    39.8218    47.1912    43.8536   -62.7093   153.6910  -228.4370
   515.0000     0.0001    31.6839   114.4060   -30.0210   107.2820   226.3170   -97.2471
   515.0000     0.0001   -22.0657   113.7460    14.2570   220.7530   -15.3213   152.7570
   515.0000     0.0001    16.6454   205.4280   -20.6724    90.7190   148.0600   103.7520
   515.0000     0.0001    67.4803   160.7170    63.9378   116.8290  -223.9340   103.5880
   515.0000     0.0001    81.9236   155.9510    55.0924    91.1549  -202.7220   180.2330
   515.0000     0.0001   -16.9577   138.3100   -54.0026    22.0162   179.1900   -33.1575
   515.0000     0.0001   -13.0727   176.9540   -43.7352   -15.0075   196.2440    -5.9224
   515.0000     0.0001   289.9060    35.7558   185.5240     3.9626  -137.0180    21.4307
   515.0000     0.0001    26.2036   198.6560   -32.3148    84.9063   139.0470   101.2290
   515.0000     0.0001     5.3936   230.1300   -52.4930    -2.8508   199.9410    20.1822
   515.0000     0.0001    47.1754   189.4100     8.9295    32.9989    17.4360   122.6840
   515.0000     0.0001     5.5954   185.0340   -18.3004    74.3486   171.5840    79.3942
   515.0000     0.0001    -8.8656   200.6100   -56.9932    15.5830   160.3170    17.5845
   515.0000     0.0001    14.3880    65.4931    -2.6536    42.8167   187.6750  -179.2390
   515.0000     0.0001   109.1520   112.5080    88.6763  -175.2430    84.3713   -62.3208
   515.0000     0.0001     8.1617   162.4370   -38.3135    63.5806   205.4940    -1.2106
   515.0000     0.0001    15.5895   222.2820   -39.2443    70.7479   209.2770    32.8656
   515.0000     0.0001    56.0059   198.9740     5.7241    89.2595    88.8370   131.1690
   515.0000     0.0001    53.2611   151.1670    33.3734   128.6090  -114.0920   235.8060
   515.0000     0.0001   -46.3552   110.6250    -8.7986   163.2450   -10.9818   135.0230
   515.0000     0.0001   273.8750   200.2680   123.4210    92.8897  -166.4610    25.8386
   515.0000     0.0001    27.2301   216.2560   -42.0320    24.1468   201.5420    42.5264
   515.0000     0.0001    31.6679   208.6170   -70.0258    86.5871   196.7740   -46.0920
   515.0000     0.0001    59.1822   180.7250    52.9138   122.8540  -130.6520   150.4540
   515.0000     0.0001    64.8676   172.7520    22.0751   111.4030    -7.6453   191.6800
   515.0000     0.0001    58.9781   170.9510    25.6894   135.6980   -96.5603   166.5840
   515.0000     0.0001    51.5384   190.3350    18.3179    74.7708     4.6047   122.3950
   515.0000     0.0001    39.6812   226.6710   -10.4147    96.9248   119.1620    85.4750
   515.0000     0.0001   -10.3628   185.4370   -59.3599   -14.0403   189.0000   -13.1448
   515.0000     0.0001    50.2522   163.1080    32.3547    84.6424   -76.3543   205.3620
   515.0000     0.0001    26.5972   219.0530   -14.5588   110.9130   184.2260    97.3602
   515.0000     0.0001    39.4912    36.2813    47.8699  -101.4610   120.9020  -202.7910
   515.0000     0.0001    64.7149    21.2926    59.6347  -122.7980    22.5116   -83.0622
   515.0000     0.0001    60.6334   154.6990    39.9699   139.9040   -85.9918   242.5510
   515.0000     0.0001     2.5947   147.9030   -49.0142   -16.6444   198.1390   -31.3054
   515.0000     0.0001   169.7130    97.0898   111.9640   -43.5789    80.1052    38.7596
   515.0000     0.0001    32.2549   189.4050    20.6113    98.8540   -52.8556   123.3800
   515.0000     0.0001    30.3421   220.7880   -20.4094    94.4215   184.0050   110.4430
   515.0000     0.0001    13.9751   132.5340   -68.7473    57.3320   175.5890   -96.7117
   515.0000     0.0001    67.0636   173.0760    31.1945    67.9119  -101.7350   183.9370
   515.0000     0.0001    29.7354   131.7420   -10.4106    33.2962   -25.6654    10.7434
   515.0000     0.0001    71.3682     2.9341   105.1210   -94.8959   -18.6208  -165.0190
   515.0000     0.0001    50.6530   181.0550     5.7876    54.2939     9.2970   128.4770
   515.0000     0.0001    53.6478   164.3600    12.1606   126.5580    -5.1122   184.2830
   515.0000     0.0001    12.9457   201.8220   -27.7161    68.9870   132.4490    89.0277
   515.0000     0.0001    -1.6577   204.8040   -50.9743    56.9528   184.1010     2.3915
   515.0000     0.0001    53.3889    44.4306    60.6761  -104.0010    52.2243  -159.3930
   515.0000     0.0001   290.0740    65.7566   162.9430    17.1166  -152.3010    20.4206
   515.0000     0.0001     8.8381   191.6810   -61.6116    30.9466   156.8010    23.2906
   515.0000     0.0001    91.1578    11.5214   130.3310   -73.7108   -24.4293  -157.6260
   515.0000     0.0001    56.8579   113.5370   -13.7571   -53.2033  -191.1040  -108.9670
   515.0000     0.0001    37.7614    36.0183    46.2905   -98.6476   123.1450  -200.1140
   515.0000     0.0001    58.0907   184.0350     5.3524    73.9233    11.4062   120.2210
   515.0000     0.0001     8.9523   164.7000   -29.9230    19.1400   220.1850   -14.2969
   515.0000     0.0001   -22.0222    12.5431  -153.7850    30.1984   -35.8791    47.0343
   515.0000     0.0001    24.0617    72.0450    12.4824   -42.3044   234.3200  -168.6810
   515.0000     0.0001    57.4674   173.1690    31.4589   118.6910    -8.9528   197.2650
   515.0000     0.0001    17.2462   210.5900   -28.8677    82.3061   193.2770    64.0499
   515.0000     0.0001   130.8220    94.9633   125.0890   -51.8994    95.8707   -17.2985
   515.0000     0.0001    37.0601   221.7240   -10.9874   107.3030   126.7010   121.3010
   515.0000     0.0001    42.1858   171.5740    19.9986   149.4960   -57.7157   151.0460
   515.0000     0.0001   316.1240    97.1968   167.3910    32.2534  -142.5080    28.2784
   515.0000     0.0001     0.9565   176.0130   -48.5324    30.0785   198.9450   -34.0434
   515.0000     0.0001    34.9356   184.3840    16.3679   109.1010   -49.6580   127.5650
   515.0000     0.0001    72.2217   175.5730    45.7960    73.1993  -121.5240   164.3730
   515.0000     0.0001    63.7514   161.3970    50.0788    73.3092  -139.2980   207.9510
   515.0000     0.0001   110.9630   -17.3045   109.8650  -132.5700   -58.8919   -80.9745
   515.0000     0.0001    49.1279   175.9760    13.0845    58.0830     2.7791   159.4100
   515.0000     0.0001    55.1244   168.7720    34.8956    73.0793   -92.0200   192.4920
   515.0000     0.0001    41.0416   222.4760    -9.7723    74.0146   122.6840   121.4930
   515.0000     0.0001    10.8132   165.0450   -79.8541    49.8783   183.7910   -62.8089
   515.0000     0.0001    35.2962   218.6430   -18.9152   123.0230   106.3940    70.7437
   515.0000     0.0001    43.5343   205.7450    22.7827   125.3960   -96.6785   142.1520
   515.0000     0.0001    78.7001   -14.5615   118.5910   -65.7088    -7.3659  -144.5730
   515.0000     0.0001   -33.0339   133.7970   -10.6905   161.9220   -21.8158   150.0470
   515.0000     0.0001    -9.9698   173.1440   -44.3482    66.2045    -2.0347   117.9010
   515.0000     0.0001    40.3768   182.8650    12.0952    82.1980    21.8730   117.0660
   515.0000     0.0001   -26.3346   149.7600   -87.7972   -33.9214   166.4500   -83.9161
   515.0000     0.0001    48.6805   186.5330    17.1637   129.6780    56.2617   127.6530
   515.0000     0.0001     1.9453   218.0740   -18.4527    23.6640   132.0390    79.4955
   515.0000     0.0001    46.8377   199.3550    29.6387    85.5106   -30.8183   109.8500
   515.0000     0.0001    78.1487   127.2630    67.8342   102.0700  -291.9760   158.7160
   515.0000     0.0001    26.9569    -5.4704    80.6016   -69.0067    27.6259  -168.3190
   515.0000     0.0001   196.9890    16.2239   247.8710   -12.6661  -104.4710   -22.9600
   515.0000     0.0001   113.7510   -39.2703   197.8760   -21.4639   -71.5795   -78.8068
   515.0000     0.0001    17.5741   141.1770   -29.6192    63.4218   222.6200   -70.3064
   515.0000     0.0001    -3.2299   193.9610   -55.0943    37.4661   197.1860   -23.0038
   515.0000     0.0001   163.2760   -15.9232   198.5930   -36.3253   -88.6369   -60.8872
   515.0000     0.0001     2.5809   203.8830   -28.5445    57.6490   172.6960    73.0255
   515.0000     0.0001    39.1556   171.4140    13.1069    54.7303   -22.2763   154.0300
   515.0000     0.0001    61.9386   190.8120    24.3600    95.9346    25.5215   156.5210
   515.0000     0.0001     9.4396   205.9400   -35.1175    71.2925   172.7200    57.0296
   515.0000     0.0001    -7.4417   205.5770   -41.9417    36.0842   169.6920    40.5681
   515.0000     0.0001   -11.0820   207.4490   -57.6405     1.6688   163.1810    15.8861
   515.0000     0.0001     1.1891   202.2630   -42.9905    59.0194   181.0230    31.0316
   515.0000     0.0001    23.7292   217.2370   -40.9101    72.4417   210.9860    42.7508
   515.0000     0.0001    -4.5320   219.7360   -38.1208    36.8195   183.8640    39.6344
   515.0000     0.0001    41.3053    -5.2968    75.3206   -77.0120    15.5826  -177.9760
   515.0000     0.0001    15.5139   219.2460   -33.8167    82.0682   179.5100    56.4646
   515.0000     0.0001    24.8230   102.3330    -0.3780     8.2561   276.3010  -125.4500
   515.0000     0.0001    68.7947   153.0380    50.5005   111.2800  -207.4020   206.1400
   515.0000     0.0001   212.5710    -4.2969   208.8440   -25.3177  -119.8300   -16.0109
   515.0000     0.0001   -17.2555   141.6380   -58.8721   -13.2269   186.7410   -54.6199
   515.0000     0.0001    34.9254   146.6510    49.1732   137.1840   -42.6857   -73.2777
   515.0000     0.0001    57.0615    29.9884    53.6378  -124.0880    68.7789   -90.9151
   515.0000     0.0001    54.9814   171.9710    18.7618    68.7774   -16.8928   183.5500
   515.0000     0.0001     8.2176   190.1620   -62.2969    60.5941   193.8830   -24.3200
   515.0000     0.0001    36.2424   201.4950   -45.6647   110.4570   117.4220    43.4868
   515.0000     0.0001   -15.6523   208.8420   -60.1452     8.0007   175.6440     0.3287
   515.0000     0.0001   181.7040    21.0063   221.2060   -28.5476  -104.4080   -45.0575
   515.0000     0.0001    -8.1378    71.2035   -35.7493    36.7916   148.4480  -155.3110
   515.0000     0.0001    61.9648   163.2940    42.3150    86.1291  -130.2420   205.2800
   515.0000     0.0001    30.7209   126.7690   -15.8645    46.7240   272.1780   -62.5220
   515.0000     0.0001     6.4303   228.4430   -37.2798     5.6265   208.5530    47.8439
   515.0000     0.0001    44.2347   173.7090    14.5114    49.8032   -38.7759   153.6200
   515.0000     0.0001     2.2131   191.7400   -18.5355    72.2196   -13.1624   134.9360
   515.0000     0.0001    -3.8239   221.3670   -51.4987    23.3432   199.7780    16.6810
   515.0000     0.0001   148.9060   -45.8742   176.8900   -44.2413   -79.0258   -63.7078
   515.0000     0.0001    22.9868   214.9960   -49.7344    94.9301   178.9040    26.2141
   515.0000     0.0001    50.4157    14.1635    75.4833   -73.3079    60.8838  -193.3680
   515.0000     0.0001    52.4170   196.0550    44.5189    83.8692   -98.6453   154.3150
   515.0000     0.0001    25.9149   234.0500   -32.2355    46.6253   167.3690    59.9785
   515.0000     0.0001   121.1120    98.4257   100.6990  -104.7000   116.9230   -27.4416
   515.0000     0.0001    -5.3790   203.3220   -51.7264    29.8793   165.1390    25.6745
   515.0000     0.0001    43.1245    30.7199    53.3860  -104.9510   110.9950  -193.0310
   515.0000     0.0001    23.1187   -22.1414   100.0480   -40.3152    -8.6509  -160.2040
   515.0000     0.0001    10.8709   208.8850   -26.6014    40.5808   151.8290   103.8940
   515.0000     0.0001   189.1270    16.0984   215.6380   -29.7637  -106.2600   -42.1369
   515.0000     0.0001     2.3055    16.6136    -6.5945   -34.8565    95.8716  -169.2210
   515.0000     0.0001    27.4470   203.4580   -39.4830    71.4353   124.1800    87.0435
   515.0000     0.0001    51.4593   181.0060    31.4729   106.9160   -39.6922   144.8450
   515.0000     0.0001    29.2565   171.9290   -27.1743    42.3123   230.7400   -12.1147
   515.0000     0.0001    76.2750    -6.1857   126.9680   -91.7606   -29.0564  -134.2290
   515.0000     0.0001    11.6878   202.3240   -60.0864    21.1236   149.9750    25.7772
   515.0000     0.0001     7.2565   188.8350   -32.8082   101.1820   171.9100    26.1718
   515.0000     0.0001    24.3163   194.0460   -26.2574   109.3640    -9.0035   156.1190
   515.0000     0.0001   128.3030    64.5479   122.3680   -26.2177    74.2788    -4.1617
   515.0000     0.0001    15.4452   206.6900   -29.0860    80.2943   128.6460    83.3213
   515.0000     0.0001    73.3173   -20.7513   132.8870   -85.9743   -44.1732  -117.5640
   515.0000     0.0001    27.5440   210.0420   -58.1656    63.1005   209.4100     6.2256
   515.0000     0.0001    63.0673   164.0620    47.5238    77.6991  -156.7930   200.9560
   515.0000     0.0001    38.9935    27.4564    46.1657   -79.7279   125.1890  -186.1350
   515.0000     0.0001    41.9442   196.2020   -33.1477   110.6720   190.6850    60.3266
   515.0000     0.0001    31.4461   217.2900   -28.5754   108.3180   191.4170    89.5804
   515.0000     0.0001    58.6112   190.5130    37.0140    90.4753   -41.6031   142.1010
   515.0000     0.0001    53.1817   112.6110    -5.1128    78.5757   -32.4732   -44.0301
   515.0000     0.0001   104.8630   108.2590   108.1720   -48.9053   140.0370  -126.9060
   515.0000     0.0001    36.9299   155.3820   -26.2518    76.1605   234.2080   -47.7142
   515.0000     0.0001   118.6270    27.6589   116.5260    -1.0684    51.2230     4.7602
   515.0000     0.0001    57.3753   170.9840    18.6815    78.0380   -13.3271   188.5870
   515.0000     0.0001    57.4966   167.0340    17.4936    92.0355    -6.0155   199.0900
   515.0000     0.0001    41.2464   218.9440   -18.5304    71.4054   197.4190   119.1290
   515.0000     0.0001    -1.5518   199.5800   -50.8612    44.9621   193.5230    11.8593
   515.0000     0.0001    22.5935   235.5920   -41.4632    46.6001   212.7210    43.5014
   515.0000     0.0001    38.0379   191.0230    39.6060   128.8250   -66.6553   144.4710
   515.0000     0.0001    34.8966   162.2510   -36.1263   114.1960   208.7680   -44.3691
   515.0000     0.0001     9.6413   219.7040   -24.4603    53.9690   173.5510    83.1722
   515.0000     0.0001    -5.9868   192.6580    14.9437    94.7299   -28.9113   133.4370
   515.0000     0.0001    18.0424   167.7020   -26.6663    55.6761   217.0720    37.9900
   515.0000     0.0001     2.6858   172.1910   -54.6878   -13.2205   180.1200   -12.8552
   515.0000     0.0001    19.0034   229.5940   -15.4696    76.9740   164.5400    81.1180
   515.0000     0.0001    26.7803   219.1520   -11.3562   103.6390   102.0720    80.5873
   515.0000     0.0001   198.3340   -18.2803   207.6530   -34.6426  -113.2160   -20.8307
   515.0000     0.0001     8.4178   120.4840     4.5102   -12.1844   262.9310   -75.0321
   515.0000     0.0001    20.9854   160.5140   -33.5697    74.5881   219.9500     0.9911
   515.0000     0.0001    57.5075   152.5350    46.3945    96.8027  -164.5230   228.6670
   515.0000     0.0001    32.5805   216.4400   -24.4583    69.9669   214.5410   102.9480
   515.0000     0.0001     7.7484    36.1463    13.9296   -37.6371   132.8150  -181.8000
   515.0000     0.0001    11.6453   215.9760   -40.8312    88.4582   185.8690    27.4614
   515.0000     0.0001     6.7934   225.9310   -70.7976     5.4478   183.4240   -17.5781
   515.0000     0.0001    60.6004   187.6380    19.8694    95.8607     6.3630   136.1380
   515.0000     0.0001   104.0830   -23.8188   123.2010   -84.1123   -27.3712  -111.3450
   515.0000     0.0001    66.4089   154.6540    54.2749   158.6160  -135.2580   209.9900
   515.0000     0.0001   213.9190    -7.2773   229.0930   -18.8368  -120.3370    -4.4051
   515.0000     0.0001    18.1557   176.4040    47.4887   170.8510  -141.3250   108.5500
   515.0000     0.0001     5.5325   101.9940   -19.2158    -7.6568   221.2370   -98.8211
   515.0000     0.0001    17.3836   192.6730   -59.1012    40.9972   204.5670   -23.9427
   515.0000     0.0001    23.0180   214.5010   -35.2577   106.0410   181.8200    46.1016
   515.0000     0.0001    15.8706   191.1660   -35.1203    44.3079   175.2800    86.6389
   515.0000     0.0001    57.0741   183.6570    12.3582    67.3396    34.6406   158.0960
   515.0000     0.0001    19.8562   152.9470    36.7576   221.9880  -145.7050   177.2270
   515.0000     0.0001   210.8940   320.8650   124.2800   157.6840  -121.4100    53.8459
   515.0000     0.0001    51.3107   191.6170     6.2577    65.8161    10.1427    96.0119
   515.0000     0.0001   208.0050   -11.3391   149.4890   -67.5882  -121.1360   -15.0894
   515.0000     0.0001   139.4080   -24.9385   179.7610   -55.1953   -72.9668   -71.8709
   515.0000     0.0001   -24.8875   163.8350   -61.3016     9.3294   171.4240   -22.5728
   515.0000     0.0001    13.4532   227.5910   -35.6179    12.8556   169.5750    51.4296
   515.0000     0.0001   184.2590    21.6706    79.0186    10.2214     9.0831    46.5756
   515.0000     0.0001    37.7614    36.0183    46.2905   -98.6476   123.1450  -200.1140
   515.0000     0.0001   -13.3959   115.8970   -33.7007   128.1410    -8.7800   182.2760
   515.0000     0.0001   -26.7748   167.7790   -59.3397    -9.2347   187.7910   -35.9435
   515.0000     0.0001    62.6034   113.4150    49.6716  -461.7250  -112.9510  -382.5320
   515.0000     0.0001    78.4039   159.5140    52.7645    58.2571  -173.4210   194.4440
   515.0000     0.0001     7.3857   227.4090   -49.8335    50.2412   188.7100    21.0470
   515.0000     0.0001    74.9457    20.8337   103.4330   -94.0155     5.0347  -187.3970
   515.0000     0.0001    58.7590   143.2920    27.9015  -102.4140   -24.2708  -301.9810
   515.0000     0.0001   144.2820    78.2239    88.3578   -74.7307    75.8243    23.5692
   515.0000     0.0001    58.4716    25.3657    62.2154  -124.6980    75.3890  -188.2040
   515.0000     0.0001     7.1983   215.5610   -47.2627    66.9187   176.5010    25.4892
   515.0000     0.0001    70.3392   150.2550    50.4435    82.5309  -209.3620   218.7450
   515.0000     0.0001    44.5791   207.6000   -32.2510   110.0410    87.4333    72.0785
   515.0000     0.0001    33.2906   171.8340   -10.8620    73.5201    25.8918    97.6891
   515.0000     0.0001    55.3078   190.3750    17.1036    55.4025     1.9410   136.7890
   515.0000     0.0001    66.7405   107.7650    39.3753   -41.4780    83.9261    46.0681
   515.0000     0.0001    20.0698    76.8755    10.9168     0.5876   239.4660  -170.0050
   515.0000     0.0001    45.2390   185.6310    46.0054   126.2910   -97.7862   150.6720
   515.0000     0.0001    43.0219   185.5490    47.6192   126.2980   -95.6526   146.8670
   515.0000     0.0001   153.7440    71.4497    19.9588   -54.4142    28.0635    80.9916
   515.0000     0.0001    -2.9207   175.6400   -12.3515   107.6610   -47.9354   151.1750
   515.0000     0.0001    39.8760   226.1220   -13.6815    98.0065   161.6960   114.4020
   515.0000     0.0001    -6.7154   210.2860   -42.0285    39.0218   168.4790    37.2588
   515.0000     0.0001    -4.0184   208.3000   -33.4022    34.3948   171.6510    62.5731
   515.0000     0.0001    29.3716   180.9790   -31.9333    64.0004   221.5080    26.0154
   515.0000     0.0001    40.9064   195.0880    14.3937    89.2655    79.1131   141.9350
   515.0000     0.0001    31.4678   223.7160   -18.7165    87.2967   114.5180    72.0932
   515.0000     0.0001    62.3021   175.3000    16.1149    88.0207   -42.8259   152.4860
   515.0000     0.0001    27.6137   238.3530   -39.2862    57.4826   181.3190    36.3105
   515.0000     0.0001     5.9979   217.6720   -21.9869    59.8361   166.2650    78.2178
   515.0000     0.0001    23.5715   226.6520   -14.7143   100.9470   176.4240    75.6247
   515.0000     0.0001    55.0293   150.1810    39.4554   157.8850   -98.3669   248.4770
   515.0000     0.0001    18.9420   212.5780   -19.5651   103.8650   147.5140    99.1824
   515.0000     0.0001    -5.9868   192.6580    14.9437    94.7299   -28.9113   133.4370
   515.0000     0.0001    76.3794   167.1490    55.6775    73.6151  -184.6120   165.4690
   515.0000     0.0001    11.9716   215.4370   -14.8682    79.8851   150.8450    93.8998
   515.0000     0.0001   106.5890     5.7664   112.9490   -97.6161   -21.6461  -142.8230
   515.0000     0.0001    20.2169   212.4190   -82.7599    32.2253   203.5430   -46.4988
   515.0000     0.0001     0.0627   112.0590   -32.1680   -30.7658   211.9620   -60.9531
   515.0000     0.0001    -5.2992   187.9850   -56.9538    18.2090   173.8950    17.6554
   515.0000     0.0001    54.0487   204.3410    19.2449    61.3655   -65.2471   161.7470
   515.0000     0.0001    12.6636   149.2740   -27.8627   -41.4890   211.0640     7.3826
   515.0000     0.0001    23.2771   209.6770   -36.1464    98.5234   181.0350    64.8447
   515.0000     0.0001   298.2840    45.4812   155.6480    17.0944  -146.0700    16.4487
   515.0000     0.0001    57.5443   188.1280    27.1744    72.9099   -11.0673   149.6990
   515.0000     0.0001   191.5040   -25.5627   240.7920   -12.5446  -100.1390   -21.8951
   515.0000     0.0001    57.1300   109.8590    43.0889   -54.6498   214.7140  -153.6360
   515.0000     0.0001    -7.8860   195.5140   -62.1979    16.3334   161.9780     6.1615
   515.0000     0.0001    67.5798   161.5740    43.6357   136.2960  -176.3470   160.5180
   515.0000     0.0001   110.1210    91.1623   126.6340   -28.0761    91.0441   -60.1824
   515.0000     0.0001    46.1432   109.0420    42.7255   445.3240    12.0199   332.5390
   515.0000     0.0001    51.5167   187.0990    35.0949    98.9526   -86.5448   137.7190
   515.0000     0.0001   161.5210    65.4875    62.7126   -58.9322    47.0982    52.6016
   515.0000     0.0001   -23.3281   189.5300   -88.4428    -4.5056   187.2710   -70.7400
   515.0000     0.0001    21.0281   196.5640   -33.0655    39.9662   109.2660    93.5633
   515.0000     0.0001    60.1060    15.3700    89.9881   -86.3614    39.4911  -186.6570
   515.0000     0.0001   -20.1601   110.9650   -19.2845   144.3900    -7.9925   180.4200
   515.0000     0.0001    37.5430   228.4800   -12.1564    88.1193   130.6000    93.7304
   515.0000     0.0001     3.3404   186.7940   -39.2479    84.5600   173.0860    21.9261
   515.0000     0.0001    61.2543    17.7060    85.0018  -107.6340    30.0260  -185.8810
   515.0000     0.0001   144.8620    -4.7414   176.3640   -60.9092   -81.6894   -80.7571
   515.0000     0.0001    48.5806   159.4030    33.1857    97.1723  -106.6850   200.1350
   515.0000     0.0001   125.5080   -22.8532   167.5720   -67.0436   -64.1300   -81.6094
   515.0000     0.0001   128.9570    -3.3988   137.5740   -77.0241   -56.5978  -115.3720
   515.0000     0.0001   187.3280     5.7030   219.5120   -25.3341  -104.9030   -41.8817
   515.0000     0.0001    56.6878   152.1510    53.5258   138.4030  -146.6760   221.1450
   515.0000     0.0001    12.6699   203.3620   -26.0169    74.1876   127.4100    99.0646
   515.0000     0.0001    30.0416   219.4190   -15.2617   130.0870   152.3070    86.2822
   515.0000     0.0001   208.0050   -11.3391   149.4890   -67.5882  -121.1360   -15.0894
   515.0000     0.0001    12.5606   214.4900   -45.4583    30.4125   134.8510    51.3148
   515.0000     0.0001    59.9773   198.1090    -8.0765    38.8325   -12.2880   124.5920
   515.0000     0.0001    37.2634   188.5630    11.0447    78.7401    56.5899   114.1710
   515.0000     0.0001    15.5421   190.2220     2.2619   133.3460    14.1435   145.9470
   515.0000     0.0001    15.0914   205.1850   -26.0380    82.7572   132.6750    93.2478
   515.0000     0.0001    33.0841   190.2910    42.0835   111.4740   -79.2996   141.4530
   515.0000     0.0001    55.9286   159.9380    42.4390   130.6760  -146.2310   186.5170
   515.0000     0.0001    39.8329    32.0860    35.2581  -103.9610   141.2710  -169.9440
   515.0000     0.0001     3.5428    91.8781   -52.7141    13.9855   174.0850  -122.6540
   515.0000     0.0001    41.9906   171.6430    23.3757    55.5807   -21.4648   187.3700
   515.0000     0.0001    51.6134   226.5220    -7.6161   114.8430   149.8140   108.8250
   515.0000     0.0001    62.4310   163.3060    57.2414   156.7070  -180.8130   132.8910
   515.0000     0.0001    34.9708   228.6640   -27.3824   103.9770   165.4630    69.7163
   515.0000     0.0001    42.1626   178.2620    -2.4508    80.4234    71.6093   124.8230
   515.0000     0.0001    38.2544   181.2280     4.8375    60.2159    60.1453   119.7940
   515.0000     0.0001    33.8835   193.3670    31.5869   108.0730   -74.2839   134.4790
   515.0000     0.0001    45.6346   220.6650     3.3541   107.4500   123.9410   125.0730
   515.0000     0.0001    43.3598    29.6153    38.6396  -115.3150   107.0400  -187.9990
   515.0000     0.0001   -25.1032   190.7870   -84.4608    -6.1997   185.1460   -54.4728
   515.0000     0.0001    16.6614   208.6440   -40.0902    87.1294   178.6020    52.9849
   515.0000     0.0001     4.3370   177.8010   -29.6787    79.4269   -30.0679   149.2980
   515.0000     0.0001    -5.9791   199.3940   -68.6058   -17.6559   196.5430   -22.7326
   515.0000     0.0001     4.5358   126.3240   -22.9861   -70.2487   211.1010    -7.7777
   515.0000     0.0001   101.1830    48.8824   111.8480   -29.7302    85.5907   -41.9529
   515.0000     0.0001    63.2916   143.3110    61.5402   119.7950  -220.0170   209.2940
   515.0000     0.0001    40.5909   184.6150    20.4315    49.2758   -16.2609   133.5520
   515.0000     0.0001    -5.6373   191.5050   -67.1184    16.9379   160.8310     0.1526
   515.0000     0.0001    62.1277    -3.1445    90.3816   -89.4030    -4.7347  -171.7490
   515.0000     0.0001    -5.6288   214.4800   -47.0280   -14.7242   189.7810    22.6036
   515.0000     0.0001    51.9490   179.9520    39.7626   140.3390   -46.4492   139.3930
   515.0000     0.0001    43.6432   195.4950    27.9211    81.5713  -131.1350   155.6420
   515.0000     0.0001    55.3778   185.4990    10.3789    69.8763     2.8130   123.7540
   515.0000     0.0001    74.8707   173.3340    40.6043    91.9952  -140.5080   175.8230
   515.0000     0.0001    38.1323   206.8400   -59.8617    84.5183   188.9580    10.4839
   515.0000     0.0001     3.1645   211.9160   -10.1720    43.4117   117.8010    89.7447
   515.0000     0.0001    32.6309    81.2520   -10.9839  -101.2350   225.7900  -104.8480
   515.0000     0.0001   219.3560   -32.7496   241.3830   -16.2901  -116.7130    13.6160
   515.0000     0.0001     7.5150   236.1580   -39.0329    12.5627   217.8830    39.8213
   515.0000     0.0001    17.8110   211.7910   -21.3642   104.3400   129.6180    83.3846
   515.0000     0.0001    18.0073   180.7330    10.5911   107.6510    92.5515   171.4510
   515.0000     0.0001    68.0023   160.2620    65.0158   136.3830  -188.7710   156.0090
   515.0000     0.0001    22.1170   198.7820   -40.0667    40.5090   129.0140    76.1711
   515.0000     0.0001     6.4718   177.4840   -31.7716    77.6003   181.6160    49.0697
   515.0000     0.0001    14.8233   196.4900   -22.4551    58.3860   138.9460   110.0830
   515.0000     0.0001    12.5745   231.2140   -74.3640    18.6461   202.9170   -20.8590
   515.0000     0.0001   -18.2267   207.6050   -70.6296   -11.6590   170.1120   -18.2182
   515.0000     0.0001    45.5991   184.9920     9.0982   122.3010    78.5392   134.0790
   515.0000     0.0001    54.9667    17.0361    64.6583   -60.2501    80.3709  -202.5350
   515.0000     0.0001    21.4624   204.7230   -26.1983   101.9530   160.0720   100.9250
   515.0000     0.0001   105.4680   -12.9468   139.2680   -75.3352   -29.2816  -114.3060
   515.0000     0.0001    62.2858   151.8760    51.0816   109.2380  -164.9320   224.6850
   515.0000     0.0001    33.5083   186.4240   -96.7059    61.7154   176.4930   -72.2248
   515.0000     0.0001     8.6845   222.1250   -24.3728    65.1775   165.6310    69.8627
   515.0000     0.0001   104.4480    14.0156   126.9440   -87.2365   -63.7358  -150.6880
   515.0000     0.0001    56.9561   153.3890    40.0326    99.5608  -136.6520   240.0390
   515.0000     0.0001   -43.0823    71.0690   -54.7395   105.5550    -4.9377   126.3330
   515.0000     0.0001   166.7850    15.4556   194.9340   -47.8220  -100.6940   -65.1379
   515.0000     0.0001   156.8240    93.7907   113.4980   -48.7871    89.8103    31.8676
   515.0000     0.0001    66.5497   112.7650    56.0786   339.7640  -423.9970   194.1660
   515.0000     0.0001    60.9943   157.2820    45.1700    89.1123  -137.4410   225.4280
   515.0000     0.0001    42.2460   150.4650    61.3173    66.3174   135.5760   -33.6308
   515.0000     0.0001    34.6332    49.1907    33.4662   -48.7746   166.2280  -222.2460
   515.0000     0.0001   135.8440     1.1589   147.4890   -76.8575   -61.3223  -104.7270
   515.0000     0.0001    17.3088   234.4080   -31.9651    49.8914   168.2870    57.8115
   515.0000     0.0001    57.6784   166.5050    38.1134   121.4480   -45.2616   209.9640
   515.0000     0.0001    68.6187   153.1030    45.8508   103.6470  -194.0360   210.7170
   515.0000     0.0001    60.6407    15.6773    63.2224  -113.0950    67.5203  -176.9320
   515.0000     0.0001    14.7463   207.5940   -12.6358    97.7106   141.6750   100.7010
   515.0000     0.0001    43.6085   174.9540   -67.4495    93.3224   186.8670   -33.8264
   515.0000     0.0001    39.8680   159.8940    30.4531    98.1826   -82.7217   193.9350
   515.0000     0.0001   201.7180   -11.4863   214.9680   -22.9967  -111.8210   -22.9151
   515.0000     0.0001    38.7917   159.2080    27.4593   185.6680  -169.9630   211.4770
   515.0000     0.0001   139.3010   -32.2219   171.8890   -57.2660   -69.4045   -71.6105
   515.0000     0.0001    18.3634   207.3480   -27.3277    33.8847   112.0640    96.4165
   515.0000     0.0001    19.7375   201.2760   -51.8732    52.3028   207.1590    17.4579
   515.0000     0.0001    47.7053   198.4970    37.7261   111.3690   -94.2116   133.9420
   515.0000     0.0001    80.3981   159.3000    55.6178    73.8856  -181.3430   195.2540
   515.0000     0.0001    16.2269   204.7710   -32.6485    81.3916   115.6350    79.9390
   515.0000     0.0001    42.8723   189.3000    42.5503    96.2476  -107.6400   150.1570
   515.0000     0.0001   100.7740   -21.0720   124.6130  -102.4050   -44.9384  -102.5920
   515.0000     0.0001     5.7033   195.7250    21.3123   111.6270   -34.1996   145.2000
   515.0000     0.0001    69.7263   152.3720    47.2979   141.6940  -122.0220   252.9140
   515.0000     0.0001   -49.1320   101.4400   -46.6972   108.4750    -8.8859   130.4620
   515.0000     0.0001    23.4492   178.5350   -29.6937    29.0546   220.1550    -0.9764
   515.0000     0.0001    44.9049   190.7700    10.3696   113.5300    69.5860   119.4400
   515.0000     0.0001   108.2360     4.1947   132.1520   -86.5421   -48.1871  -134.9660
   515.0000     0.0001    41.0076   170.9390    21.0350    71.9573   -36.7135   161.4070
   515.0000     0.0001    15.2018   210.5880   -38.5520    89.1147   172.5080    53.0341
   515.0000     0.0001    15.8479   206.1920   -34.7586    80.8151   214.9500    12.2695
   515.0000     0.0001    40.9384   204.1730    13.2839    66.9278   -43.5605   118.9560
   515.0000     0.0001   146.9680   -25.8332   204.8050   -51.2591  -107.4420   -40.0909
   515.0000     0.0001    16.5851   223.4060   -25.5033    92.1211   169.4430    57.2145
   515.0000     0.0001    -8.5524   100.0580    23.8010   252.9460    14.4719   150.7860
   515.0000     0.0001    25.0953   217.0570   -20.8432   105.5560   125.1900    97.8971
   515.0000     0.0001   -20.9594   182.0660   -73.0834   -14.9056   189.0910   -59.1975
   515.0000     0.0001    -8.2242   218.3590   -66.9373   -18.2040   202.5960   -13.3398
   515.0000     0.0001     7.3857   227.4090   -49.8335    50.2412   188.7100    21.0470
   515.0000     0.0001    67.6552   157.1880    55.1559    77.1323  -200.8650   182.3260
   515.0000     0.0001    54.2862   164.4570    38.2117    74.7820  -125.9920   198.5330
   515.0000     0.0001    78.2783   195.6670    17.0651    66.0376   -90.0630   174.5780
   515.0000     0.0001    34.3395   178.3170   -64.8654   128.8650   165.1430   -45.3654
   515.0000     0.0001    14.7562   102.2060   -47.6484    36.2386   188.6300  -119.5820
   515.0000     0.0001    68.3419   151.9010    51.2127    86.5921  -181.4350   220.5380
   515.0000     0.0001   170.2060    78.9631    28.9848   -28.2666    12.8122    70.6097
   515.0000     0.0001    73.0234   138.3970    62.7295  -112.6770    97.6707  -307.6220
   515.0000     0.0001    24.9780   218.1270   -69.1368    50.8572   208.3800   -25.2065
   515.0000     0.0001   271.8500   163.9060   133.5940    71.2374  -172.9580    31.7658
   515.0000     0.0001    60.2379     5.9659    93.3225   -93.4764    20.1252  -171.5780
   515.0000     0.0001   108.1080    92.4093    99.3048   -73.1410   167.2090   -57.4269
   515.0000     0.0001    38.2053   167.7080    10.0755   126.0340    26.0674   150.0890
   515.0000     0.0001    18.7717   216.9060   -23.0961   100.6720   134.2140    73.8769
   515.0000     0.0001    35.4542   203.3630   -47.5016    76.7953   203.5900     0.5389
   515.0000     0.0001    29.7091   178.1650     7.1059    76.6818    18.4865   100.1860
   515.0000     0.0001    59.1437   175.3490    60.3303    82.1653  -161.0240   152.3180
   515.0000     0.0001    52.9130   159.9630    27.5773    80.2110   -83.7054   215.4880
   515.0000     0.0001   114.0970    90.3074   123.8900   -23.2557   124.7690   -61.3179
   515.0000     0.0001   -20.8836   178.5790   -90.4852     7.3108   179.6180   -91.0347
   515.0000     0.0001    21.4009   215.3390   -34.0198    91.0835   191.7910    67.7669
   515.0000     0.0001   108.7020   -12.5106   111.6340  -114.4170   -31.6038  -103.9430
   515.0000     0.0001    46.7326   176.0080    11.9402    77.3688   -63.7598   131.2910
   515.0000     0.0001    42.4583   176.0670     5.4121   131.0040   -38.0634    98.3794
   515.0000     0.0001    41.8931   180.1280     5.1189    56.4142    66.8065   149.6320
   515.0000     0.0001   -16.4752   216.4630   -65.6249   -23.5408   205.9830   -15.5614
   515.0000     0.0001    77.2434   108.5810    73.2617    26.1702  -292.2750    -7.1432
   515.0000     0.0001     7.1508   221.0400   -14.9293    66.5209   138.3600    67.7477
   515.0000     0.0001   280.7040   113.7830   128.4390    41.9405  -171.3810    18.8362
   515.0000     0.0001     2.3710   198.8050  -108.3540     6.8427   191.2110  -101.8500
   515.0000     0.0001    13.6900   210.2190   -52.8995    73.6135   129.8700    19.9181
   515.0000     0.0001    39.1085    65.2715    26.3379   -67.7907   177.1250  -141.8510
   515.0000     0.0001    60.6505   143.6530    49.2467   165.9550  -205.2880   228.0490
   515.0000     0.0001   103.9940   121.5620   121.4600   -59.2966   102.5190  -100.0580
   515.0000     0.0001    71.5675   131.6560    69.3128    65.6919  -280.5810   172.6520
   515.0000     0.0001    18.5171   211.5240   -12.5637   109.5420   115.6100    93.0880
   515.0000     0.0001    50.9438   190.0690     5.2540    44.5160    93.3845   143.6170
   515.0000     0.0001    -0.8179   172.6080   -34.0834    26.6189   207.2030   -14.3438
   515.0000     0.0001    -9.8451   181.1450   -75.3787    14.3505   190.3190   -42.7358
   515.0000     0.0001    50.1475   185.7450    19.4081    80.4727   -64.1106   139.9860
   515.0000     0.0001    16.5839   201.8920   -18.0675    66.7180   127.8070   125.6660
   515.0000     0.0001    43.7677   217.0400   -24.0759   125.5920   136.4800    98.9814
   515.0000     0.0001    31.4310   220.7500   -58.5929    61.1531   219.4420   -15.2050
   515.0000     0.0001    59.2079   161.0590    48.9241    86.2065  -171.0890   194.5610
   515.0000     0.0001    14.9073   204.0970   -14.7913    84.3394   151.9910   109.8980
   515.0000     0.0001     0.8461   140.6870   -68.5398    19.4191   186.8460   -77.3266
   515.0000     0.0001    74.8163   142.4760    66.8623    42.2955  -230.5410   188.7940
   515.0000     0.0001    65.9652     0.8012    93.1047   -92.9706    28.5153  -157.9530
   515.0000     0.0001    27.4334    41.6349    37.4144   -50.0224   137.0090  -216.9360
   515.0000     0.0001   -25.1694   187.5870   -89.8764   -12.7015   183.1250   -88.1887
   515.0000     0.0001    51.8290   174.8670    47.5715   103.0240  -150.6700   137.6690
   515.0000     0.0001    73.5559   152.9980    39.6031    88.7828  -139.9390   236.8030
   515.0000     0.0001    40.9462    39.5655    40.2025  -106.7980   131.2540  -201.6390
   515.0000     0.0001   267.3100    81.5706   195.4110     1.5984  -150.2640    28.4396
   515.0000     0.0001     7.0692   214.0250   -29.9705    38.1965   176.9230    79.9199
   515.0000     0.0001    52.3735   180.8190     9.2303    73.4767   -10.9112   122.8720
   515.0000     0.0001    -3.0101    83.1577   -31.1209   -26.8914   180.8900  -111.9100
   515.0000     0.0001    -4.6204   218.5390   -43.7151    27.1769   184.9560    34.4965
   515.0000     0.0001   169.3770   -27.0420   145.7290   -71.0435   -93.1815   -55.2417
   515.0000     0.0001    50.2913   185.1280    44.8892   124.5420  -102.0160   156.4150
   515.0000     0.0001    10.1280   203.2650   -51.9198    38.8786   212.7920    -8.5095
   515.0000     0.0001   144.6690    95.3813   112.3830   -58.7163   111.7370    -7.2411
   515.0000     0.0001    15.8416    76.9929    -8.3155    39.4986   195.6720  -178.7370
   515.0000     0.0001    17.2462   210.5900   -28.8677    82.3061   193.2770    64.0499
   515.0000     0.0001    58.9504   151.4500    74.8994   153.1400  -195.8630   115.3510
   515.0000     0.0001    73.9680   155.9430    53.0283    56.7528  -185.5730   213.2580
   515.0000     0.0001    10.2973   226.0450   -32.3850    65.7829   167.6970    49.4249
   515.0000     0.0001    76.3794   167.1490    55.6775    73.6151  -184.6120   165.4690
   515.0000     0.0001    -0.8957   200.1230   -43.0146    46.5127   168.8810    36.7781
   515.0000     0.0001    27.3227   211.8130   -35.6088    43.2326   119.8240    85.6299
   515.0000     0.0001   196.9890    16.2239   247.8710   -12.6661  -104.4710   -22.9600
   515.0000     0.0001    17.8793   221.1680   -30.3681    92.6100   180.6010    53.1786
   515.0000     0.0001    22.3932   220.8370   -26.4608    84.9048   132.4480    79.0717
   515.0000     0.0001    49.6230   177.5300    21.8019   106.3290    26.0481   167.3310
   515.0000     0.0001    55.9287   151.4530    31.6714   139.3010  -137.5600   219.5210
   515.0000     0.0001    57.5953   -41.7677   146.6720   -55.3153   -55.2615  -113.9140
   515.0000     0.0001    52.0951   185.3010    13.9493   122.5010    63.5450   159.2830
   515.0000     0.0001    -3.0922   162.6100   -47.5915   -45.8127   174.8920     8.5037
   515.0000     0.0001   114.1370    99.3055   112.0960   -58.6075   143.4810   -44.2001
   515.0000     0.0001    31.7988   166.7840   -52.8317    84.8506   193.9660   -54.5118
   515.0000     0.0001   128.7560   -12.5074   151.3160   -73.5121   -55.9964   -96.9878
   515.0000     0.0001   -23.2909   205.6230   -93.8492    -4.5235   194.4920   -87.6561
   515.0000     0.0001    65.5787   159.2210    44.7539    79.4042  -109.8140   235.1100
   515.0000     0.0001   -16.6171   204.0670   -29.3591    64.0371   141.4930     0.6151
   515.0000     0.0001    37.4703   186.1780    31.2078   127.3960   -59.8129   149.6920
   515.0000     0.0001    61.2016   182.5130    40.3555    78.8596   -59.3189   161.2350
   515.0000     0.0001    32.9643   -13.6451   106.6980   -64.4865    12.6210  -145.1440
   515.0000     0.0001    54.9729    38.3948    54.6453  -154.6340    98.8973   -64.8335
   515.0000     0.0001    23.5955    58.7088     6.6309    44.1927   182.1630  -200.4060
   515.0000     0.0001    60.5469    23.6516    58.1082   -81.8795    57.5411  -100.0020
   515.0000     0.0001   106.5890     5.7664   112.9490   -97.6161   -21.6461  -142.8230
   515.0000     0.0001     5.3825   214.4040   -28.0687    67.7555   192.2280    56.8415
   515.0000     0.0001    10.6978   210.9020   -59.0758    40.8721   194.6900     9.9655
   515.0000     0.0001    18.9321   214.4600   -15.9743   111.4590   146.2360    93.6554
   515.0000     0.0001    30.3998    78.8143    13.9382   -36.6883   256.2140  -181.0380
   515.0000     0.0001   104.8430    30.9097   180.5400   -49.8554   -67.1868  -117.2250
   515.0000     0.0001     3.1181    36.2771    24.4826   -83.6053   133.4300  -153.4080
   515.0000     0.0001    41.6032   169.6550    31.5202    95.9296   -27.2487   189.3330
   515.0000     0.0001     2.8362   224.2460   -56.1993    -6.0317   204.5650    11.3603
   515.0000     0.0001    -0.5879   222.1100   -51.6312    33.2546   203.8290    11.8097
   515.0000     0.0001    36.1599   198.1040    31.1727   104.9180   -73.8520   134.9460
   515.0000     0.0001     7.4731   195.1010   -67.2022    40.2317   191.1040   -51.5243
   515.0000     0.0001    72.2088   180.1490    60.6244    98.4913  -159.1150   124.7970
   515.0000     0.0001     9.6332   149.7600   -62.7495    59.1015   182.8050   -83.0852
   515.0000     0.0001    26.3467   235.1770   -23.3633    51.4301   173.7230    74.1779
   515.0000     0.0001    66.0531   179.6180    59.5890   131.7650  -135.1270   142.7170
   515.0000     0.0001    24.3965   231.2160   -17.1094    84.3007   153.9910    66.5715
   515.0000     0.0001    43.8061   223.8230    -7.8589   123.6930   146.7360   103.1200
   515.0000     0.0001   173.6300    82.1276     6.1227   -26.1718     9.6643    76.8173
   515.0000     0.0001   200.8950   -22.6552   227.6510   -16.9572  -109.7400   -23.1705
   515.0000     0.0001    33.5394   220.8630   -20.9111   104.7640   116.1230    87.0212
   515.0000     0.0001   -22.0222    12.5431  -153.7850    30.1984   -35.8791    47.0343
   515.0000     0.0001    61.2543    17.7060    85.0018  -107.6340    30.0260  -185.8810
   515.0000     0.0001    66.4284   -19.6175   130.1260   -87.3956   -15.6464  -114.9830
   515.0000     0.0001     1.9488   229.2300   -37.6917    56.7839   176.8120    20.5971
   515.0000     0.0001   -19.9002   195.3730   -76.1692     6.4422   194.3180   -52.3050
   515.0000     0.0001    17.6484   233.8500   -65.0848    25.1825   207.4940    -0.7686
   515.0000     0.0001    76.9501     2.0427   104.1010   -99.3791     9.3334  -151.2420
   515.0000     0.0001    53.6535   161.7290    15.7815    89.0726   -52.3086   188.8450
   515.0000     0.0001     0.0014   194.4010   -58.0426    31.5642   190.0160     7.4972
   515.0000     0.0001   137.6530   111.5520   117.0590   -71.0751   104.4210   -10.0557
   515.0000     0.0001    46.9712   116.6400   -24.7831   -34.7499  -145.7670   -64.6960
   515.0000     0.0001    17.4454    11.1778    47.1485   -60.2818    66.1142  -188.0110
   515.0000     0.0001    30.3998    78.8143    13.9382   -36.6883   256.2140  -181.0380
   515.0000     0.0001    27.0538   218.0700     8.9460    91.7888    95.4632    78.8808
   515.0000     0.0001    72.3064   -39.1375   151.4900   -63.8081   -59.7048  -106.0560
   515.0000     0.0001    53.5015    14.8314    73.8595   -78.1211    64.8404  -191.5770
   515.0000     0.0001   128.7560   -12.5074   151.3160   -73.5121   -55.9964   -96.9878
