#         t          m          x          y          z         vx         vy         vz
   305.0000     0.0001  -126.6870   109.4940   -64.8232  -227.6050   158.8330    -4.5447
   305.0000     0.0001  -125.8090   125.4220   -55.5920  -180.0250   208.1290    10.3626
   305.0000     0.0001   -87.9559   125.1200   -52.6098   -40.4733   158.4430   -31.6016
   305.0000     0.0001  -123.5460   117.9440   -57.2871  -146.9090   142.6700    19.9157
   305.0000     0.0001  -125.0310   123.1490   -56.0353  -165.8040   170.6720    45.7344
   305.0000     0.0001  -126.6190   114.3120   -60.1308  -215.9830   189.0340     2.7723
   305.0000     0.0001   -84.7979   142.9990   -47.2771    69.0553   135.2730   -41.6113
   305.0000     0.0001  -123.7450   124.2430   -54.5992  -161.6760   173.0650    48.4093
   305.0000     0.0001   -88.4646   133.5950   -55.4716   -47.8118   162.4100   -73.2184
   305.0000     0.0001   -88.4057   135.5440   -55.0615   -55.5655   163.0110   -58.1855
   305.0000     0.0001  -121.8610   118.2440   -53.7875  -156.6300   144.5040    32.0735
   305.0000     0.0001  -121.1190   118.4980   -64.8395  -217.1350   183.2440     6.9017
   305.0000     0.0001  -123.3870   119.5990   -53.4478  -136.2670   144.2380    54.1790
   305.0000     0.0001   -89.1412   137.4900   -53.2521   -42.5201   163.4830   -45.4979
   305.0000     0.0001  -119.0700   104.6250   -56.3943  -187.4490   187.4920   -13.9742
   305.0000     0.0001  -122.8800    94.7790   -56.4557  -216.5950   138.8280    -9.2166
   305.0000     0.0001   -88.5427   140.2570   -51.5664   -18.9287   160.3670   -38.3505
   305.0000     0.0001   -93.5371   138.2550   -49.5012   -36.2533   160.3920   -22.3282
   305.0000     0.0001   -76.4852   153.1530   -47.9169   120.7020   147.8780   -38.0285
   305.0000     0.0001  -125.8090   125.4220   -55.5920  -180.0250   208.1290    10.3626
   305.0000     0.0001  -123.7660   122.4450   -55.4932  -167.2780   144.8350    39.5291
   305.0000     0.0001   -93.0757   139.8870   -48.8972   -37.6119   159.7720   -46.6069
   305.0000     0.0001  -124.0590   126.7950   -58.6447  -145.5100   180.3370     7.5868
   305.0000     0.0001   -86.5559   134.4520   -52.8511   -12.6481   157.7180   -78.1766
   305.0000     0.0001  -122.2510   115.0210   -56.8623  -158.2360   146.6840    20.3754
   305.0000     0.0001  -121.6860   109.8480   -58.1501  -116.6590   139.5350    37.1346
   305.0000     0.0001  -127.0100   119.4600   -66.9222  -194.4780   165.1530     2.9603
   305.0000     0.0001   -86.3267   131.4220   -57.0792   -46.9260   163.4500   -40.5050
   305.0000     0.0001  -125.1420   105.2800   -60.5957  -221.6850   148.3780    25.7260
   305.0000     0.0001  -128.0690   111.1640   -62.6051  -211.3800   163.6740     0.1095
   305.0000     0.0001  -122.2320   118.5130   -56.1538  -136.0340   149.7500    23.2938
   305.0000     0.0001   -93.8636   139.2720   -49.3289   -21.8540   160.9690   -30.3709
   305.0000     0.0001   -83.9121   139.7070   -51.8331    43.0935   139.4430   -67.9402
   305.0000     0.0001   -88.5190   131.4260   -56.8350   -55.2470   161.0070   -70.7603
   305.0000     0.0001   -90.2708   134.4190   -56.0341   -80.0218   145.9590   -50.3741
   305.0000     0.0001  -111.6290   107.3500   -50.4813  -197.9220   158.9790    -4.8452
   305.0000     0.0001  -124.3670   117.0990   -56.7151  -175.5190   168.0990    45.9151
   305.0000     0.0001   -89.6126   134.9420   -57.8590   -72.2823   158.9880   -65.9440
   305.0000     0.0001   -88.2307   133.1260   -53.1358   -53.6671   159.8480   -40.7142
   305.0000     0.0001  -124.5140   119.5950   -57.9451  -169.7930   133.5300    31.0250
   305.0000     0.0001  -124.9780   121.6340   -59.6094  -185.8340   194.1510    31.9876
   305.0000     0.0001   -92.0288   137.0320   -55.0764   -92.3566   152.6740   -45.8676
   305.0000     0.0001   -89.7760   133.9530   -55.8514   -47.9097   142.2820   -63.7765
   305.0000     0.0001   -87.2744   130.9640   -53.8468   -68.0094   177.1450   -82.5787
   305.0000     0.0001   -88.7519   133.0680   -53.5856   -54.6214   173.8520   -52.3375
   305.0000     0.0001   -84.1051   139.1740   -44.9907    69.6407   151.2970   -33.8059
   305.0000     0.0001   -90.4739   139.2490   -52.7370   -33.1406   156.0640   -50.7949
   305.0000     0.0001  -122.4740   118.0900   -54.7216  -125.3310   154.7180    19.0716
   305.0000     0.0001   -89.3959   136.9310   -56.5626   -53.3234   141.9030   -52.4153
   305.0000     0.0001   -84.5544   138.7900   -53.2204   -12.1606   181.3920   -70.5612
   305.0000     0.0001  -124.3230   108.5460   -62.9092  -171.4850   142.9380    31.4965
   305.0000     0.0001   -88.5333   134.8280   -54.7469   -37.3299   153.9080   -67.8124
   305.0000     0.0001   -87.8956   135.0920   -55.3925   -31.3271   161.6390   -65.6011
   305.0000     0.0001   -92.4724   138.7720   -51.4956   -49.1407   145.0810   -39.8833
   305.0000     0.0001  -119.0700   104.6250   -56.3943  -187.4490   187.4920   -13.9742
   305.0000     0.0001   -85.4878   127.6830   -51.3115    13.1681   139.6320   -63.2556
   305.0000     0.0001  -122.9310   108.8030   -67.5499  -246.2460   160.2350   -26.2379
   305.0000     0.0001   -90.0860   134.2420   -48.6703    -4.2719   134.8370   -48.3583
   305.0000     0.0001  -122.3650   114.2820   -67.4016  -242.2330   175.5810   -31.7141
   305.0000     0.0001   -87.5566   129.9300   -56.6643   -52.9350   146.4120   -49.3341
   305.0000     0.0001   -83.8201   130.8620   -56.5487   -32.0399   136.2290   -27.5060
   305.0000     0.0001   -89.0782   133.8940   -56.1782   -56.1692   150.9240   -62.8965
   305.0000     0.0001   -88.8687   135.5950   -52.1232   -65.5362   177.0430   -28.2677
   305.0000     0.0001   -79.1267   137.3640   -52.2971    23.9747   173.1860   -48.3602
   305.0000     0.0001   -88.2509   134.6700   -58.5988   -60.5635   151.1320   -70.2624
   305.0000     0.0001  -120.9060   117.3830   -69.3952  -236.2390   170.9550   -12.3094
   305.0000     0.0001   -90.5619   136.7150   -53.8531   -56.4518   166.4950   -71.9120
   305.0000     0.0001   -89.3745   134.3390   -49.4899   -49.0087   163.5430   -19.0453
   305.0000     0.0001   -87.1522   130.6480   -55.2717   -52.0341   168.8780   -35.6562
   305.0000     0.0001  -124.4080   124.3730   -56.3234  -152.8390   182.4020    39.5858
   305.0000     0.0001   -88.1185   137.5610   -51.4636   -25.3914   168.4640   -62.2005
   305.0000     0.0001   -87.9495   129.5750   -53.8085   -72.2896   166.9450   -28.7087
   305.0000     0.0001  -127.8810   117.5900   -67.6633  -182.7750   130.3990     0.6340
   305.0000     0.0001   -89.9601   139.1200   -52.1588   -38.3402   166.6350   -56.4241
   305.0000     0.0001   -92.2342   135.8650   -49.1593   -19.3326   159.5040   -38.9621
   305.0000     0.0001   -88.0699   132.5070   -51.7279   -12.9024   146.7280   -82.5642
   305.0000     0.0001  -130.0880    86.3557   -55.8164  -257.7400    98.7991   -55.6289
   305.0000     0.0001   -84.6043   136.6980   -55.5944    -7.9190   140.4510   -61.6452
   305.0000     0.0001   -87.7447   129.5890   -57.5747    -4.9537   103.8440   -75.9939
   305.0000     0.0001   -88.6076   132.6240   -56.1016   -71.5277   157.5650   -47.3759
   305.0000     0.0001   -79.9331   161.9820   -49.7188    57.1349   169.2330   -47.4897
   305.0000     0.0001  -123.3160   128.4390   -62.0574  -155.2250   171.4510    16.9230
   305.0000     0.0001  -124.0560   120.0240   -55.8789  -150.9130   150.7960    22.1969
   305.0000     0.0001  -127.5570   116.2750   -66.5609  -206.7490   168.3900    -6.3102
   305.0000     0.0001  -123.8170   124.0250   -54.9752  -119.4210   134.8420    13.3244
   305.0000     0.0001  -119.9130   112.4240   -59.8135  -177.1620   148.7940    27.8852
   305.0000     0.0001   -79.6657   148.5150   -48.5473    44.6499   179.0100    -7.5103
   305.0000     0.0001  -127.0100   119.4600   -66.9222  -194.4780   165.1530     2.9603
   305.0000     0.0001   -87.6976   136.9880   -54.7274   -41.2913   160.6500   -58.2207
   305.0000     0.0001  -122.7660    97.5095   -60.9861  -188.1050   135.1390     9.9936
   305.0000     0.0001   -92.3199   142.3890   -50.2350   -56.6541   160.4190   -73.0361
   305.0000     0.0001  -127.5010   120.1460   -60.4148  -175.5410   180.6280    13.3982
   305.0000     0.0001   -79.6467   163.8890   -47.2061    66.3656   162.5260     4.3635
   305.0000     0.0001   -94.0620   139.3710   -51.4988   -10.7105   117.8920   -54.8408
   305.0000     0.0001   -89.1787   134.3280   -52.1373   -10.9853   150.5000   -75.1228
   305.0000     0.0001   -81.5083   136.4670   -55.8096     2.1439   159.1460   -50.6807
   305.0000     0.0001  -123.6940   112.3580   -60.4832  -166.7490   126.3320    15.3805
   305.0000     0.0001  -122.7570   102.8930   -60.1865  -251.7370   146.0170     8.3163
