#         t          m          x          y          z         vx         vy         vz
   465.0000     0.0001    75.7015    87.3297    98.3176   -31.5656  -132.3080  -191.1170
   465.0000     0.0001    27.6408    91.8290    34.1465   -43.1738    74.7083  -281.6200
   465.0000     0.0001    77.0017    61.5066    74.6592   103.3020  -128.9080   140.2170
   465.0000     0.0001    34.2718    78.0351    24.3877  -127.1360    36.8398  -253.5960
   465.0000     0.0001    31.5557    68.7723    46.3892   -52.4321    44.5312  -219.7770
   465.0000     0.0001    43.8580    75.9597    50.5852   -89.6024    35.5752  -240.7940
   465.0000     0.0001    34.1567    82.7268    22.4871  -110.4080    60.5408  -252.8530
   465.0000     0.0001   164.0570    60.8289   239.4750    33.9540  -142.3700    49.1138
   465.0000     0.0001   139.1800    75.3279   170.2760   -28.8273  -140.9020   -12.6247
   465.0000     0.0001    27.8479   111.9760     0.2213  -177.8360   180.1620  -162.4720
   465.0000     0.0001    45.4982    72.8785    37.4286   -57.4092   -33.0046  -217.0500
   465.0000     0.0001   168.3780    74.9610   192.1180     7.7390  -151.0730    19.4184
   465.0000     0.0001    46.1264    80.5030    45.7284  -122.6130     7.2380  -268.2650
   465.0000     0.0001   143.3960    82.9281   182.4510   -12.8988  -134.3550    -8.5182
   465.0000     0.0001    26.5197    89.5640    34.4491   -88.9635    83.8833  -275.7500
   465.0000     0.0001    24.5673    82.0421    27.7228  -119.5030    60.9700  -235.9450
   465.0000     0.0001    42.0113    78.0376    51.2570   -80.2424    15.7665  -248.9110
   465.0000     0.0001   159.8470    52.3536   189.1120    -1.1663  -141.7810    14.6088
   465.0000     0.0001   -56.0403   119.0860  -100.0130    -9.2585   -21.8756     7.1515
   465.0000     0.0001    28.7804   110.4660     9.1381  -140.9920   211.9590  -204.7520
   465.0000     0.0001    32.3340    73.1970    28.8404  -153.8060    23.2214  -220.8390
   465.0000     0.0001    29.0033    94.0397    38.7084   -26.9354    49.7547  -273.0310
   465.0000     0.0001    81.9546    47.4390   117.2770   -91.1517   -93.8841   -96.9003
   465.0000     0.0001    74.5522    75.9253   116.5060   -73.9898   -88.1390  -147.7830
   465.0000     0.0001    38.0948    66.3670    36.4525  -207.7660   -10.5890  -243.6880
   465.0000     0.0001    48.4013    67.7851    59.1330  -154.5780   -57.1433  -252.6020
   465.0000     0.0001    35.3059    94.6853    36.8334   -59.2514    54.2551  -265.6570
   465.0000     0.0001    23.1362   107.8000     5.0370  -111.8380   198.6650  -191.4090
   465.0000     0.0001    76.0823    44.8810   119.2530  -109.2530  -113.3700   -75.1832
   465.0000     0.0001    17.9596   135.6960   -20.6734     1.2225   234.9570  -116.4660
   465.0000     0.0001    33.2672    92.3521    36.0268   -56.4540     9.6164  -284.7640
   465.0000     0.0001    30.6869    65.6605    54.0781   -74.8850     0.8484  -236.1830
   465.0000     0.0001    38.0741    70.3610    30.7208  -153.1780    27.6272  -222.4850
   465.0000     0.0001    41.5357    61.1958   107.5230   -94.9818   -85.4626  -166.2550
   465.0000     0.0001   138.4890    45.3316   145.2950   -53.7344  -150.0640    -1.5386
   465.0000     0.0001   223.1210   223.8180   116.1190   128.0220  -150.8460    59.0115
   465.0000     0.0001    98.4108    78.3410    77.4089     4.4550  -202.8240    24.7603
   465.0000     0.0001    34.4807    90.1043    31.2423  -151.3680    83.2442  -302.0470
   465.0000     0.0001    76.0980    57.4044    98.8376   -99.2063   -70.0894  -142.1120
   465.0000     0.0001    30.4329    88.4286    46.4403   -64.0215     7.0043  -299.6750
   465.0000     0.0001    36.4929    81.6109    55.2139   -92.5563    14.5176  -248.9410
   465.0000     0.0001   -12.3631   169.5590   -36.3622     8.3464   170.8760   -18.3013
   465.0000     0.0001    37.8269    67.7234    55.6354   -51.2581     8.6278  -252.8890
   465.0000     0.0001    14.4211   101.7920    96.2600    79.8529    97.9677    54.1910
   465.0000     0.0001    28.0727    98.1440    28.9422  -126.2120    87.9516  -219.5670
   465.0000     0.0001    42.5296    66.8503    32.9865   -84.5211   -40.4763  -180.4440
   465.0000     0.0001    36.2358    92.7281    25.0316   -73.1744    64.3938  -264.9850
   465.0000     0.0001   -77.6626   140.7300   -30.4554   -27.9230     6.4954    28.9579
   465.0000     0.0001   132.3710    65.4338   172.8780   -27.3909  -124.1130   -20.2793
   465.0000     0.0001   119.6800    95.5224    -1.5795   205.8790   -53.3484     9.7006
   465.0000     0.0001    23.2184    68.6483    52.3411  -148.0950    -3.3853  -268.6360
   465.0000     0.0001    39.9058    78.8102    25.0774   -36.4471    18.5698  -241.9830
   465.0000     0.0001    21.5205    82.1361    39.5991   -69.7104    31.3705  -266.1960
   465.0000     0.0001    83.9043    54.6368   107.6470   -96.4943  -123.8090  -116.8010
   465.0000     0.0001    50.7376    82.5319    28.7762  -104.8520    37.9691  -192.9540
   465.0000     0.0001   -18.0003   129.9270   -28.2319   -66.4028   173.0340  -102.7740
   465.0000     0.0001   -51.4677    79.6352  -115.0400   -14.1564   -52.0042   -19.5567
   465.0000     0.0001    31.5405    69.3322    41.8446   -79.8245    54.7988  -307.8000
   465.0000     0.0001    41.0354    96.6879    72.5476  -119.7640  -111.5770  -248.1060
   465.0000     0.0001   271.6980   151.5770   141.8520   107.8760  -145.2820    61.4925
   465.0000     0.0001    46.9394    77.7781    67.3378  -157.3450   -39.8104  -242.0620
   465.0000     0.0001    24.7658    68.1848    38.4787  -151.6260    60.3038  -210.0560
   465.0000     0.0001    29.0005    90.6571    38.5009   -81.7911    83.4078  -225.9810
   465.0000     0.0001    36.6946    82.7194    20.7132   -95.0959    66.0386  -248.1220
   465.0000     0.0001    27.3532    65.3349    80.4827   -99.8054   -23.5834  -216.3540
   465.0000     0.0001    41.8133    77.8126    28.9540  -155.0960    21.3238  -274.6800
   465.0000     0.0001    25.1876    72.5068    48.5456   -41.8114    17.2223  -270.4920
   465.0000     0.0001    26.3304    95.2694    25.3781  -112.3970    75.4370  -260.5980
   465.0000     0.0001    15.5660   143.1250   -25.7276    44.7837   220.2090  -106.1940
   465.0000     0.0001    31.7105    96.2821    29.4102  -149.1390   112.7140  -183.5430
   465.0000     0.0001    43.8138    68.0874    65.9866  -111.0890   -27.8758  -218.5820
   465.0000     0.0001   119.3010    22.0530   174.5840   -33.2477  -146.1310     0.1316
   465.0000     0.0001    79.6702    56.6417    86.3913  -106.8060  -104.9870  -159.2030
   465.0000     0.0001   179.2870    75.7606   190.7750     9.2147  -148.8980    35.1220
   465.0000     0.0001   151.8530    60.5725   209.8110     6.4708  -135.2290    20.2040
   465.0000     0.0001   129.8130    58.9305    34.3433   189.3280   -43.1492   104.5630
   465.0000     0.0001    70.3774    44.2404   128.1280   -92.1276  -125.4130   -89.3521
   465.0000     0.0001    25.8684    97.9837    31.9505   -76.2333   117.2580  -214.3370
   465.0000     0.0001   111.7070    52.3802   143.9640   -60.3695  -115.7580   -51.6533
   465.0000     0.0001   -20.5943   156.1700   -34.6740   -35.2083   163.3740   -18.6956
   465.0000     0.0001    30.8140   156.9970   -53.5810    87.9808   149.4460   -69.5711
   465.0000     0.0001    31.5284    75.8446    22.1420   -96.5754    37.3782  -285.2880
   465.0000     0.0001    43.3517    74.0439    51.9722  -200.8310   -16.2736  -252.4100
   465.0000     0.0001   213.4280   302.1330   102.8450   163.9210  -102.3700    62.6734
   465.0000     0.0001   108.3820   132.6700   126.1800   -72.7387  -134.4160   -67.3560
   465.0000     0.0001   111.3340    61.1404   143.6370   -54.5730  -134.1190   -62.0892
   465.0000     0.0001    87.4338    68.2788    99.7823   -87.2230   -90.8975  -151.3870
   465.0000     0.0001    21.3668    74.5966    45.1048   -95.1220    25.3427  -230.4420
   465.0000     0.0001    31.6451    71.8983    30.5298  -148.7840    12.3478  -274.8310
   465.0000     0.0001    34.3329    77.8414    25.9002  -136.7870    21.2061  -292.7110
   465.0000     0.0001   168.8370    72.8237   204.2290    22.5692  -138.3720    18.3386
   465.0000     0.0001   181.4980    81.4435   206.7010    22.2199  -157.4590    57.2859
   465.0000     0.0001    33.5168    64.1827    36.8025  -149.1590    11.3168  -248.4410
   465.0000     0.0001    33.9214    73.4318    28.3275  -150.2400    51.2440  -203.9860
   465.0000     0.0001    89.8655    53.9533   107.2620   -99.1063  -115.8370  -107.3870
   465.0000     0.0001    83.6717   119.0920    76.0282     7.5811  -228.5450    11.1422
   465.0000     0.0001     7.9702   143.2070   -18.6712  -108.9990   208.5360   -52.4283
   465.0000     0.0001    35.2016    69.8175    65.8919  -130.7470    -4.0632  -217.5250
   465.0000     0.0001    26.6704   104.6580    15.2427   -93.2997   192.0830  -206.2000
   465.0000     0.0001    88.7502    52.2058    76.5548   120.1180   -43.4953   137.5430
   465.0000     0.0001   115.3990   122.1640    84.2778    76.5145  -204.9170    72.5967
   465.0000     0.0001    23.5184    67.7386    39.5269  -116.5740    68.0673  -197.0050
   465.0000     0.0001    23.0088    95.6687    81.7106    62.4774   113.3640    35.1078
   465.0000     0.0001    49.5945    73.5024    58.2530  -196.0050   -58.0852  -208.9820
   465.0000     0.0001    25.9538    80.2254    28.9235   -88.9361    32.9330  -208.1900
   465.0000     0.0001   -51.6208   160.7250   -50.8608   -31.3867    53.3715    25.8928
   465.0000     0.0001    26.7728    89.4658    27.8069   -35.6562   101.4790  -276.6810
   465.0000     0.0001    29.7386    84.4064    28.0925  -133.5040    43.3474  -277.0140
   465.0000     0.0001    99.9013    40.8544   168.7630   -62.5534  -140.5240   -10.5822
   465.0000     0.0001    23.6824    88.9601    33.3201   -45.2148    80.4336  -263.7730
   465.0000     0.0001    23.1043   131.5560    -5.4905   -45.6103   270.2320  -144.3810
   465.0000     0.0001    34.1742    90.9948    44.1353   -31.5582    28.6040  -266.5340
   465.0000     0.0001    25.6438    72.8077    50.2608  -123.8560    48.5852  -228.5540
   465.0000     0.0001   -33.7684    54.8921  -110.3280   -11.9537   -78.0523   -23.5204
   465.0000     0.0001   118.2120   135.1740   169.0860   -21.8404  -128.9590   -28.8100
   465.0000     0.0001   172.4490    60.0130   203.8770    15.5723  -138.0020    27.8650
   465.0000     0.0001    43.7932    68.2597    41.5861  -181.0190   -37.6432  -255.9100
   465.0000     0.0001    98.3800    47.6755   134.0120   -87.3925  -116.5010   -46.0684
   465.0000     0.0001    31.7184    93.3364    34.1113   -28.3629    66.2139  -277.0320
   465.0000     0.0001   134.8920    35.7951   159.1970   -45.6525  -149.8830    10.7226
   465.0000     0.0001    29.9625    84.3006    27.8227  -140.3090    25.2586  -256.5950
   465.0000     0.0001   -26.3885   159.9220   -62.1832   -21.0260    65.9469   -12.9288
   465.0000     0.0001    31.7849    63.1692    42.4333   -83.4430    13.1262  -257.3910
   465.0000     0.0001   231.6510   101.3960   127.8050    78.6813  -174.3850    47.0134
   465.0000     0.0001    19.4472   111.8980     3.7589   -90.2308   225.1980  -178.1090
   465.0000     0.0001    17.5098   118.0590    -2.7526  -107.1710   224.6010  -154.4590
   465.0000     0.0001   -88.1468   417.3940     6.3191   150.2020    60.8901    59.7156
   465.0000     0.0001    20.4670   108.2620    -0.8284   -97.6934   197.1500  -180.1050
   465.0000     0.0001    64.3315    72.5522   -29.4073    96.8497  -156.6890   -95.6453
   465.0000     0.0001    27.8804    65.2378    49.8060   -71.1791   -21.1484  -303.8910
   465.0000     0.0001    28.7801    70.1556    44.4000  -144.8960    27.0128  -248.7950
   465.0000     0.0001    24.0194    79.1572    32.6132  -132.8630    89.6051  -239.8270
   465.0000     0.0001   126.4690    40.0628   161.6630   -37.2117  -124.0960   -21.1049
   465.0000     0.0001    22.4417   106.5720     5.7874  -100.9960   198.3230  -192.0560
   465.0000     0.0001    36.9728    86.7739    25.9866  -140.0520    41.0921  -272.9880
   465.0000     0.0001   175.5200   104.3960   206.6320    24.0669  -140.6360    31.3821
   465.0000     0.0001    24.8204    65.4922    54.9534  -128.6900    -0.3117  -255.3700
   465.0000     0.0001    27.8844    71.3276    35.4322  -142.1480    75.7451  -241.0540
   465.0000     0.0001    37.3457    74.2310    27.3826  -152.6690    17.6069  -264.3530
   465.0000     0.0001    16.7676   129.2210    -6.4839   -94.6862   249.8080  -126.0560
   465.0000     0.0001    38.0581    71.2124    51.0919  -118.8640    49.8308  -278.0400
   465.0000     0.0001   226.6590    85.8900   219.1680    62.0951  -142.4710    69.9069
   465.0000     0.0001    91.6104    53.3915   126.4060   -73.2736   -93.7003   -89.4601
   465.0000     0.0001    43.4540    71.7486    36.0183  -145.9540    31.4738  -284.4720
   465.0000     0.0001    30.6811    61.9635    45.5413  -128.9890    15.6308  -246.6940
   465.0000     0.0001    29.3230    68.9828    44.7857  -139.1650    47.6144  -280.4030
   465.0000     0.0001    33.9644    92.2928    41.3973  -108.8800    31.9116  -266.0520
   465.0000     0.0001    31.1925    71.5225    58.6018  -121.8890   -22.0971  -289.6610
   465.0000     0.0001    74.3170   114.5080   117.1480   -69.5604  -141.1400  -133.4880
   465.0000     0.0001    28.3595    78.8776    48.5204   -96.7648    34.8919  -206.6560
   465.0000     0.0001    35.2567    68.5504    58.1325   -59.1454     2.7668  -253.3290
   465.0000     0.0001    41.9996    88.1565    25.6797  -147.4260    33.4502  -226.2450
   465.0000     0.0001    30.4978    93.0507    38.0047   -90.4457    28.6204  -254.5620
   465.0000     0.0001    29.6018   112.5660    15.8726  -154.6970   229.3520  -205.7080
   465.0000     0.0001    75.0106   101.1430    86.6997    15.2402  -226.2340    62.0038
   465.0000     0.0001    47.3384    68.8985    41.9196  -174.3950   -31.3541  -277.0220
   465.0000     0.0001   178.0060    71.5991   164.8810     2.6196  -156.2400    14.0658
   465.0000     0.0001    97.3933   101.3300    86.4722    47.1697  -220.4310    56.3527
   465.0000     0.0001    30.2052    89.7133    32.3712  -127.6570    45.2853  -295.7290
   465.0000     0.0001    67.7760    53.2217    92.1337    96.3457    22.9184   108.1400
   465.0000     0.0001   135.0860    60.7227   200.6000    -2.7918  -135.0130     8.7066
   465.0000     0.0001   218.1630    77.5509   154.2950    28.0771  -164.4780    45.1680
   465.0000     0.0001    35.7953    75.1443    57.7578   -57.8781    -5.3772  -273.2340
   465.0000     0.0001   151.6870    71.5041   223.1890    15.2892  -127.2970    26.3104
   465.0000     0.0001    28.0727    98.1440    28.9422  -126.2120    87.9516  -219.5670
   465.0000     0.0001    38.0133    63.8570    35.9916  -171.8770     5.3042  -251.1670
   465.0000     0.0001    30.4107    97.0288    16.2234  -175.3750    84.7253  -235.1570
   465.0000     0.0001    71.8990    51.0984    75.1244   108.8050   -29.5345   155.3230
   465.0000     0.0001    32.8818   106.9690    10.0348  -109.6170   161.0310  -236.0430
   465.0000     0.0001    20.2388    88.4088    30.5787   -74.5527    93.8173  -205.5880
   465.0000     0.0001    40.3469    69.0244    30.3218  -141.0630    22.0305  -192.2360
   465.0000     0.0001    29.5197    69.1878    37.3415  -148.4810    72.8156  -248.5460
   465.0000     0.0001    39.3363    87.7618    29.0816  -138.8060    44.9583  -250.3930
   465.0000     0.0001    79.9976    65.2506   137.1350   -68.2686   -90.2164  -100.3210
   465.0000     0.0001    38.8622    81.9289    50.1070  -114.6150    39.8597  -214.0920
   465.0000     0.0001    30.4227    91.6492    38.4260   -28.3195    33.9086  -269.9550
   465.0000     0.0001    15.6942   154.7630   -25.8396    33.2265   209.4510   -79.1528
   465.0000     0.0001   157.0340    79.1428   174.3220    11.3942  -137.3950   -18.8993
   465.0000     0.0001   126.0360    49.6764   201.4150    -2.9207  -130.8730    -4.4469
   465.0000     0.0001    69.5330   152.5050    42.9274   155.3110    17.5144   170.7500
   465.0000     0.0001   164.7260    57.8920   192.5660    13.7435  -146.4870     9.5056
   465.0000     0.0001    30.3468   100.2090     4.9715  -122.6850   132.1780  -235.9890
   465.0000     0.0001    37.7069    93.8692    29.5588  -103.1530   100.8440  -182.8190
   465.0000     0.0001    40.3486    90.5883    17.2993  -104.2970    45.8600  -252.8060
   465.0000     0.0001   213.9530    54.8872   206.9980    44.9708  -157.9820    75.2938
   465.0000     0.0001     2.3356   145.7740   -41.9783   -74.1505   127.6070  -117.2710
   465.0000     0.0001   173.9290   300.6020   104.5010   180.2990  -106.9270    66.8721
   465.0000     0.0001    35.4855    48.0720    57.4618  -124.5570   -21.3937  -184.6810
   465.0000     0.0001    36.6409    67.1406    42.7070  -122.2790    -5.2883  -241.5490
   465.0000     0.0001    38.4976   104.6120    15.0865  -107.8760   147.1400  -252.7930
   465.0000     0.0001    25.0946    92.0636    23.9863  -119.3960    79.9306  -272.5000
   465.0000     0.0001   144.4230    71.9766   157.1650   -17.9234  -137.4860   -35.3117
   465.0000     0.0001    21.9985    75.1431    32.8494  -126.3530    70.5894  -193.3790
   465.0000     0.0001    43.3517    74.0439    51.9722  -200.8310   -16.2736  -252.4100
   465.0000     0.0001    22.5730    85.7230    35.5231   -80.7654    86.5590  -269.1960
   465.0000     0.0001    33.2449    81.3501    22.9442   -99.0259    63.2616  -248.8450
   465.0000     0.0001    50.4046    64.4756    49.7975  -169.6870   -34.9343  -243.2280
   465.0000     0.0001    85.2437    67.3541   151.5170   -56.2847  -103.2080   -81.6270
   465.0000     0.0001    30.7590   109.2260    18.5513  -110.9710   220.4530  -227.9320
   465.0000     0.0001    21.9835    81.1044    38.2061  -149.0590    86.0433  -261.3030
   465.0000     0.0001    27.9336    85.1265    22.1946  -128.1060    51.3223  -241.3170
   465.0000     0.0001    31.7381    94.4789    26.9420   -36.5303    98.1797  -229.9450
   465.0000     0.0001    34.8631    93.2693    40.7760  -163.9050    21.6273  -291.6150
   465.0000     0.0001   123.7310   395.2210    83.5367   186.7400   -34.2361    66.3009
   465.0000     0.0001    44.6958    74.3246    48.6153  -179.2750   -30.0665  -287.9610
   465.0000     0.0001    23.0233    78.2073    29.9702  -101.9560    28.6646  -217.2730
   465.0000     0.0001    27.9941    87.5835    22.8674  -116.6600    65.7400  -232.7480
   465.0000     0.0001   112.2150    95.8964   204.1200     2.8368  -124.2100    -9.3040
   465.0000     0.0001    30.6598    70.1761    31.5006  -142.3560    22.5816  -255.5720
   465.0000     0.0001    43.7511    47.0714   129.1080   -79.3489   -89.1503  -111.2520
   465.0000     0.0001    46.1059    75.8246    25.0356  -131.6970   -53.0763  -245.7360
   465.0000     0.0001   150.8460    72.5221   177.4860   -12.5374  -141.3580    -5.1977
   465.0000     0.0001   178.0060    71.5991   164.8810     2.6196  -156.2400    14.0658
   465.0000     0.0001    52.9884    70.1372    57.6754  -159.7500   -43.8903  -244.3810
   465.0000     0.0001    43.0263    81.4007    62.9708  -115.3000   -31.9990  -259.8070
   465.0000     0.0001    40.3303    67.6088    42.2711  -191.2550   -23.8776  -251.3460
   465.0000     0.0001    76.5692    77.5598   -89.5884    94.1212   -36.2995   -24.1465
   465.0000     0.0001    16.8533   150.5370   -40.4112    58.1702   185.3500   -83.5568
   465.0000     0.0001    27.3315    88.4273    44.1699   -68.0435    66.8562  -247.0110
   465.0000     0.0001    97.7447    88.4119   196.2130    25.8343  -128.7530   -35.1995
   465.0000     0.0001    70.3948    82.5971    53.7965  -186.3720   -88.8191  -170.9390
   465.0000     0.0001    28.3763    85.6700    51.5583   -76.7442    55.5848  -227.4120
   465.0000     0.0001    80.4870    41.0402   165.9820   -51.8832  -167.7650   -38.3407
   465.0000     0.0001    29.3670    71.9764    51.9336  -110.4130    18.9808  -302.5080
   465.0000     0.0001    40.5252    77.2868    21.9946   -73.9433    43.3055  -219.8670
   465.0000     0.0001    25.9171   105.7020     5.3351   -37.6487   203.3650  -215.4830
   465.0000     0.0001    68.8623    73.6121   -92.4322    57.5404   -45.6748   -37.5556
   465.0000     0.0001    24.3195    64.4970    32.5384  -167.5590     1.0475  -245.9170
   465.0000     0.0001    28.4633    74.9496    52.9171   -75.0813    45.5058  -271.5110
   465.0000     0.0001    65.6390    46.2319    76.7231  -119.0570   -77.6530  -148.9090
   465.0000     0.0001    27.1410    82.9568    28.6616   -53.2055     0.4240  -274.1180
   465.0000     0.0001    23.9131   114.3700    -1.7279  -107.5060   203.7220  -199.7740
   465.0000     0.0001    33.8661    77.1180    52.9960  -103.0970     9.4269  -228.9080
   465.0000     0.0001    24.4850   109.1620    -5.3872  -113.9240   176.0340  -189.5780
   465.0000     0.0001   106.1390    59.5006   132.5680   -69.3156  -114.9330   -71.8176
   465.0000     0.0001    85.5049    59.7244   102.6560   -74.8301   -78.8699  -147.0370
   465.0000     0.0001    21.2920   110.9890    -2.8683   -71.1208   179.0860  -232.2650
   465.0000     0.0001    19.1025   125.0330   -23.2441  -115.5570   154.5630  -172.7920
   465.0000     0.0001    26.2969    79.5618    27.5965   -60.3503    60.6295  -224.3760
   465.0000     0.0001    32.5410    97.7130    19.2167  -154.0800    98.9493  -274.2120
   465.0000     0.0001    90.9323    53.0385   191.1980   -38.4366  -115.4460   -16.3965
   465.0000     0.0001   229.2520    95.2793   227.0550    66.5081  -139.7570    78.0385
   465.0000     0.0001    33.9597    95.4255    31.4535  -112.1590    60.7768  -249.7860
   465.0000     0.0001    28.5248    75.7246    27.3180  -122.8840    29.5425  -208.3000
   465.0000     0.0001    48.5713    76.0064    92.9462   -50.0884   -56.5999  -220.8120
   465.0000     0.0001    29.9672    91.3785    81.4672   -30.6736  -111.8390   -73.6898
   465.0000     0.0001    23.7115    75.7827    57.1687  -125.8880   -10.3767  -291.9150
   465.0000     0.0001    29.1555    73.8479    47.4258  -191.2340    30.8658  -299.6040
   465.0000     0.0001     0.3210   152.3990   -48.8846   -61.1728   110.9190  -108.3860
   465.0000     0.0001    38.5523    88.6149    16.6635  -144.4950    58.1886  -225.7430
   465.0000     0.0001   -54.5373   129.7980   -99.0252    -7.4852   -11.1875     5.9129
   465.0000     0.0001    55.3458   115.4900    54.4189  -245.6300  -120.7590  -211.7400
   465.0000     0.0001    21.5356    78.7862    39.1384   -99.2712    34.6683  -208.9830
   465.0000     0.0001    34.8792    70.1290    31.1786  -135.0330    39.8861  -236.9710
   465.0000     0.0001    80.5810    59.7528    91.0422  -108.2390   -87.6857  -151.9270
   465.0000     0.0001    82.7225   114.6980    69.1726   -23.2657  -221.1180     0.5322
   465.0000     0.0001    25.0840   128.1370    -0.7663     0.8017   274.4770  -193.1840
   465.0000     0.0001   171.7240    65.6424   203.4510    20.2094  -143.1420    23.4017
   465.0000     0.0001    41.6036    69.9716    57.8115   -68.4314     5.3796  -267.8970
   465.0000     0.0001    57.6588    49.6278   122.3410  -100.2970  -116.0080  -111.9020
   465.0000     0.0001    35.2573    85.4993    50.3985  -116.0710    -0.7587  -282.2940
   465.0000     0.0001   187.2040    75.0015   209.0340    31.2427  -144.1250    47.7011
   465.0000     0.0001    37.6527    73.1397    50.1197  -116.8100   -22.9931  -309.1260
   465.0000     0.0001    36.7038   142.5860     1.0845   -36.1637   -65.9150   274.5860
   465.0000     0.0001    30.9290    93.1740    36.0886   -49.6268    63.7385  -240.3570
   465.0000     0.0001    49.7227   164.8980   -33.9715    21.2012    15.4737    64.4891
   465.0000     0.0001    81.0881    63.5486    86.2980  -104.6650   -87.3998  -167.9160
   465.0000     0.0001   144.4360    40.4145   191.9890     7.3171  -133.4730    -3.2438
   465.0000     0.0001   118.9600    69.0147   162.5990   -46.8515  -142.0560   -29.7375
   465.0000     0.0001    75.1164    51.0409    71.6376    95.1188     3.5584   128.2480
   465.0000     0.0001    28.5130    82.5854    28.5659  -114.8850    22.4780  -294.3150
   465.0000     0.0001   152.7400    61.8512   190.3260     1.1139  -135.7600     2.3451
   465.0000     0.0001   192.0420    73.2414   179.1820    16.7180  -151.4530    36.5157
   465.0000     0.0001    55.2851   153.9590    64.3909    35.8226   -60.7300   129.9450
   465.0000     0.0001    21.7523    95.8248    27.9487   -66.7674   119.9760  -251.6590
   465.0000     0.0001    19.8710   117.3880    -1.1415  -127.9370   230.5240  -155.0080
   465.0000     0.0001    21.8402   131.7200     3.3085    -1.4638   300.3940  -175.0400
   465.0000     0.0001    47.0938    89.9118    63.0030   -61.9933   -42.9092  -292.3720
   465.0000     0.0001    93.5072    63.2637   104.4910   -84.8449   -99.9475  -130.6660
   465.0000     0.0001    13.6504   134.9850   -20.7811   -40.0015   233.6980   -95.0798
   465.0000     0.0001   -24.8677   144.1400   -64.8643   -28.1148    21.8782    11.0676
   465.0000     0.0001    36.3980    75.2858    51.2358  -139.1750    40.8386  -276.8360
   465.0000     0.0001    26.5134    97.7043    25.9087   -79.3160   114.7950  -256.5380
   465.0000     0.0001   101.1980    60.8488   138.3530   -67.2911  -106.9260   -71.5143
   465.0000     0.0001    16.9081   109.9100    -4.0574   -81.5984   177.5790  -212.4120
   465.0000     0.0001    24.0194    79.1572    32.6132  -132.8630    89.6051  -239.8270
   465.0000     0.0001    15.9759   160.9290   -22.4188    26.3305   208.6670   -67.7453
   465.0000     0.0001    23.8176   417.2700    63.9604   181.1880    12.5055    72.2389
   465.0000     0.0001   273.9910   176.8380   131.2990   123.9630  -138.5530    60.0508
   465.0000     0.0001    36.1607    78.3978    53.6444  -120.7410    -5.8152  -258.5920
   465.0000     0.0001    36.3772    79.5044    54.3378   -50.7763    -7.5153  -293.5320
   465.0000     0.0001   127.5060    73.7124   178.0210   -32.0885  -133.2370   -16.0609
   465.0000     0.0001    35.4143    91.1004    29.9060   -52.8901    51.4189  -219.7300
   465.0000     0.0001   -35.8668   165.7780   -28.0247     4.3032    16.1242    61.8577
   465.0000     0.0001    29.1184    90.7501    24.8963  -121.7610    92.6490  -186.0510
   465.0000     0.0001   126.0850    37.2331   195.2060   -21.5371  -162.0710    22.3196
   465.0000     0.0001   185.0380   111.0240   205.3820    34.1320  -154.3840    62.4752
   465.0000     0.0001    25.4809   116.5460     4.1742   -91.7946   244.2130  -180.7530
   465.0000     0.0001    62.6146   121.5430    66.5717  -201.0820  -149.1600  -190.8170
   465.0000     0.0001   109.4980    72.1519   126.8390   -29.1839  -133.8470  -110.3140
   465.0000     0.0001    87.9876    46.2682    61.5947   119.7560   -32.9104   123.5550
   465.0000     0.0001    39.4801    77.7891    53.7340  -148.9340    20.0626  -219.3550
   465.0000     0.0001    87.9139    21.6910   -70.8626    90.7134   -83.3973   -18.6103
   465.0000     0.0001    31.5007    68.5719    36.3587  -173.6120    29.0665  -258.8330
   465.0000     0.0001   -35.6116   175.1740   -13.2611     6.3452    25.2363    69.3071
   465.0000     0.0001    30.4434    85.0024    55.2214   -98.6856   -10.9213  -260.0270
   465.0000     0.0001    55.2224    65.4341    78.7655   -88.5584   -19.4722  -214.7920
   465.0000     0.0001    26.6650    80.3097    26.1579  -133.7610    28.2220  -245.0180
   465.0000     0.0001    31.8845    70.1178    53.3539   -78.5506    53.5352  -258.7970
   465.0000     0.0001   106.8610   126.0330    80.3440    70.9456  -215.9410    73.1480
   465.0000     0.0001    23.3967    94.6245    28.8805  -131.3680   -28.6325  -143.8700
   465.0000     0.0001    31.8103    72.5759    23.0199  -101.1990    38.8544  -243.0800
   465.0000     0.0001    34.6957    76.0543    56.8720   -54.8411    11.1751  -255.9700
   465.0000     0.0001    49.8390    81.2611    40.8333  -161.2040    -1.1202  -290.0720
   465.0000     0.0001    34.3492    85.6685    51.4482   -52.4336    11.9916  -277.2660
   465.0000     0.0001   173.8530   279.1970    91.8954   178.1530  -118.5480    71.2718
   465.0000     0.0001   206.6050    86.7159   190.5350    39.9082  -153.8990    49.8919
   465.0000     0.0001    28.9970    64.1528    39.3731  -165.4530    -3.0897  -204.4540
   465.0000     0.0001    98.4108    78.3410    77.4089     4.4550  -202.8240    24.7603
   465.0000     0.0001    29.6462    98.4912    25.9333   -82.6432    64.2513  -299.1740
   465.0000     0.0001   -45.6514   162.2090   -28.9670    -9.5359    19.7744    59.0686
   465.0000     0.0001    27.2462    94.1027    31.7314   -93.7789   110.2510  -272.5920
   465.0000     0.0001    46.3720    80.0193    68.0546   -70.8902    -8.2787  -239.3780
   465.0000     0.0001    51.8095    78.8565    63.5716   -99.5845   -19.3516  -255.6140
   465.0000     0.0001    40.2332    72.7097    51.6885   -53.1744    49.0972  -257.4010
   465.0000     0.0001   -58.8879   139.2000   -72.3408   -30.7964    15.2564    11.5772
   465.0000     0.0001   258.3350   256.4600   125.4550   146.5940  -110.4200    59.8667
   465.0000     0.0001    49.4519    67.8794    36.7415  -133.2250   -55.6947  -298.9930
   465.0000     0.0001    36.0451    83.9428    22.3444  -123.2630    65.0505  -296.9270
   465.0000     0.0001   152.3530    66.8025   191.6410    -2.4332  -136.2880     5.3765
   465.0000     0.0001   -23.7496   171.3240   -62.0432     1.5174    49.4988    18.2306
   465.0000     0.0001   102.8840    63.9464   160.8670   -42.1599  -107.2420   -57.6387
   465.0000     0.0001    29.4675    89.2070    24.7256   -68.2432    72.9976   -91.2757
   465.0000     0.0001    18.8571   129.2410     9.3022   -89.9286   303.0570  -172.8820
   465.0000     0.0001    38.0079    90.6137    33.6251   -37.6698    47.9435  -275.0390
   465.0000     0.0001   -85.4643    57.5676  -105.3430   -26.2029   -71.1639   -18.0142
   465.0000     0.0001   101.4160    47.3154   133.6770   -71.8799  -122.9780   -66.1741
   465.0000     0.0001    24.7586    75.4035    33.3669   -92.6902    28.0398  -204.0570
   465.0000     0.0001    37.3757    91.9919    40.3034  -126.3010    68.4795  -191.3400
   465.0000     0.0001    24.5673    82.0421    27.7228  -119.5030    60.9700  -235.9450
   465.0000     0.0001    40.9556   159.9330    17.7332  -151.9840  -159.4810   -44.5456
   465.0000     0.0001    36.9621    97.9139     7.4064  -105.1650   113.7280  -242.2040
   465.0000     0.0001    27.2194    96.0104    32.1297   -57.6025   106.7730  -257.4530
   465.0000     0.0001    55.6596   128.4490    63.5516   -56.5260  -197.1270  -285.5920
   465.0000     0.0001    40.4512    68.9318    96.4335    69.8163    41.5725   141.6590
   465.0000     0.0001    30.2866    65.1987    39.7788  -149.0280     9.1468  -273.4050
   465.0000     0.0001    30.7276    82.8339    52.0159  -115.3500    -0.0375  -263.6480
   465.0000     0.0001   -79.9637   128.5420   -28.3137   -24.0452    -9.5942    41.4821
   465.0000     0.0001    32.4703    69.0415    41.2692  -112.1870    39.2266  -256.0000
   465.0000     0.0001    37.3529    79.7558    22.5779  -141.1160   -41.5083  -233.3500
   465.0000     0.0001   163.7980    82.9241   202.0820    14.6331  -136.5800    13.8278
   465.0000     0.0001    26.4524    97.4280    17.0255   -84.7668   121.6060  -236.2620
   465.0000     0.0001    35.9109    92.2743    30.3687   -94.1926    15.7955  -261.5870
   465.0000     0.0001    42.1501    77.0424    68.3969  -112.3500     7.7126  -217.6340
   465.0000     0.0001    97.4484    71.7807    86.2982   129.1050    -3.5042   168.4090
   465.0000     0.0001    23.9291    97.0858    26.5359   -59.1391    79.5207  -294.0640
   465.0000     0.0001   -49.0470   164.0710   -63.9529   -21.5664    85.0369   -10.8184
   465.0000     0.0001   100.5230    68.2891    60.3497   -50.6380  -128.4610    -3.5017
   465.0000     0.0001   221.4440   109.4450   241.3460    63.9426  -127.0210    80.5414
   465.0000     0.0001    26.9548    82.5452    28.6998  -149.4670    25.2499  -250.1230
   465.0000     0.0001    51.3752   166.7620    16.3502   -89.5573  -377.8320    69.6712
   465.0000     0.0001    34.1533    63.2769    37.5233  -153.5610   -27.6339  -196.7810
   465.0000     0.0001   128.4000   139.1470    72.9674   115.6750  -187.6350    59.7461
   465.0000     0.0001    41.3354    72.4415    76.5718  -107.9380   -14.6523  -234.9900
   465.0000     0.0001    26.4122    87.6198    32.1546   -56.6333    84.3825  -218.5850
   465.0000     0.0001    56.6721    45.5305   161.4620   -50.7463  -112.0670   -68.8485
   465.0000     0.0001    33.1342    84.5068    18.9648   -48.2056    80.4129  -263.4180
   465.0000     0.0001   -22.6976   166.8270   -35.3386   -50.8631   106.5330     8.9201
   465.0000     0.0001   158.3720   330.4140    84.3151   184.4310   -78.4130    79.9396
   465.0000     0.0001   231.6780    92.5875   167.3800    50.9262  -163.0330    61.6727
   465.0000     0.0001   102.0740    77.6056    27.9519   211.0080  -120.5490    66.3524
   465.0000     0.0001    11.9765   113.1910   -17.7290  -151.7850   160.4880  -115.1890
   465.0000     0.0001    26.4122    87.6198    32.1546   -56.6333    84.3825  -218.5850
   465.0000     0.0001   125.2510    93.9350    15.5614   200.9020   -40.5088    51.6300
   465.0000     0.0001    76.7955   143.7720   -69.2876   100.0190    28.2530  -106.7480
   465.0000     0.0001   125.6310    64.0166   162.6640   -38.0809  -122.5590   -33.3577
   465.0000     0.0001   107.6200    40.5568   137.7120   -53.9499  -109.4570   -61.5725
   465.0000     0.0001   111.1550    76.0336    54.6293   178.0530   -67.5023   121.9470
   465.0000     0.0001   189.0810   256.4250    92.5333   164.2970  -139.9440    58.3619
   465.0000     0.0001    25.6268   125.2300    28.9053   356.0330   311.1900   144.9270
   465.0000     0.0001    39.3792    71.2486    30.4393  -201.7340   -11.2548  -257.4230
   465.0000     0.0001    27.5914    61.3468    63.7143  -152.8420   -36.0220  -239.7060
   465.0000     0.0001   -64.8875   124.1960   -91.8773   -20.4014   -10.9427     5.2374
   465.0000     0.0001    37.5522    73.5080    47.6630  -128.3880     9.8261  -319.2050
   465.0000     0.0001    31.5922    82.9861    27.3366   -80.8681    53.7522  -269.9060
   465.0000     0.0001   -13.8210   157.4220   -52.1753   -67.3227    91.7750   -60.7371
   465.0000     0.0001   152.0200    50.2102   196.4730    -4.2554  -149.0460    19.6492
   465.0000     0.0001   214.6950   241.7570   112.2790   152.7300  -137.8140    55.2359
   465.0000     0.0001    61.6947    52.8885   130.4240   -86.6670  -120.0180  -108.1280
   465.0000     0.0001    27.9824    87.3283    18.7189   -58.9992    83.3630  -284.8890
   465.0000     0.0001   115.5700    49.3680   192.5110    -9.2032  -123.6540   -18.3991
   465.0000     0.0001    42.2132    65.6169    55.6263  -149.1070   -38.9124  -235.7010
   465.0000     0.0001    33.8852    84.3538    19.1052  -110.8880    98.2917  -184.1480
   465.0000     0.0001    32.3607    80.6203    56.9423   -61.1711    -4.2945  -277.5420
   465.0000     0.0001   106.3290    60.5386   131.9580   -70.3058  -115.8850   -71.8721
   465.0000     0.0001    28.7116    74.6897    29.5876  -131.0650    33.2922  -213.9750
   465.0000     0.0001   101.8970    55.9330   147.1530   -68.5440  -117.0340   -54.7092
   465.0000     0.0001    -8.7616   172.1520   -50.2523   -10.5212   101.3260     4.6465
   465.0000     0.0001    89.6838    40.5106   105.3270  -120.9990  -114.9960   -59.2733
   465.0000     0.0001    29.9029    86.1244    49.3400   -88.5337    47.2572  -270.8980
   465.0000     0.0001    25.0933   115.5400   -15.7694  -108.9920   141.1140  -215.2430
   465.0000     0.0001   210.0760    86.2833   194.3060    41.2085  -152.9580    55.1886
   465.0000     0.0001    37.6322    96.0898    40.1174   -69.2374    33.4507  -289.7000
   465.0000     0.0001   129.1730    72.8971   151.4270   -43.1537  -143.0410   -37.6541
   465.0000     0.0001     7.8578   164.1100   -41.1786   -33.7795   160.4410   -42.9954
   465.0000     0.0001    35.7478    68.5024    34.0896  -166.1420    15.4286  -230.2150
   465.0000     0.0001   -20.5775   141.3880   -70.0533   -13.5743    22.1961    -2.9498
   465.0000     0.0001   137.5020   104.4300   -18.3605   196.4180    -1.0259    12.8968
   465.0000     0.0001    43.0963    52.7317    71.1236  -154.3270   -64.5739  -189.8030
   465.0000     0.0001    40.3281    73.8929    47.8582   -48.4197    73.6624  -264.8270
   465.0000     0.0001    -4.6904   406.9250    52.2876   177.3610    15.1037    76.9841
   465.0000     0.0001   156.9570    53.8663   183.5140    -2.9466  -135.2350     4.5896
   465.0000     0.0001   108.8920    48.0023   117.3860   -99.6638  -143.0740   -41.8990
   465.0000     0.0001   198.2100    62.6642   203.3090    31.5969  -155.7870    53.8383
   465.0000     0.0001    34.7602    70.3559    66.2267  -105.4720   -17.7197  -244.8940
   465.0000     0.0001    63.8899    75.3444    50.2108  -193.9400   -78.2086  -175.6860
   465.0000     0.0001    29.9896    69.9993    49.2183  -105.8690   -14.1166  -267.9350
   465.0000     0.0001    35.8832    69.9178    60.2749  -100.8620   -11.6317  -265.4100
   465.0000     0.0001   154.9070    66.9409   204.5550    -5.2074  -147.9700    35.5119
   465.0000     0.0001    35.4745    61.2986    80.0655  -137.5130   -64.3807  -206.4170
   465.0000     0.0001    65.4391    65.3490    46.7817  -132.5840   -80.9977  -233.1020
   465.0000     0.0001   112.2670    59.5015    52.2423   151.6000   -47.2460   113.7710
   465.0000     0.0001   183.3770    75.3061   219.3950    28.4530  -137.2390    44.7544
   465.0000     0.0001    35.5683    93.9984    35.8786   -77.0017    40.7404  -262.3590
   465.0000     0.0001   164.4140    49.0410   197.8410     9.3199  -141.6090    21.0489
   465.0000     0.0001   166.6980    71.8439   201.8590    10.2065  -140.9590    23.0619
   465.0000     0.0001   135.1710    68.6345   166.4070   -25.3957  -148.1250   -21.1362
   465.0000     0.0001    66.5589    42.5594   116.4670  -119.1350  -126.3880   -87.0055
   465.0000     0.0001    97.9597    51.0555   127.2720   -72.2610  -102.5360   -80.9471
   465.0000     0.0001    53.7948    44.7756   138.1740   -97.0073  -112.1690   -77.4912
   465.0000     0.0001    23.8084    71.6852    26.3129   -89.1415    43.0971  -237.9770
   465.0000     0.0001    16.2337   123.8260   -28.3932    15.2525   198.4040  -147.3970
   465.0000     0.0001    26.6037    81.6646    28.4340  -139.3940    79.7378  -238.5550
   465.0000     0.0001    60.4437    79.9684    84.5514   -59.9427   -69.8910  -220.9880
   465.0000     0.0001    33.7810    68.2869    26.0581   -91.8099     2.3471  -273.5630
   465.0000     0.0001    42.4572    65.6600    41.5840  -179.0770   -36.4885  -283.2550
   465.0000     0.0001    37.5262    87.3252    50.7649  -143.7000   -15.5384  -304.2390
   465.0000     0.0001    79.5023    51.8539    77.9589   117.0500   -26.4923   157.7200
   465.0000     0.0001    71.7666   119.8930   124.7290   -11.5548  -142.7300  -145.9040
   465.0000     0.0001    40.3076    67.8009    57.2099  -112.9890    -9.6916  -249.9980
   465.0000     0.0001    38.8964    65.5522    43.5131  -184.0450    -2.1068  -266.8850
   465.0000     0.0001    34.8645    90.9553    20.2645   -98.7159   103.8320  -248.7850
   465.0000     0.0001   112.7390    53.9577   144.5600   -60.1754  -118.6410   -51.4969
   465.0000     0.0001   114.3650    74.2741    51.3046   161.7900   -32.6841   116.5180
   465.0000     0.0001    24.8075    71.5387    68.4311  -117.4910   -29.9941  -258.5120
   465.0000     0.0001    27.6142    72.6037    46.1039  -150.6360     7.4543  -277.6870
   465.0000     0.0001    27.3460    88.4303    42.7180  -109.9400    68.1387  -231.9370
   465.0000     0.0001    22.7163    77.9611    23.2078   -88.6615    62.9305  -240.7720
   465.0000     0.0001    94.5040    51.5751   159.2290   -37.7052  -109.7520   -65.8352
   465.0000     0.0001    37.3933   104.6050    13.6562  -102.2160   165.1530  -221.9460
   465.0000     0.0001    24.1061    94.6764    35.5764   -76.5349    79.8302  -265.1010
   465.0000     0.0001    20.3832    79.9498    27.9232   -84.4402    92.7471  -193.7370
   465.0000     0.0001    37.9934    70.8687    31.1595   -91.7330   -14.2384  -280.5810
   465.0000     0.0001    37.9455    67.3947    27.3432   -89.2982    30.7298  -228.2400
   465.0000     0.0001    13.9407   134.2950   -10.7440   -75.5080   250.8210  -104.9210
   465.0000     0.0001    36.0949    61.9495    50.5851   -64.3185    24.2312  -231.5620
   465.0000     0.0001    58.0452    72.2906    56.4495  -151.1070   -62.2553  -242.5560
   465.0000     0.0001   174.1980   141.4170   202.2970    22.1185  -110.2280    35.7789
   465.0000     0.0001    44.9869    61.1786   104.3130  -110.3580   -82.9704  -163.6590
   465.0000     0.0001    90.6908    48.9566    66.6935   140.7080   -39.7242   141.0790
   465.0000     0.0001    37.0997    64.5555    38.5280  -110.9400    26.4212  -288.3570
   465.0000     0.0001    29.7317    94.1818    35.7233   -36.8609    70.7370  -275.4160
   465.0000     0.0001    39.1585    62.7473    43.6901  -198.5920    -8.5275  -172.9840
   465.0000     0.0001    31.3885    95.6422     5.3194  -125.7670   110.3330  -233.9790
   465.0000     0.0001   -19.8221   174.5040   -18.3976   -55.8826   134.7380    39.1497
   465.0000     0.0001    31.7606    87.9687    23.8488  -108.0720    79.4408  -253.3660
   465.0000     0.0001    26.7596    94.7954    29.6920   -33.6545    97.1493  -258.3040
   465.0000     0.0001    28.5451   115.4060    16.9704  -106.5360   271.5800  -220.7320
   465.0000     0.0001    26.2315    77.8534    29.2898  -131.0750    57.8246  -230.2070
   465.0000     0.0001    33.0887    98.0956    25.9326   -76.7915    80.6561  -272.6420
   465.0000     0.0001    89.1503    30.8908   -72.5741    96.2954   -68.0193    -9.1634
   465.0000     0.0001    35.0653    62.0285    49.3568   -68.9204     6.2520  -225.9760
   465.0000     0.0001    13.6015   185.6760   -41.9898    25.3032    98.7130    21.3080
   465.0000     0.0001    50.8808    71.0748    40.5559  -120.2150   -52.8296  -307.6120
   465.0000     0.0001    81.2606    60.1109   102.7690  -110.3950  -113.2640  -121.8440
   465.0000     0.0001    52.1355    92.7407    46.6259  -101.7090  -105.9020  -304.5280
   465.0000     0.0001    42.1331    63.8225    61.7923  -113.1560   -28.4922  -218.4970
   465.0000     0.0001    96.4921    59.0779   114.5700   -40.3265  -137.7910  -130.7200
   465.0000     0.0001    87.0002    73.1402   135.0800   -56.3450  -104.8500  -111.0170
   465.0000     0.0001   231.1950   166.7790   111.8350   118.5260  -164.5660    46.3171
   465.0000     0.0001    89.3330    74.6459    75.4551    99.7142   -22.9186   123.0590
   465.0000     0.0001   -55.1369   134.0440   -23.2439    -4.9174   -11.8668    43.2945
   465.0000     0.0001   -25.0593   134.2620   -73.1444   -23.8590     5.0415     8.5905
   465.0000     0.0001    24.8882    98.8051     6.7254  -101.2340   136.1880  -248.4200
   465.0000     0.0001    99.5888    46.7308   157.6730   -49.6722  -112.8090   -50.7727
   465.0000     0.0001     8.3789   164.7930   -32.4599   -27.6805   185.3360   -33.5259
   465.0000     0.0001   141.6160    50.4092   163.3660   -34.2692  -153.2120     2.1449
   465.0000     0.0001    23.3154   112.2810    -4.1329   -90.5930   204.0050  -184.8770
   465.0000     0.0001    39.1631    68.5816    47.6305   -61.0509    -5.4315  -224.9570
   465.0000     0.0001  -107.1170    90.7655   -33.3411    -2.3003   -34.6892    37.2684
   465.0000     0.0001   189.9380   118.2630   229.3920    44.6206  -133.6340    56.5737
   465.0000     0.0001    17.2313   116.9570    -2.9767   -71.6946   196.6050  -230.2760
   465.0000     0.0001   132.3710    65.4338   172.8780   -27.3909  -124.1130   -20.2793
   465.0000     0.0001    35.4855    48.0720    57.4618  -124.5570   -21.3937  -184.6810
   465.0000     0.0001    48.2137    70.5903    91.6700  -110.1360   -39.6120  -192.6370
   465.0000     0.0001    41.2192    69.5601    57.2730  -171.9450   -35.3645  -259.9910
   465.0000     0.0001   114.6610    77.1419    21.9607   197.4420   -89.8678    52.6818
   465.0000     0.0001   -56.3234   161.9830   -54.0319   -32.6833    65.3630    -5.8626
   465.0000     0.0001   100.7530    62.9755    46.2688   134.1750   -37.9431   107.5530
   465.0000     0.0001    44.9845    66.6458    35.3833  -169.2170   -57.8693  -263.6770
   465.0000     0.0001   103.8040    81.3850    47.8011   140.5060   -15.1125   117.7620
   465.0000     0.0001    22.2347    88.7949    25.3086  -113.9730    57.0830  -216.2480
   465.0000     0.0001   145.3990    54.6126   211.6570    11.9461  -128.1840    15.6481
   465.0000     0.0001   -45.0359   109.9560   -85.1243   -15.2791   -17.5570    -7.7781
   465.0000     0.0001    27.5914    61.3468    63.7143  -152.8420   -36.0220  -239.7060
   465.0000     0.0001   144.2950   343.7650    97.4235   187.0430   -76.2912    70.6625
   465.0000     0.0001    32.3521    74.0566    49.6936   -41.8335    49.2954  -230.5380
   465.0000     0.0001    68.3610    64.9896   118.2590   -89.1706   -70.3447  -127.7920
   465.0000     0.0001   161.0060    62.7801   170.8890   -15.0950  -152.6770    14.8009
   465.0000     0.0001    76.7736    49.3097    83.4260   109.0130   -27.4662   138.2750
   465.0000     0.0001    30.2431    97.8011     4.1474  -129.3180   131.8730  -212.8100
   465.0000     0.0001    21.5205    82.1361    39.5991   -69.7104    31.3705  -266.1960
   465.0000     0.0001    34.5131    89.2566    15.4423  -132.9650    94.8193  -194.8350
   465.0000     0.0001     2.1286   172.5290   -50.8108   -11.3975    86.3335    -5.3875
   465.0000     0.0001    26.0732    82.0381    28.8591  -124.5560    68.5115  -223.2300
   465.0000     0.0001    21.1675    87.4348    21.9365  -124.3110    94.5792  -198.5540
   465.0000     0.0001    60.9252    68.4405    70.7878  -140.6450   -67.0371  -210.1690
   465.0000     0.0001    75.3753    74.0847    50.1156  -154.8470   -82.1105  -191.1800
   465.0000     0.0001    33.8050   115.5590    16.9704  -145.5460   239.1170  -230.5890
   465.0000     0.0001    26.6027   103.0860    24.8693  -136.4410   152.1750  -220.7570
   465.0000     0.0001    22.2970    82.4810    37.2433   -51.3428    51.5937  -222.0800
   465.0000     0.0001    33.8610    83.5766    49.8514   -30.6222    39.9038  -277.9110
   465.0000     0.0001   112.9290    60.8571   168.1460   -44.8883  -140.4060   -29.6814
   465.0000     0.0001    33.6186    94.1798    31.5367   -50.0669    87.2551  -273.7780
   465.0000     0.0001   125.2500    61.8971   147.2720   -46.9041  -124.7180   -46.1677
   465.0000     0.0001    40.0381   134.3980    29.4176   125.4460   217.8040  -326.9230
   465.0000     0.0001    26.5585    79.8308    29.0740  -137.1760    34.2411  -217.2420
   465.0000     0.0001    44.7789    70.7538    59.2341   -60.3091     2.9699  -249.4230
   465.0000     0.0001   117.4060    90.8319    37.5374   136.1740    -9.4274    89.0408
   465.0000     0.0001   164.7260    57.8920   192.5660    13.7435  -146.4870     9.5056
   465.0000     0.0001    39.6321    67.0102    43.7362  -137.9160    10.0347  -231.8410
   465.0000     0.0001   -74.3708    34.1556   -37.5778    27.4633   -57.1016    41.3797
   465.0000     0.0001    87.7332    35.2673   133.5530   -93.0435  -133.9990   -44.0402
   465.0000     0.0001    30.4851    64.4988    43.7068   -60.4187    22.3455  -237.6200
   465.0000     0.0001    28.4225    95.8212    28.3455   -48.8431    87.9426  -260.6230
   465.0000     0.0001    33.5815    95.7875    35.3397   -52.4663    68.9465  -269.7710
   465.0000     0.0001    38.0941    78.9438    25.8758  -115.3820    51.6024  -223.8210
   465.0000     0.0001    23.5296    84.7801    27.4536   -65.4544    66.6469  -219.3450
   465.0000     0.0001    32.3429    67.9081    43.7477   -60.6276   -16.2130  -222.6520
   465.0000     0.0001    36.5708    71.6155    29.5658  -160.9610    37.3985  -214.5760
   465.0000     0.0001    42.8864    80.9473    47.4688   -77.7900   -25.7046  -320.9690
   465.0000     0.0001   110.1740    51.2284    66.0717   147.8850   -11.4744   122.6520
   465.0000     0.0001    22.4890    87.0165    34.9120   -67.0190    84.7978  -262.9170
   465.0000     0.0001    92.6197    92.2082  -106.3490    96.6422   -21.3373   -45.8627
   465.0000     0.0001    32.7408    67.1045    40.5809  -112.8710    16.9516  -271.3070
   465.0000     0.0001    70.9011    87.6849   133.6440   -51.5636  -136.5720  -118.4280
   465.0000     0.0001    27.2598    90.1191    33.2195  -104.8060   123.9410  -286.8080
   465.0000     0.0001    19.0746   141.7350   -34.6624   -64.8176   112.6040  -177.9650
   465.0000     0.0001    39.7112    66.6672    30.4211  -163.0010    -7.4153  -244.2720
   465.0000     0.0001    43.6926    68.6380    33.2757   -89.8648    14.8079  -190.7620
   465.0000     0.0001    21.9737   113.4920   -13.2039  -125.1210   107.7930  -239.8600
   465.0000     0.0001   -56.1570   121.3450  -100.9700     0.9442   -28.6796    12.8805
   465.0000     0.0001    30.1124    73.7702    29.8856  -145.6110    60.1786  -219.9850
   465.0000     0.0001    78.5235    65.9529    68.7910  -133.8150   -94.2037  -173.9650
   465.0000     0.0001    25.0868    98.9709    25.7650   -25.3293   116.0850  -267.5560
   465.0000     0.0001    76.1646    87.7845    81.5548   -72.7508  -124.4660  -207.3020
   465.0000     0.0001    18.5197   104.0700    13.0554   -31.7918   172.0220  -247.7950
   465.0000     0.0001    80.4870    41.0402   165.9820   -51.8832  -167.7650   -38.3407
   465.0000     0.0001   118.0750    36.8284   204.8040     2.0251  -140.0800    -3.0859
   465.0000     0.0001   129.2120    79.7161   128.9340   -34.6329  -140.5930   -75.9511
   465.0000     0.0001    26.0760    88.6503    28.6676   -93.3874    86.9003  -201.3970
   465.0000     0.0001    31.1319    63.6636    34.2610  -173.0340    -1.2265  -210.9130
   465.0000     0.0001    26.8658   109.6300     3.4242  -128.3710   179.0710  -220.1730
   465.0000     0.0001   112.1850    39.2091   179.7340   -22.5249  -125.3510   -25.5335
   465.0000     0.0001   -50.7510   154.0420   -48.5924   -25.2529    25.2302    37.7003
   465.0000     0.0001    23.6291    68.8464    45.7952  -114.3210    54.8682  -213.2600
   465.0000     0.0001   169.3090    77.1002   208.7270    11.1313  -158.1230    52.2587
   465.0000     0.0001    43.0393   149.9450    13.6656   247.0650   -41.2123  -213.4110
   465.0000     0.0001   181.4980    81.4435   206.7010    22.2199  -157.4590    57.2859
   465.0000     0.0001    46.7854    76.4539    47.9847   -84.4260     5.3856  -278.0280
   465.0000     0.0001    40.2491    71.6256    59.2470  -166.7800   -38.6243  -264.3890
   465.0000     0.0001    30.5515    91.7602    35.9823   -13.0274   107.9100  -220.5420
   465.0000     0.0001    34.5096    94.4850    37.5314   -77.1158    29.3065  -280.9380
   465.0000     0.0001   -42.4870   171.2110   -35.9346    -9.7048    39.0957    48.0310
   465.0000     0.0001    33.7668    70.2583    46.4019   -35.6734    48.2271  -232.4520
   465.0000     0.0001    22.2415    92.4102    32.8991   -46.2178    86.9387  -254.6050
   465.0000     0.0001    77.2798    60.3382    70.4684  -125.2760  -106.0450  -171.7110
   465.0000     0.0001    80.4930    67.9821    88.5361  -101.7880   -88.6738  -171.7840
   465.0000     0.0001     1.5834   149.1330   -58.4586   -62.6085    60.8926  -124.7890
   465.0000     0.0001    49.8390    81.2611    40.8333  -161.2040    -1.1202  -290.0720
   465.0000     0.0001   101.1860    46.0237   161.2490   -41.0757  -113.9560   -49.6320
   465.0000     0.0001    11.3161   130.4490   -16.0205   -64.6520   226.3630  -117.9290
   465.0000     0.0001    16.4911   139.7190   -31.0960    21.7982   211.2510  -106.1980
   465.0000     0.0001    39.9322    72.0922    55.3374  -113.8350   -22.0902  -252.6540
   465.0000     0.0001    52.3234    66.0123    87.2949  -136.9350   -52.9862  -178.0560
   465.0000     0.0001   119.0980    36.8807    64.7346   110.2810   -23.3914    80.6469
   465.0000     0.0001   200.5540    73.3117   190.2690    31.7763  -142.8130    43.8666
   465.0000     0.0001    43.0393   149.9450    13.6656   247.0650   -41.2123  -213.4110
   465.0000     0.0001    31.8325    86.6262    24.0364   -88.7927    61.3421  -273.3990
   465.0000     0.0001    80.1578    41.1958   132.0810   -54.8653  -100.0740  -101.7980
   465.0000     0.0001    23.8679    91.1194    27.3812   -75.7983    75.4359  -232.7250
   465.0000     0.0001    38.8168    77.8434    51.9716   -94.9094     3.8103  -304.2590
   465.0000     0.0001   200.1690    79.2844   196.9410    32.8651  -155.1490    52.2368
   465.0000     0.0001    24.6095    88.8989    41.6184   -38.0211    72.8536  -232.9950
   465.0000     0.0001    40.7868    74.7936    59.2458   -59.1559    -6.5440  -270.9030
   465.0000     0.0001    22.1939   110.3010     1.0458   -98.6215   188.6090  -222.4660
   465.0000     0.0001    58.5392    63.9852    96.6368  -129.2950   -87.5392  -155.7410
   465.0000     0.0001   213.2760   246.0420   107.9520   145.1920  -142.5330    58.7949
   465.0000     0.0001    38.9106    94.8966    32.1521   -81.1747    68.5398  -262.3350
   465.0000     0.0001    21.8562    88.6559    30.1940   -87.5171    91.1364  -194.5450
   465.0000     0.0001    42.2053    79.9853    26.2893   -39.7050    35.7818  -229.4260
   465.0000     0.0001    37.1990    81.9180    20.9532   -88.6366    61.4705  -260.0860
   465.0000     0.0001    67.1763    60.9020   120.9610   -79.6414  -120.9760  -134.0680
   465.0000     0.0001    43.3696    88.5102    42.8205   -98.3668    50.8969  -252.6460
   465.0000     0.0001    39.1869    72.4596    47.6273   -40.8545    14.6456  -237.6150
   465.0000     0.0001    37.1210    66.9754    82.8210  -128.1970   -17.3825  -195.9760
   465.0000     0.0001   141.1820    72.9636   148.3990   -20.1188  -136.2950   -46.7309
   465.0000     0.0001    86.3503    55.1666   122.5260   -85.9205  -119.8610   -97.4845
   465.0000     0.0001    34.8213    63.6868    55.0646  -110.3150     0.3922  -245.9010
   465.0000     0.0001    23.9628   113.4800     8.1853  -114.3060   231.9350  -184.7200
   465.0000     0.0001   -40.2685   164.7440   -34.7225    -6.6569    23.1374    56.3574
   465.0000     0.0001    82.1329    59.1828    99.3623  -110.3500   -91.1776  -118.8220
   465.0000     0.0001    64.5133   379.7670    72.9262   196.8580   -28.7231    71.7588
   465.0000     0.0001    33.0926    95.4003     5.9141  -130.1810   103.2270  -226.6590
   465.0000     0.0001    29.2305    80.0039    20.3112   -40.1926     9.2060  -244.7740
   465.0000     0.0001    75.4976    64.9907   134.5010   -89.5134  -117.1710   -93.8038
   465.0000     0.0001    33.9642    63.5132    42.4001  -173.3290    11.8153  -251.8900
   465.0000     0.0001    33.5080    66.1143    39.5942  -155.1400    -5.1927  -263.1980
   465.0000     0.0001   126.0850    37.2331   195.2060   -21.5371  -162.0710    22.3196
   465.0000     0.0001    13.6279   125.4990    -6.4048   -30.6150   259.8030  -138.0490
   465.0000     0.0001    36.0061    70.0668    22.6330   -82.6923    29.4908  -245.2480
   465.0000     0.0001   148.6260    55.0716   218.1120    13.4204  -136.2340    25.1268
   465.0000     0.0001    35.1394    67.9688    33.4070  -134.3390    32.7104  -239.5800
   465.0000     0.0001    28.3878    78.0823    28.2019  -113.5600    75.2328  -210.3950
   465.0000     0.0001   162.3240    96.4682   192.0960    18.6436  -136.2470     2.9155
   465.0000     0.0001   119.1570    53.2123   194.4010   -13.6422  -124.5180   -13.0315
   465.0000     0.0001    43.3291    68.0794    82.4969    81.2975    91.0044    84.5349
   465.0000     0.0001   -45.8257   181.3580   -18.3507     1.3384    43.3562    52.0681
   465.0000     0.0001   -18.0003   129.9270   -28.2319   -66.4028   173.0340  -102.7740
   465.0000     0.0001   140.8700    80.5977   199.7770     3.9380  -124.3570     0.3311
   465.0000     0.0001    46.3720    80.0193    68.0546   -70.8902    -8.2787  -239.3780
   465.0000     0.0001   171.2810    72.2470   228.4390    30.0760  -134.8890    40.6994
   465.0000     0.0001    25.2545    78.1634    27.1485  -127.6090    60.2696  -240.6680
   465.0000     0.0001    24.5244    70.7282    56.5986  -111.1860    22.3944  -249.1010
   465.0000     0.0001   217.5420    75.1057   217.9530    46.9660  -150.5940    83.9822
   465.0000     0.0001    67.1711    55.8311   173.4900   -56.5974  -121.3060   -48.8154
   465.0000     0.0001   -28.7355   159.0760   -68.9158    -9.1568    98.3760   -30.1286
   465.0000     0.0001    50.8808    71.0748    40.5559  -120.2150   -52.8296  -307.6120
   465.0000     0.0001   159.0110    68.7302   175.9340    -1.9631  -144.2400    -4.8114
   465.0000     0.0001   269.3170   143.9050   134.5950   104.5070  -150.1500    55.9725
   465.0000     0.0001    29.1472   112.2690    -8.5422   -50.4451   186.2350  -220.3440
   465.0000     0.0001    29.4941    90.3736    26.3422   -87.8327   -44.8429  -311.1120
   465.0000     0.0001    46.7215    69.8003    40.9948  -155.7970   -41.7429  -271.0270
   465.0000     0.0001   -54.8430   136.1010   -79.2398   -27.1488    14.0523     4.5561
   465.0000     0.0001    44.8281    64.4940    39.3737  -158.5420   -21.1102  -268.4240
   465.0000     0.0001    36.7564    62.4503    55.1057   -63.7972    10.8347  -239.2580
   465.0000     0.0001    75.6237    62.5393   146.9550   -58.7018   -96.0525   -90.8201
   465.0000     0.0001    30.8663    98.0910    35.7874   -66.0967    55.7776  -296.0740
   465.0000     0.0001    83.9810   120.2770    90.3610    25.5265  -223.0120    50.4071
   465.0000     0.0001    30.8036    65.9370    30.6462   -66.5896    31.8145  -214.0970
   465.0000     0.0001    41.2875    67.7364    62.6918   -65.0198    -9.1579  -243.6280
   465.0000     0.0001    29.7032    68.2075    42.9842  -137.2260    14.6501  -239.7510
   465.0000     0.0001    28.6209    97.6156    32.9664   -41.8885   110.5000  -236.8730
   465.0000     0.0001    40.5865   145.6350    23.9349   -99.6856  -518.3260    22.4802
   465.0000     0.0001    28.8423    92.1110    33.8093  -116.1600    25.0427  -260.2560
   465.0000     0.0001    48.2196    69.1104    60.4373  -158.7990   -52.9397  -248.2540
   465.0000     0.0001    88.9766    64.2113    90.4570   -76.9221  -104.6900  -167.8280
   465.0000     0.0001    28.7478   116.9120     0.6803  -101.1230   228.4660  -186.4910
   465.0000     0.0001    30.5632    98.0028    12.7618  -167.8520   109.4500  -226.3930
   465.0000     0.0001    24.1759    86.3548    35.1132  -143.5560   114.6160  -268.4830
   465.0000     0.0001    26.7297    88.4147    26.4993   -84.8657    39.2386  -241.8880
   465.0000     0.0001    32.0469    76.0086    27.6344  -100.1560    10.3986  -333.4200
   465.0000     0.0001    40.2322    77.1403    23.9617  -110.3890    41.0447  -254.0780
   465.0000     0.0001    87.2258    64.7757    93.9177  -107.5070  -126.2540  -130.1330
   465.0000     0.0001   183.2560    81.6526   202.3020    29.3332  -150.6560    46.1346
   465.0000     0.0001    39.1156    63.8513    70.5744  -168.4410   -49.9415  -206.3750
   465.0000     0.0001    37.9545    81.9446    58.1421   -95.9220   -36.3683  -276.7150
   465.0000     0.0001    25.9538    80.2254    28.9235   -88.9361    32.9330  -208.1900
   465.0000     0.0001    25.4823    87.8793    30.8471   -85.7946    80.2042  -218.2210
   465.0000     0.0001   138.5720    60.9034   173.6130   -23.2526  -125.0430   -13.3212
   465.0000     0.0001     8.3789   164.7930   -32.4599   -27.6805   185.3360   -33.5259
   465.0000     0.0001    34.5300    64.1444    54.3555   -63.0866     5.9577  -237.5770
   465.0000     0.0001    33.5954    79.0039    51.0864   -37.8545    -0.9948  -303.7150
   465.0000     0.0001   135.6710    65.8376   182.0170   -22.1206  -126.0540    -8.8500
   465.0000     0.0001   136.6320    63.3822   205.7620    -3.2765  -133.6490     7.1419
   465.0000     0.0001    39.9279    89.6819    53.0080  -138.3470   -16.3317  -286.8580
   465.0000     0.0001    45.0989    71.3581    54.1880   -85.3479    16.1702  -277.8520
   465.0000     0.0001    86.8828    39.1580   148.2140   -57.2491  -112.7320   -64.8616
   465.0000     0.0001    43.0293    73.3566    52.4766  -121.5490     1.0891  -254.7120
   465.0000     0.0001    -8.9428    58.1422     2.8492   -91.8145  -217.6720   -35.9399
   465.0000     0.0001   -45.4525   149.6410   -61.5674   -27.7548    35.1940     8.6901
   465.0000     0.0001   223.7260   124.1390   170.1740    45.9034  -156.7700    55.1098
   465.0000     0.0001    23.4743    77.4400    36.6030  -129.1450    20.7493  -251.7700
   465.0000     0.0001    14.4103   111.8130     6.4325   -30.6018   210.5630  -231.2110
   465.0000     0.0001    46.7594    72.5742    44.0138  -133.8150    -0.4276  -278.2440
   465.0000     0.0001   121.5560    48.3737   153.7900   -55.3119  -133.7700   -22.6960
   465.0000     0.0001   -21.1920   158.9740   -34.7194   -40.2297   152.4390    -2.9194
   465.0000     0.0001   259.9610   128.9490   139.9310    85.5366  -155.5420    59.2752
   465.0000     0.0001   237.0100   191.0330   126.9390   103.6070  -157.1500    61.8254
   465.0000     0.0001    29.6460    59.2127    38.2648  -176.3880   -24.5392  -254.2810
   465.0000     0.0001    35.9520    94.3268    32.2120   -18.6569    93.9283  -241.4170
   465.0000     0.0001    24.6809   110.3050    17.1476   -24.1864   138.0970  -347.8900
   465.0000     0.0001    34.1567    82.7268    22.4871  -110.4080    60.5408  -252.8530
   465.0000     0.0001   172.6700    78.3470   213.3300    20.6341  -138.5070    33.8815
   465.0000     0.0001    33.6133    95.3776    34.1774   -56.7603    95.5702  -262.4810
   465.0000     0.0001    32.6573    94.1182    44.2060   -52.8462    56.6905  -259.5620
   465.0000     0.0001    33.0853    90.8902    30.3810   -59.3947    13.6352  -265.0240
   465.0000     0.0001    36.0949    61.9495    50.5851   -64.3185    24.2312  -231.5620
   465.0000     0.0001    45.3713    85.1742    27.1337  -131.6130   -63.4619  -282.7120
   465.0000     0.0001    44.8488    92.8257    25.3577   -88.7079    96.9343  -216.2450
   465.0000     0.0001    22.7582    93.4096    16.4180  -138.5620   136.0750  -194.9270
   465.0000     0.0001   106.3110    57.1155    58.0792   149.0430   -45.8092   128.1900
   465.0000     0.0001    -4.0404   184.5390   -33.7815    -6.2345   108.5070    29.4338
   465.0000     0.0001     8.4373   104.4080     7.4511  -199.0850  -226.8550  -133.3000
   465.0000     0.0001    64.9503    53.7547    70.4756  -107.2000  -109.8450  -207.0240
   465.0000     0.0001    49.7069    52.8131   110.5540   -87.3012   -65.3425  -143.6280
   465.0000     0.0001   112.2670    59.5015    52.2423   151.6000   -47.2460   113.7710
   465.0000     0.0001   221.2290    52.0790   202.8230    47.0793  -155.2890    69.9486
   465.0000     0.0001    25.5190    86.7951    35.1004   -60.5114    78.9092  -183.1770
   465.0000     0.0001    29.4271   151.3480    17.2438   151.3610    11.0337   -58.9308
   465.0000     0.0001    35.4143    91.1004    29.9060   -52.8901    51.4189  -219.7300
   465.0000     0.0001   171.9360    41.9495   195.3780    17.4138  -152.4200    22.8363
   465.0000     0.0001    25.4327    87.0308    29.5011   -76.9719    30.9469  -253.4300
   465.0000     0.0001    37.1077    64.5554    45.5107  -177.6070   -13.6757  -282.7970
   465.0000     0.0001   216.8080    80.4407   199.7850    52.3877  -150.4320    54.1859
   465.0000     0.0001   -62.7776   125.6370   -72.2045    31.6340   -29.9429    54.8177
   465.0000     0.0001    14.9756   149.3270   -25.5102     8.6740   221.0840   -82.9352
   465.0000     0.0001    76.2177    90.9033    95.5923    23.9180  -205.8010    52.8849
   465.0000     0.0001   106.0330   115.8030    81.8466    61.2245  -221.0470    72.8341
   465.0000     0.0001     5.0457   119.9920   -28.3797   -61.9639   183.2940  -117.7130
   465.0000     0.0001    69.0696    83.0756   118.0450   -54.3669  -121.0320  -148.6320
   465.0000     0.0001    17.7310   143.3650   -30.6938   -26.9964   193.6980  -123.2570
   465.0000     0.0001    41.8427    73.5941    45.5949  -140.6200    27.1027  -256.7010
   465.0000     0.0001    29.2124    65.3885    36.2647  -142.0970    27.8742  -248.4230
   465.0000     0.0001    66.8698   124.4640    29.9060   -93.9486   -77.2885    84.4728
   465.0000     0.0001    40.3856    65.5616    81.1500  -132.5930   -37.2550  -205.5220
   465.0000     0.0001    20.5615   103.7530     8.2629   -93.7424   187.5240  -195.5270
   465.0000     0.0001    23.4688    83.2101    41.7794  -162.1800    54.3111  -311.3200
   465.0000     0.0001    15.9903   105.4070    12.0483   -59.6796   177.9050  -228.5100
   465.0000     0.0001   102.1040    67.2754    99.3775   112.4870     6.7436   141.8560
   465.0000     0.0001     1.8385    91.0808    12.1323   -87.6017   100.6920  -215.1410
   465.0000     0.0001   180.3980    78.3505   188.1500    23.4093  -156.2710    33.3305
   465.0000     0.0001    40.4738    70.2368    34.7397  -151.2590     8.2156  -288.3150
   465.0000     0.0001    35.2640    79.3347    17.0980   -87.2033    45.7439  -232.9040
   465.0000     0.0001    32.6154    60.2636    43.0967  -126.9520    17.9999  -227.7250
   465.0000     0.0001    60.6329    55.5504   111.9930  -110.5780   -78.4293  -122.7320
   465.0000     0.0001    41.5348    95.8011    37.2943  -129.4150     0.5229  -306.2060
   465.0000     0.0001   -20.2387   173.1360   -48.1938    10.4389   116.2360   -11.3294
   465.0000     0.0001    27.2194    96.0104    32.1297   -57.6025   106.7730  -257.4530
   465.0000     0.0001    30.7837    89.9294    31.3347  -123.1830    90.2953  -154.9000
   465.0000     0.0001   100.1200    80.2015    13.4667   195.3470  -121.5680    19.0491
   465.0000     0.0001   -58.6432   112.3200  -103.6940    -7.4744   -33.0215     5.6958
   465.0000     0.0001    33.4729    92.6603    45.7132   -52.0238    41.9126  -268.8340
   465.0000     0.0001    80.3794    54.5828   125.4050   -93.6453  -128.4500   -90.6194
   465.0000     0.0001    38.0079    90.6137    33.6251   -37.6698    47.9435  -275.0390
   465.0000     0.0001    26.7153    78.4070    28.7226  -126.0490    69.9696  -223.9970
   465.0000     0.0001    42.9954    75.4638    45.5914   -99.0068    -1.0131  -336.3800
   465.0000     0.0001    11.4007   172.9660   -36.5749     1.4817   169.3680   -26.0778
   465.0000     0.0001   152.8690   102.4480   189.9720    24.7667  -135.5190    -9.0592
   465.0000     0.0001    27.3315    88.4273    44.1699   -68.0435    66.8562  -247.0110
   465.0000     0.0001    34.9086    63.6585    40.6323   -67.3254   -11.4858  -233.7800
   465.0000     0.0001    18.9036   115.6980   -12.0411   -85.1564   190.7570  -178.8530
   465.0000     0.0001    24.4852    85.1345    25.7908   -96.8946    29.4664  -229.9320
   465.0000     0.0001   175.9890    94.2879   197.0950    17.3929  -139.6950    23.5611
   465.0000     0.0001    52.5367    69.4477    54.5005  -131.1710   -58.1867  -250.5660
   465.0000     0.0001    65.2267    92.2091    60.1456   -69.9500   -90.9017  -269.7420
   465.0000     0.0001    31.0957   103.4620    31.3931   -71.5247   113.2910  -318.6610
   465.0000     0.0001   149.7730    40.0708   184.4960    -7.3324  -138.6870     6.2807
   465.0000     0.0001    37.5377    70.6565    26.8779  -179.9810    -2.4239  -256.4760
   465.0000     0.0001    39.5775    84.9433    17.7781  -107.9510    46.3842  -240.7750
   465.0000     0.0001    14.4103   111.8130     6.4325   -30.6018   210.5630  -231.2110
   465.0000     0.0001    32.3797    73.9052    49.3825   -89.7384     3.3593  -318.1440
   465.0000     0.0001    13.4846   151.5450   -29.1325    27.0412   213.7410   -71.6484
   465.0000     0.0001    45.4982    72.8785    37.4286   -57.4092   -33.0046  -217.0500
   465.0000     0.0001   138.4800    68.9116   185.6410   -20.5727  -140.6190    -2.2967
   465.0000     0.0001    95.6879    50.2927   173.1800   -45.2071  -162.7100   -27.4304
   465.0000     0.0001    29.7853    94.6389    25.6957   -84.5082    95.0803  -240.1010
   465.0000     0.0001     6.9026   145.5920   -24.5373   -98.6238   192.6020   -63.4331
   465.0000     0.0001   100.9450    54.8650    38.3269   169.2990   -52.0421    98.8853
   465.0000     0.0001   101.4670    53.4245    72.2495   135.5530    -6.3993   134.5740
   465.0000     0.0001    35.3785    78.5832    53.1311   -44.9029    34.3345  -269.6510
   465.0000     0.0001    26.8590   100.3160    19.4440   -92.8367   129.5360  -280.8650
   465.0000     0.0001   263.0450   139.1000   168.8090   101.1440  -147.7600    77.9976
   465.0000     0.0001    92.8197    58.4580    69.4704   138.0340   -39.7111   144.4740
   465.0000     0.0001    88.7748    40.6380    51.4469   133.4640   -30.7385   116.2390
   465.0000     0.0001   111.6390    78.1749    31.5865   183.6970   -61.1852    81.3199
   465.0000     0.0001    28.3660    82.1253    28.5149  -137.7240    47.3228  -159.9000
   465.0000     0.0001   210.3330    77.2044   199.3940    48.7674  -150.3740    55.3965
   465.0000     0.0001    35.4315    79.9761    59.8948   -61.5282   -16.6744  -273.3650
   465.0000     0.0001    24.2256    74.7037    38.5895  -101.9060    65.5689  -249.1560
   465.0000     0.0001   187.2170   105.2850   215.4540    36.5991  -138.1330    42.9055
   465.0000     0.0001   251.7240   170.2320   129.1880   104.7520  -154.0420    63.7138
   465.0000     0.0001    42.4238    31.0628    94.5670   -52.8277   -82.8691  -162.8430
   465.0000     0.0001    25.4327    87.0308    29.5011   -76.9719    30.9469  -253.4300
   465.0000     0.0001    57.4421    57.0962    83.7687    84.8785    47.1535   111.8570
   465.0000     0.0001   147.5720    58.0755   174.1110   -19.2573  -133.5780    -3.1082
   465.0000     0.0001    63.6121    60.5548    69.0361  -136.1410   -77.5938  -201.7810
   465.0000     0.0001    31.2131    64.6169    37.0548  -136.0170    18.8187  -261.9700
   465.0000     0.0001    26.3273    84.2502    29.3883   -67.1443    43.0370  -214.5190
   465.0000     0.0001    31.8735    96.2291    31.2165   -92.6616   118.3960  -190.3810
   465.0000     0.0001   -47.2538   127.3180   -82.7290   -22.6781     1.8827    -2.2095
   465.0000     0.0001    44.7092    78.8118    46.7982   -68.8136    22.7810  -234.2970
   465.0000     0.0001   202.0880   307.8790    97.6486   163.1770  -103.3710    64.1037
   465.0000     0.0001    79.4262    36.6906   126.4150   -78.9336   -99.8774   -84.6595
   465.0000     0.0001    35.7478    68.5024    34.0896  -166.1420    15.4286  -230.2150
   465.0000     0.0001    37.2075    69.7963    50.5599  -126.0250     2.1258  -268.2840
   465.0000     0.0001   111.3590    56.8106   122.9780   -51.7198  -109.9980   -96.1507
   465.0000     0.0001   116.6660    61.7635   135.6210   -29.5254  -116.8710   -90.3925
   465.0000     0.0001    71.7666   119.8930   124.7290   -11.5548  -142.7300  -145.9040
   465.0000     0.0001   124.8550    76.1588    26.4987   204.7110   -89.9349    63.1891
   465.0000     0.0001    28.3724   121.3480    16.1193  -147.4450   262.8530  -258.6770
   465.0000     0.0001    23.6291    68.8464    45.7952  -114.3210    54.8682  -213.2600
   465.0000     0.0001    44.8281    64.4940    39.3737  -158.5420   -21.1102  -268.4240
   465.0000     0.0001    35.3980    82.8244    53.3678   -62.8493   -23.3258  -301.8330
   465.0000     0.0001    95.0724    68.2076   108.4290   -68.1261  -100.9220  -137.6750
   465.0000     0.0001    50.7140    65.1327    52.5816  -175.6830   -42.8286  -231.6050
   465.0000     0.0001    31.3709    76.8407    27.3102  -146.0860    34.0434  -276.8530
   465.0000     0.0001   107.7290    74.0061   128.0320   -10.6576  -120.1330  -115.8960
   465.0000     0.0001    28.0951    98.3885    36.8628   -80.5635    96.2513  -278.1080
   465.0000     0.0001    20.1923    81.3139    37.2773   -89.6438    86.6400  -224.3860
   465.0000     0.0001    40.0309    71.4727    25.7675   -87.3935     0.7116  -211.9940
   465.0000     0.0001    32.8927    66.8959    34.9325  -149.9040    16.1798  -260.9950
   465.0000     0.0001    37.0334    73.9785    27.2105  -107.7360    76.8231  -186.2240
   465.0000     0.0001    81.7776   161.4430   -33.2107    64.6727    43.1847    25.3910
   465.0000     0.0001   109.3330    52.4532   124.8810   -49.0472  -115.2370   -94.7979
   465.0000     0.0001    45.7919    74.7132    42.0071  -155.8330    -9.8307  -278.2250
   465.0000     0.0001    31.3731   131.0320    46.2090  -154.0510  -160.2900   -65.3043
   465.0000     0.0001   -73.7738   104.6100   -88.1861   -19.2582   -32.0161    11.9754
   465.0000     0.0001    27.1920    98.5117    27.4778  -116.4620    97.1169  -227.1350
   465.0000     0.0001    32.0469    76.0086    27.6344  -100.1560    10.3986  -333.4200
   465.0000     0.0001   134.6650    81.7648   180.7070   -31.1870  -145.8730     7.4563
   465.0000     0.0001    30.3720    92.2646    47.2119   -51.6968    62.7983  -249.9680
   465.0000     0.0001    24.6936    93.2349    24.9478  -106.1320    98.9720  -279.3690
   465.0000     0.0001   148.7740    50.8321   190.1060    -8.6212  -136.7750     9.4365
   465.0000     0.0001   114.6210   147.3040    70.6322   111.5950  -202.4950    51.7899
   465.0000     0.0001    20.5233    97.0629     9.2390  -105.9500   180.9510  -172.6970
   465.0000     0.0001    38.7907    67.7202    45.6922   -76.1877   -23.8697  -280.0190
   465.0000     0.0001    41.2688    76.7568    23.3384   -98.5902    14.9591  -222.6170
   465.0000     0.0001   140.2940    94.5310   162.7120     4.7706  -139.6490   -43.4036
   465.0000     0.0001    99.4708    50.8609   132.5500   -76.9130  -116.3130   -66.9653
   465.0000     0.0001    32.1772    72.8996    57.0529  -122.2090   -12.8989  -254.0850
   465.0000     0.0001   148.7740    50.8321   190.1060    -8.6212  -136.7750     9.4365
   465.0000     0.0001    42.1130    89.1424    29.3836   -91.5972    80.7820  -270.4940
   465.0000     0.0001    36.8148    88.2771   -53.7409    32.1187  -117.6720  -148.0930
   465.0000     0.0001    40.1314    81.8539    48.9220   -55.0137   -10.2857  -318.5160
   465.0000     0.0001    24.8937    76.8025    32.9947  -134.9680    81.7930  -245.1410
   465.0000     0.0001    19.6513   102.1190    13.7305   -67.1454   168.9070  -236.0100
   465.0000     0.0001    35.5170    93.4274    30.4903   -50.7217    48.2823  -256.1470
   465.0000     0.0001    29.6724    73.6596    29.5993  -149.0260    29.1242  -269.4240
   465.0000     0.0001    27.4353   109.7720    11.7732   -82.0129   175.2480  -293.8290
   465.0000     0.0001   234.9760   250.5080   116.3820   149.8520  -125.5230    62.1216
   465.0000     0.0001    27.6920   106.5340    10.3226  -105.5400   187.3040  -231.0910
   465.0000     0.0001    25.1255    91.4520    24.6144   -86.8806    59.5733  -245.8890
   465.0000     0.0001    27.7334    73.2463    53.5503   -93.4291    47.7983  -253.9200
   465.0000     0.0001    39.9919    90.1263    33.5932   -48.2796    34.1761  -268.2480
   465.0000     0.0001    62.7717    50.0819    79.3327    91.5821    -0.8002   149.2140
   465.0000     0.0001    31.3830    90.8420    33.0993   -40.8505    51.1603  -220.5470
   465.0000     0.0001    47.9035    67.9072    39.0670  -209.1760   -22.6327  -169.8650
   465.0000     0.0001    32.1706    68.3173    81.0620  -102.4400   -38.1057  -227.8530
   465.0000     0.0001    42.5396    53.4325    36.6578  -118.8550   -14.3803  -208.5580
   465.0000     0.0001   114.6210   147.3040    70.6322   111.5950  -202.4950    51.7899
   465.0000     0.0001   -66.7197   117.8970   -66.5168    34.9395   -37.6127    60.5760
   465.0000     0.0001    14.7116   141.0040   -31.6185   -71.9222   171.3270  -132.5790
   465.0000     0.0001    13.4534   106.0020     1.1204  -101.3840   177.5680  -197.6010
   465.0000     0.0001    51.5653    79.2737    39.0461  -117.8900   -79.1102  -298.3760
   465.0000     0.0001    84.0097    77.5790   120.7980   -22.5896  -120.8140  -146.0220
   465.0000     0.0001    37.7125    89.6904    30.4571  -149.8050    79.4244  -300.4210
   465.0000     0.0001   104.7530    63.7441   121.8190   -52.4815  -103.9270  -110.3650
   465.0000     0.0001   172.4040    71.0860   134.4550   -30.0949  -168.9160    12.1346
   465.0000     0.0001    63.1248    61.6269   118.9860   -97.7209   -87.9386  -126.0500
   465.0000     0.0001    39.6737    92.0061    23.3617  -100.2070    32.2989  -277.7990
   465.0000     0.0001    30.8189    98.5359    26.9789   -64.2553   111.2690  -274.0590
   465.0000     0.0001    30.7601    77.2917    52.0173   -48.8595    21.2425  -280.8710
   465.0000     0.0001    41.6739    83.3747    53.3023   -79.3536   -28.1560  -297.5660
   465.0000     0.0001    38.5540    69.2851    33.9665  -110.3580    18.1060  -232.0340
   465.0000     0.0001   -14.8476   171.8000   -29.0305   -54.9085   135.9010    19.2666
   465.0000     0.0001    28.8061    79.9839    27.4916   -35.4298    32.7611  -306.9470
   465.0000     0.0001    50.2224    85.6402    28.2365   -68.0602    21.2268  -224.9910
   465.0000     0.0001   -48.5148    88.2540  -115.9130   -17.0799   -46.3617   -22.1721
   465.0000     0.0001   117.9960    98.2506   198.1870     1.8868  -130.9770   -18.8676
   465.0000     0.0001    28.8933   113.9740    10.4483  -101.0520   193.6480  -296.0430
   465.0000     0.0001   128.8030    38.1408   165.5720   -25.9110  -123.3600   -23.9689
   465.0000     0.0001    27.4265    87.4683    44.5311   -49.8330    33.4680  -269.7800
   465.0000     0.0001    82.3058    55.5237   101.4510  -109.5970   -97.5531  -121.2400
   465.0000     0.0001   -72.7807   393.4530   -12.6274   162.7590    50.8781    65.4996
   465.0000     0.0001   227.4230    73.0737   148.7270    53.0952  -175.5540    48.6144
   465.0000     0.0001    88.5785    48.2969   145.4650   -69.4313  -108.3680   -65.1872
   465.0000     0.0001   -36.4699   168.5140   -39.9761   -39.9883    83.8107    27.8104
   465.0000     0.0001   210.6550    52.6485   165.1940    30.7163  -169.8160    50.8728
   465.0000     0.0001    42.0113    78.0376    51.2570   -80.2424    15.7665  -248.9110
   465.0000     0.0001    30.8387    79.9776    24.7391   -85.8483    56.8175  -314.0990
   465.0000     0.0001    26.4586    78.7773    30.2359  -134.8600    73.0020  -214.1110
   465.0000     0.0001    37.3779    95.3960    38.9082   -67.4220    29.0503  -288.1550
   465.0000     0.0001    37.1491    78.7925    26.6469  -144.1850    30.3726  -255.8260
   465.0000     0.0001    43.8266    67.5552    44.4849  -126.7100    18.6142  -253.4280
   465.0000     0.0001   183.2560    81.6526   202.3020    29.3332  -150.6560    46.1346
   465.0000     0.0001   109.0270    65.8246    60.3955   157.2510   -31.7144   141.1030
   465.0000     0.0001    34.4742    94.1908    36.6284  -172.6500    39.6170  -282.6390
   465.0000     0.0001    12.3039   133.6200   -21.4547    39.7205   223.0660  -133.8370
   465.0000     0.0001    20.7546    86.7222    47.0616   -97.6753    37.4873  -254.1220
   465.0000     0.0001    44.2118    68.3954    43.4626  -166.0330    21.0848  -194.5880
   465.0000     0.0001    23.8086    85.7875    33.6895   -69.8995    57.4158  -187.1360
   465.0000     0.0001    33.3157    66.5249    36.8856  -185.2920    25.5496  -246.4550
   465.0000     0.0001   -47.8301   116.8720   -61.7045   -23.7565   -16.5041    14.4647
   465.0000     0.0001    36.4526    67.4373    28.0674   -96.7999   -10.9249  -272.1550
   465.0000     0.0001   161.9140    58.5894   183.9470    -1.2546  -135.0860    11.1606
   465.0000     0.0001    28.0024    76.1271    59.9491   -68.0297    -7.5790  -255.5730
   465.0000     0.0001    27.2537    92.4999    24.2862  -151.4640    57.2076  -233.4380
   465.0000     0.0001   100.3130    46.8611    54.3893   148.8260   -19.9927   119.4680
   465.0000     0.0001    33.9214    73.4318    28.3275  -150.2400    51.2440  -203.9860
   465.0000     0.0001   143.6080    65.9262   179.7840   -13.4933  -141.5240   -10.9394
   465.0000     0.0001   221.4440   109.4450   241.3460    63.9426  -127.0210    80.5414
   465.0000     0.0001    23.8152    85.7361    28.1592   -80.0352    87.6954  -235.5810
   465.0000     0.0001    89.4593    69.2038    94.0307   -87.1560   -96.1970  -160.3790
   465.0000     0.0001    22.4904    81.4561    21.7807  -108.8400   111.4460  -186.0860
