#         t          m          x          y          z         vx         vy         vz
   470.0000     0.0001   148.3810    53.8756   177.8530   -19.2956  -127.5930   -17.5676
   470.0000     0.0001    23.7436    71.2160    23.0417  -126.4500    49.4859  -239.9860
   470.0000     0.0001    33.1933    92.1873    12.2776   -72.3122   126.1980  -283.8970
   470.0000     0.0001    35.5989    78.9431    13.6918  -146.6750    86.9263  -279.6600
   470.0000     0.0001    38.8905   131.3470    30.1591   313.0950   472.8960   -22.0869
   470.0000     0.0001    20.4408    90.4595    30.4171  -128.7920   105.8510  -321.8600
   470.0000     0.0001   -15.6184   168.5180   -11.1260   -79.0100   147.1410    29.2647
   470.0000     0.0001    49.3803    71.4449    57.9105  -151.9670   -10.5020  -244.4150
   470.0000     0.0001    36.3054    79.4936    19.0332  -169.9520    86.4180  -290.8810
   470.0000     0.0001   -61.4376   106.2480   -96.3565   -14.3050   -18.0582     4.8089
   470.0000     0.0001   282.5080   166.8990   135.4640   114.5880  -139.6710    56.6077
   470.0000     0.0001    76.5071    48.0712   137.0730   -75.3174   -92.6241  -100.3720
   470.0000     0.0001    26.3814    71.2797    38.4637  -167.6940    86.2885  -212.6220
   470.0000     0.0001    29.7661    68.1093    65.3054  -144.4320     2.9984  -232.9570
   470.0000     0.0001    36.3661    78.4257    24.6966  -115.1610    97.5904  -270.2560
   470.0000     0.0001    33.9592    81.3602    12.3960  -106.5750    80.7206  -292.5280
   470.0000     0.0001    21.1011   124.8540    -5.1683   -23.9362   240.9260  -190.2420
   470.0000     0.0001    34.6295    69.3250    29.0227  -141.3500    56.0469  -255.9590
   470.0000     0.0001    24.7438    78.0339     5.1957  -102.5380    96.0869  -254.1720
   470.0000     0.0001    38.2673    90.2933    20.7254   -87.9531   101.2830  -259.0470
   470.0000     0.0001    21.8587   111.4350     9.3821   -20.0845   212.3620  -249.8700
   470.0000     0.0001   -18.8837   180.2730   -13.8061   -36.3585   125.5820    49.1041
   470.0000     0.0001    40.2402    59.2211    20.3272  -162.8230   -10.7600  -258.7110
   470.0000     0.0001   148.3810    53.8756   177.8530   -19.2956  -127.5930   -17.5676
   470.0000     0.0001    28.1350    64.4780    24.4460  -124.6830    92.4149  -226.3000
   470.0000     0.0001    77.2726    76.9227    98.2284     6.1887  -185.1890    21.8719
   470.0000     0.0001    23.5746    78.5708    29.4778   -58.4121    95.9755  -275.6400
   470.0000     0.0001    27.0107    68.2968    29.6451   -94.6116    72.1931  -313.6470
   470.0000     0.0001    34.7908    53.9468    54.2501  -119.9190   -21.8866  -250.7510
   470.0000     0.0001    50.3243    65.1132    54.8395  -155.1360   -23.6113  -235.2970
   470.0000     0.0001    20.7916   101.1610     3.4526   -43.8670   205.7930  -164.7480
   470.0000     0.0001   133.6970    55.5481   160.1840   -49.0592  -164.2850   -18.1785
   470.0000     0.0001    36.4416    91.2039    18.7892   -70.8203    62.7435  -286.3200
   470.0000     0.0001    32.2521    81.4252    34.0368   -71.9125   102.8990  -250.5040
   470.0000     0.0001    31.1999    70.7135    24.3973   -88.6569   135.8500  -217.0070
   470.0000     0.0001   143.9510    78.7726   192.1770   -17.5212  -141.2910    -5.9753
   470.0000     0.0001    23.8004    63.6455    57.0977  -114.0470   -17.2188  -268.1510
   470.0000     0.0001   148.5350    54.9478   190.3260    -9.3726  -127.7850   -10.4102
   470.0000     0.0001   139.0550    76.7390   186.0910   -24.4152  -135.8550   -14.6646
   470.0000     0.0001    34.9528    93.7272    21.4747   -34.3960   116.7860  -250.2760
   470.0000     0.0001    24.3584    78.4507    12.4790  -185.7030    87.2501  -295.8670
   470.0000     0.0001    32.4822    94.5233    -7.2645  -120.7680    86.7313  -217.7870
   470.0000     0.0001   -18.8837   180.2730   -13.8061   -36.3585   125.5820    49.1041
   470.0000     0.0001   205.9020    72.7644   208.9350    36.8394  -144.1730    44.4813
   470.0000     0.0001    27.1893    66.6727    25.0082   -83.0928    96.9609  -238.4450
   470.0000     0.0001    27.8410    96.1607    16.9015    20.3293   133.2290  -244.0350
   470.0000     0.0001    36.8628    76.4060    20.8247  -133.1970    83.8364  -336.7320
   470.0000     0.0001   112.2780   116.7590    89.9751    52.9365  -205.0820    45.9839
   470.0000     0.0001    34.9588    61.2875    25.3164  -131.6790    68.3783  -219.5540
   470.0000     0.0001    23.2886    87.1404     6.5956  -121.6560   126.8910  -188.0500
   470.0000     0.0001   244.4790    95.2016   191.0000    67.8587  -156.6300    73.6733
   470.0000     0.0001    32.0137    49.5177    56.7873  -154.8280   -24.6100  -210.6420
   470.0000     0.0001    74.8017    65.9920   110.7400  -107.4480  -102.5060  -133.5970
   470.0000     0.0001    34.5863    77.9149    33.8029   -69.2463    55.9867  -328.1790
   470.0000     0.0001    70.5233   109.8990   113.0970   -23.6363  -136.1760  -180.5750
   470.0000     0.0001    17.1262    97.8156     5.8606   -74.4387   142.6700  -224.5620
   470.0000     0.0001   -84.0101    98.0161   -73.3247    -3.6115   -35.3663    33.8433
   470.0000     0.0001    38.2481    91.0683    20.1584   -86.5686    96.8705  -258.6580
   470.0000     0.0001    17.4073   121.6720   -23.9545   -92.3077   161.2710  -148.2690
   470.0000     0.0001    18.2385    94.1997    10.7170   -54.1274   161.7060  -240.5310
   470.0000     0.0001   209.9280    90.4422   158.3780    14.3289  -168.3990    35.9397
   470.0000     0.0001   104.5640    72.8024   100.5960   -58.0910  -114.5180  -149.6130
   470.0000     0.0001    93.6392    42.3003   120.4090   -81.4918   -86.9372   -95.4174
   470.0000     0.0001    19.4398    86.4450    11.7745  -148.3560   109.7820  -210.5330
   470.0000     0.0001    17.8505    97.1508    17.2326   -31.3321   159.0530  -237.0580
   470.0000     0.0001    31.9793    77.5127    29.9462   -31.9810   131.2820  -278.1040
   470.0000     0.0001   107.7740    66.8245    64.4383   -41.4962  -160.1500     5.3485
   470.0000     0.0001    31.1616    75.6788    17.4587  -157.2380    59.8298  -310.8320
   470.0000     0.0001    22.8233    78.4598    13.1922  -135.7080   110.0210  -262.5810
   470.0000     0.0001    21.0852    80.9921    27.9430  -119.4130   125.0950  -286.9010
   470.0000     0.0001    27.0981   116.3600     9.5438   -32.3944   243.2600  -266.6500
   470.0000     0.0001    62.3937   378.9560    74.1226   193.5710   -33.6815    75.4569
   470.0000     0.0001   108.8010    84.6611    76.7179    96.4313     0.9828   108.0640
   470.0000     0.0001    94.9648   118.1400    95.6854    20.2439  -209.1610    73.4618
   470.0000     0.0001    -8.1845   152.4590   -45.1053    11.6269     5.3771    71.5344
   470.0000     0.0001   -16.3486   150.8820   -74.5314     6.3500    18.7628    34.2633
   470.0000     0.0001    73.5517    30.1246   119.7820   -85.3888   -83.7228  -101.0470
   470.0000     0.0001   192.3110    73.5528   229.6350    33.4629  -130.5670    51.6320
   470.0000     0.0001   200.4200   246.1530    96.5749   153.1770  -147.5480    54.8013
   470.0000     0.0001    37.9880    90.0932    16.5374  -142.0140    67.6438  -270.9190
   470.0000     0.0001    88.5643    49.8723   127.8580   -74.6062   -82.0772  -103.0480
   470.0000     0.0001    62.5462    54.6267    95.8548    91.6690   -81.1507   133.1250
   470.0000     0.0001    20.2610   160.4580   -23.4013    20.5963   211.7770   -42.1996
   470.0000     0.0001   163.2490    53.3828   193.3920     1.5001  -145.8080    19.4524
   470.0000     0.0001    18.1916    76.3864    21.2580  -147.2670   127.2680  -314.8000
   470.0000     0.0001    43.7237    78.3004    28.7071   -72.1052    71.2081  -232.5440
   470.0000     0.0001   163.4890    56.5050   175.3190    -9.6602  -132.8620    -8.5455
   470.0000     0.0001    35.9748    82.3765    12.6949  -122.8300   101.8330  -238.8280
   470.0000     0.0001    36.5208    70.0645    38.1705  -114.4250    41.6108  -234.6100
   470.0000     0.0001    52.3696    61.8291    47.5598  -160.6090   -19.5226  -233.1100
   470.0000     0.0001    33.2694    52.4421    40.9797  -177.2620   -36.1823  -216.7670
   470.0000     0.0001    21.4898    72.2984    23.5652  -129.4360    99.7511  -255.7150
   470.0000     0.0001    51.6675    63.3999    91.2756  -101.5630   -37.6026  -194.7340
   470.0000     0.0001    26.9158    96.3133    21.9368    -6.4103   119.1120  -291.3370
   470.0000     0.0001    27.8410    96.1607    16.9015    20.3293   133.2290  -244.0350
   470.0000     0.0001    18.2656   113.6980   -11.4471  -109.1520   186.4700  -171.1880
   470.0000     0.0001    19.8446    77.6440    15.1723   -87.0682   135.8010  -219.1290
   470.0000     0.0001    31.8089    75.0603    14.5136  -161.0930    89.0223  -283.4610
   470.0000     0.0001    34.9789   101.8990    12.4951  -105.0990   169.5820  -258.8280
   470.0000     0.0001   222.7790   274.8360   102.3940   163.3440  -115.3510    53.8010
   470.0000     0.0001   -14.9918   171.0470   -34.9512   -28.1192   131.8500    20.2280
   470.0000     0.0001    17.0688   132.4420   -12.0944   -92.0536   231.8520   -82.0983
   470.0000     0.0001    16.4170    86.4143    19.4270  -137.5430   124.9450  -234.1490
   470.0000     0.0001    35.3287    89.1688     3.2210   -66.5355   109.6510  -213.4440
   470.0000     0.0001   -59.8393   100.7130  -106.2380   -13.5271   -28.2643    -0.4682
   470.0000     0.0001    19.4858    69.9164    23.9856  -152.7290   103.3060  -260.1140
   470.0000     0.0001    34.3588    90.7090    29.3132   -62.1005   114.8770  -247.0370
   470.0000     0.0001   119.0270   133.9050    78.4859    68.9163  -201.5950    36.7272
   470.0000     0.0001    27.6298   100.7120    25.4640   -14.3486   164.6090  -268.4210
   470.0000     0.0001    36.7481    80.7743    21.5399   -57.8395    80.1822  -268.5270
   470.0000     0.0001    93.9338    51.0233    82.3924   103.3820     0.9135   130.1780
   470.0000     0.0001     0.4798   153.8670   -23.0363   -79.8011   181.6110    -5.8198
   470.0000     0.0001   -56.4863    99.9792  -103.6820    -5.3551   -37.5075    11.8461
   470.0000     0.0001   177.2940    65.0689   203.6780    12.6356  -162.3890    41.7251
   470.0000     0.0001    27.0002    82.1365     9.6575  -161.1460    78.2167  -252.4900
   470.0000     0.0001    20.3216   109.3210   -10.6646   -86.3774   184.9970  -141.8010
   470.0000     0.0001    37.3606    58.7346    28.1923  -113.9920     2.4654  -207.7160
   470.0000     0.0001    64.9949    53.7966   113.0670  -109.0670   -89.9621  -129.3500
   470.0000     0.0001   121.1050    56.3998   147.3330   -57.3350  -130.9140   -55.6489
   470.0000     0.0001    26.0491    75.0560    13.0984  -134.7860   110.5760  -227.7430
   470.0000     0.0001    -8.9726   178.7490   -48.8456     4.4475    83.4475    34.0560
   470.0000     0.0001    29.3113    98.8332    13.3846   -53.3920   104.3160  -262.1110
   470.0000     0.0001   -21.4772    64.5373     9.7022  -102.5150  -163.4180   -16.3985
   470.0000     0.0001    63.6247    52.8126    85.5327   -81.2942   -35.2927  -191.6210
   470.0000     0.0001    32.6963    78.0627    29.5567  -184.4140    49.5078  -317.3250
   470.0000     0.0001    60.8221    29.4786   126.3790   -79.9547  -136.0160  -106.1040
   470.0000     0.0001    35.0807    75.6071    21.7235  -121.5360    81.3979  -272.6830
   470.0000     0.0001    17.2153   123.1170   -16.0007   -87.7874   207.2260  -108.2500
   470.0000     0.0001    17.4848    82.0919    15.4996   -38.2231   159.6320  -198.0900
   470.0000     0.0001    94.1500    60.4927    85.1425    87.3411   -16.0496   104.3570
   470.0000     0.0001    27.0691    77.9091    28.0373   -80.0611   114.8720  -278.2670
   470.0000     0.0001    18.9317    95.6219    17.4604  -138.6790   155.9180  -275.2360
   470.0000     0.0001    25.0546    67.4080    26.1733  -157.6020    73.6817  -269.8690
   470.0000     0.0001    55.0807    63.4815    65.3436  -167.1570   -51.6243  -190.4440
   470.0000     0.0001    31.0214    78.4861    36.0192   -89.2519    78.9392  -298.1230
   470.0000     0.0001    18.0433    83.4558    12.9091  -115.7380    81.2256  -218.1600
   470.0000     0.0001   -49.8622   151.8300   -62.4936   -18.5958    36.7343    20.3463
   470.0000     0.0001    22.1419    88.2959    10.5367  -108.0050   141.7390  -171.9980
   470.0000     0.0001   125.5750   125.9510    82.1545    79.1188  -199.7400    36.7739
   470.0000     0.0001     0.1084   166.3860   -54.0632     8.6210    36.6995    39.6639
   470.0000     0.0001    94.7646   109.0160   128.3760   -83.7962  -120.2350   -97.5635
   470.0000     0.0001    25.5785    79.0601     3.7173   -85.6606    89.5995  -272.1390
   470.0000     0.0001    30.9165    68.2682    19.2638   -93.3184    93.6369  -226.9630
   470.0000     0.0001    11.5431   136.1870   -33.1455   -96.0579   155.1110  -107.8620
   470.0000     0.0001    15.6948    95.4747    18.8735   -79.0204    48.5334  -132.0290
   470.0000     0.0001    21.5319    78.8650    13.2149  -163.9420   133.4230  -259.8440
   470.0000     0.0001   278.7700   152.3100   170.2360   104.7080  -138.3500    71.6330
   470.0000     0.0001    25.2197   126.4450     5.5797    12.1428   299.3180  -148.0300
   470.0000     0.0001    31.9558    74.4182    18.7736  -152.3070   106.1060  -248.6510
   470.0000     0.0001    24.5954   104.1970    18.1163   -52.2975   203.4890  -237.7340
   470.0000     0.0001    19.3772    87.8434     8.8169  -104.2590   127.0560  -197.2810
   470.0000     0.0001   110.6180    89.0126   -14.5852   180.3840   -84.6511   -39.4062
   470.0000     0.0001    34.6019    94.5794     1.2440   -98.0312   125.4770  -214.2470
   470.0000     0.0001   -61.2345   122.1700   -76.1188    -1.7550   -22.5544    39.4790
   470.0000     0.0001    32.0314    95.5129    24.7410   -39.9474   112.6220  -272.0510
   470.0000     0.0001   -23.4177   169.5130   -34.0185   -16.6492   137.5930    26.6312
   470.0000     0.0001     5.9048    88.5077    42.4273  -155.1520  -255.2180   124.8970
   470.0000     0.0001    27.4856    83.3586     7.4469  -135.8860   106.8330  -272.6030
   470.0000     0.0001    33.9336    73.6299    21.1046   -95.8751   102.5780  -225.9450
   470.0000     0.0001    21.7100    73.1271    16.4270  -127.6700   123.5990  -232.8100
   470.0000     0.0001   177.2940    65.0689   203.6780    12.6356  -162.3890    41.7251
   470.0000     0.0001    23.7679    63.9019    26.4247  -119.0640    84.4713  -236.5940
   470.0000     0.0001   153.8710    32.2906   201.5470     2.7486  -127.5740     7.3096
   470.0000     0.0001    54.3000    54.2778   106.1540   -99.7537   -53.9542  -153.6140
   470.0000     0.0001    30.2553    76.9480    14.3460  -181.1730    96.5085  -317.3840
   470.0000     0.0001    29.9560    60.3652    28.0299  -186.3720    18.8169  -254.1560
   470.0000     0.0001    35.9047    63.7588    34.5759  -181.9840    30.4310  -251.5650
   470.0000     0.0001    29.2667    96.4100    21.5466  -121.6340   167.2320  -233.4420
   470.0000     0.0001    22.4918   134.5890    -8.4849   -71.9589   253.0430   -74.0036
   470.0000     0.0001    28.9952    85.1071     5.2103   -95.7613   120.8600  -210.9110
   470.0000     0.0001   251.8250    76.9432   151.3960    52.2020  -158.7770    49.1003
   470.0000     0.0001    24.1575    71.5245    30.4741   -88.9947    67.7179  -275.2890
   470.0000     0.0001    26.5759    74.9902    15.5564  -128.0170    19.9378  -289.5140
   470.0000     0.0001   204.4920    75.1561   222.9440    35.1883  -151.9340    63.6939
   470.0000     0.0001    29.2067    82.1339    32.0076   -49.8051    97.0364  -217.0450
   470.0000     0.0001    93.4205    59.6877   101.4690   -90.5837   -89.9647  -140.7670
   470.0000     0.0001   228.6260   121.5230   163.3690    35.0304  -157.6990    46.2430
   470.0000     0.0001    37.5923    79.8363    23.9675  -124.2510    90.4521  -336.8670
   470.0000     0.0001    14.6989   124.3470   -15.5385  -119.6580   201.0680   -77.6287
   470.0000     0.0001   -26.3879   165.8210   -54.3023   -20.7771    58.3234    31.6055
   470.0000     0.0001    26.8357    67.2993    57.7542   -44.4126    11.0564  -275.5710
   470.0000     0.0001   231.7310   117.1630   143.4340    51.0442  -171.9640    48.4682
   470.0000     0.0001   -74.2567   111.2150   -79.1579     4.5285   -29.0328    39.3939
   470.0000     0.0001   238.6460   143.8340   128.3420    67.6423  -169.4750    48.4075
   470.0000     0.0001    25.8724    89.2868     2.5402  -108.7850   158.9300  -129.3640
   470.0000     0.0001    43.8900   148.0510   -90.1495    30.6676    19.3448   -97.6651
   470.0000     0.0001   -19.6919   188.6170     1.2272    22.3555    28.0295    91.6932
   470.0000     0.0001    30.9907    68.8103    29.6029   -88.3722   118.7780  -246.0010
   470.0000     0.0001    16.0948    87.8691    22.9025   -61.2943   153.2610  -184.5550
   470.0000     0.0001   213.7450    75.8884   163.2980    19.9514  -168.2050    45.2940
   470.0000     0.0001    32.4871    75.9207    36.5768   -56.9314    71.7617  -300.5070
   470.0000     0.0001    18.7453    75.5557    21.2947  -100.8050   137.6740  -263.4780
   470.0000     0.0001    26.4978   106.6600     6.2933  -142.3470   138.8350  -256.5030
   470.0000     0.0001    26.4869   102.1580    16.9668   -29.6513   189.2540  -233.9160
   470.0000     0.0001    42.7571    83.2739    84.9089    74.7428   132.9150    38.3384
   470.0000     0.0001    -1.4073   157.0140   -39.8602   -16.9947   171.4460   -15.0711
   470.0000     0.0001    27.0875    82.2305     8.4774  -129.5780   109.1090  -215.7190
   470.0000     0.0001   157.2560    65.0129   173.8510    -6.7119  -134.5330   -22.5049
   470.0000     0.0001    74.2314    46.6733    71.8159   -89.5835   -91.8107  -195.9030
   470.0000     0.0001    23.0513    76.5449    29.0131  -128.4560   113.8450  -265.5750
   470.0000     0.0001    41.2395    58.1842    97.4298  -110.7470   -52.0497  -178.0070
   470.0000     0.0001   137.3970    55.0596   162.4560   -33.0163  -122.8800   -36.7414
   470.0000     0.0001    45.1216    65.2076    61.1697  -111.8720     8.0958  -209.7410
   470.0000     0.0001    28.7709    73.3737    52.4962   -98.9617    14.1746  -283.5850
   470.0000     0.0001    25.9763    71.5994    18.1360  -152.7150    46.6560  -263.6360
   470.0000     0.0001    32.3163    96.7332    18.3910   -94.5670   122.7670  -244.1470
   470.0000     0.0001    32.8254    77.2946    15.9809  -134.6240    91.5761  -299.4770
   470.0000     0.0001    59.5148    67.7836    89.6018   -89.0006   -44.2538  -206.7740
   470.0000     0.0001   106.7830   125.3210    86.3229    46.7463  -210.5670    45.6818
   470.0000     0.0001    17.7345   177.7260   -27.6831    50.8801   166.8890    -9.0915
   470.0000     0.0001    37.3658    83.9063    16.7373  -103.5500    98.6056  -279.3680
   470.0000     0.0001   155.6700    53.0782   185.2350    -7.8655  -127.4760   -10.3486
   470.0000     0.0001    14.3519   126.1900    -7.2161   -77.5409   248.3790   -86.2331
   470.0000     0.0001    29.6749    64.0446    29.9771   -61.7740    87.3369  -240.7240
   470.0000     0.0001    94.4329    58.9698    97.5952   -84.4942   -83.0299  -149.0060
   470.0000     0.0001    80.5719    47.2408    84.3654    90.1441    -3.3059   122.8340
   470.0000     0.0001    78.9504    56.5701    83.8703  -123.9500  -102.5330  -151.0220
   470.0000     0.0001    36.4559    99.7724    19.5574   -64.0699   167.4820  -172.2320
   470.0000     0.0001    61.8429    32.5277   102.5860   -98.0465  -120.6770  -135.0860
   470.0000     0.0001    22.6444    83.8515     9.9202  -146.0580   108.6890  -205.1430
   470.0000     0.0001    21.2277    96.0852    12.1443  -143.4920   136.6110  -261.7590
   470.0000     0.0001   147.0310    61.3099    64.7809   145.8940   -25.8753   105.5890
   470.0000     0.0001    61.6941    69.1262   113.6770   -91.4892   -70.8936  -159.2760
   470.0000     0.0001    29.2280    89.2516     7.8486  -115.5440   101.8490  -234.7250
   470.0000     0.0001    26.0491    75.0560    13.0984  -134.7860   110.5760  -227.7430
   470.0000     0.0001   118.0540    27.0408   204.1990    -2.5712  -133.9130   -13.8060
   470.0000     0.0001    72.4081    54.4994   130.2580   -62.6741   -80.6985  -126.9570
   470.0000     0.0001    27.6184    79.4120    10.9275  -151.0750   106.5870  -260.0570
   470.0000     0.0001    95.5198    70.0473    80.3379    85.2575    -2.0566   118.3470
   470.0000     0.0001   187.0390    95.6874   207.4370    17.7822  -131.5990    29.0415
   470.0000     0.0001    30.2699    63.5995    77.4374  -128.6460   -24.0161  -214.6920
   470.0000     0.0001    24.1139    77.4947    11.4160  -166.0630    86.8747  -294.9350
   470.0000     0.0001    26.8342    96.2276    16.6964   -19.4828   163.7920  -240.2040
   470.0000     0.0001    37.6723    82.7661    27.3072  -114.1870    72.7373  -286.4490
   470.0000     0.0001     6.1113   165.4270   -48.1727    48.8212   151.8170   -25.3464
   470.0000     0.0001    26.8843    72.3529    14.9896  -143.4010    63.9912  -236.3520
   470.0000     0.0001    29.3772    70.7631    41.0559  -116.9900    44.6097  -262.5510
   470.0000     0.0001    21.0852    80.9921    27.9430  -119.4130   125.0950  -286.9010
   470.0000     0.0001    32.7185    72.8425    34.1508  -187.3040    39.0581  -288.1540
   470.0000     0.0001    32.9087    76.5478    16.5984  -162.9740    76.8587  -334.1410
   470.0000     0.0001    30.0012   109.8500    -8.6988   -31.7593   189.1690  -207.8630
   470.0000     0.0001   209.1760   244.0490   110.1810   152.8210  -142.0790    60.5226
   470.0000     0.0001    31.5633    98.8923    15.3416  -143.8430    87.2305  -295.2150
   470.0000     0.0001    19.8446    77.6440    15.1723   -87.0682   135.8010  -219.1290
   470.0000     0.0001   197.8520   242.0410   100.6850   159.0150  -141.5950    59.0514
   470.0000     0.0001    24.5594    95.5304    15.4023  -119.4350   131.6210  -242.7260
   470.0000     0.0001    25.0130    85.6651     3.5251   -85.6614   149.0930  -153.0710
   470.0000     0.0001    38.9134   148.8480    30.6027   244.6160    71.8241  -288.7060
   470.0000     0.0001   -27.2377   168.4960   -71.2009     8.7689    46.4333    22.8097
   470.0000     0.0001    37.2125    66.6581    93.7688    67.8476    82.3879    97.1248
   470.0000     0.0001    78.8928    67.6472    76.9399   -68.7576   -83.0836  -213.2580
   470.0000     0.0001    19.4463    78.8625    25.9924  -136.4380   111.1420  -248.5170
   470.0000     0.0001    39.3907    72.0552    39.2744   -85.7399    54.7693  -294.3140
   470.0000     0.0001    17.5061    85.9330    12.1266  -104.4990   112.6710  -208.2560
   470.0000     0.0001   -41.2934   175.7020   -54.3091     4.3024    80.8087    12.7997
   470.0000     0.0001    20.3459    75.3459    20.8301   -98.8390   107.6190  -256.7760
   470.0000     0.0001    27.1154    99.9279    11.1629   -27.5869   159.7900  -191.2800
   470.0000     0.0001    -7.2731   151.0630   -19.9152   -65.8061   193.7170     4.3539
   470.0000     0.0001   -77.2318   111.0960   -92.6144   -16.6055   -19.4236    11.3848
   470.0000     0.0001    38.9347    69.3351    35.5655  -174.9370    19.5190  -277.2440
   470.0000     0.0001   192.3570    57.8585   222.4530    32.5825  -134.3080    43.7164
   470.0000     0.0001    71.7157    53.1268   119.7140  -101.2920   -85.5368  -115.4150
   470.0000     0.0001    26.2845    77.7442    12.5565  -135.7760    65.2384  -306.5880
   470.0000     0.0001    19.2531   134.4800   -14.6804   -17.4501   228.8020  -166.0350
   470.0000     0.0001    27.4257    91.9770     4.9654  -129.3420   156.7920  -126.7230
   470.0000     0.0001    25.3794    78.1477    11.3437  -152.0480   106.4640  -217.4260
   470.0000     0.0001    27.9882    95.5425    25.0828   -66.6604   161.6900  -237.1920
   470.0000     0.0001    34.8123    69.5244    21.3666  -174.4740    35.0372  -274.7110
   470.0000     0.0001    24.0028    89.0469     7.3272   -74.8281   157.4040  -287.7260
   470.0000     0.0001    23.1936    82.2161     9.3854  -158.5890   110.3240  -253.2290
   470.0000     0.0001    30.0633    99.7271    13.2128  -113.4170   151.3250  -161.9340
   470.0000     0.0001    30.4635    75.3812    35.4991   -57.8010    66.0034  -310.4190
   470.0000     0.0001    29.4264    70.7753    44.9557   -62.9327    37.6295  -276.4490
   470.0000     0.0001    20.5121    77.1938    28.8248  -184.3160   114.8610  -270.8280
   470.0000     0.0001    35.7332    67.8569    49.3039  -113.8730    23.7885  -247.0830
   470.0000     0.0001    34.0483    79.4079    51.4296  -112.7390    62.1788  -256.4140
   470.0000     0.0001    28.4445    74.1375    13.5017  -124.9880    69.7449  -274.0980
   470.0000     0.0001    12.8736   113.8100    -9.2204   -88.5394   202.1890  -129.9750
   470.0000     0.0001  -106.5780    88.4500   -30.4132    17.3046   -30.2053    44.5838
   470.0000     0.0001    33.5261    95.0118    21.9361   -58.3631   102.7750  -254.3170
   470.0000     0.0001    29.0520    95.4571    15.3518   -47.6373    88.2374  -297.3370
   470.0000     0.0001    13.6409   114.0600    -9.7177   -92.3334   199.4940  -132.3870
   470.0000     0.0001    35.2144    97.7166    16.5546   -94.0280   166.6420  -264.5220
   470.0000     0.0001    23.1411    85.5212    32.4052   -88.4016   153.0010  -226.8060
   470.0000     0.0001   -14.3165   146.1990   -29.6183  -125.0810   115.2540   -36.1909
   470.0000     0.0001    20.3292    77.6637    30.5013   -92.7171   104.5010  -324.6410
   470.0000     0.0001    31.3901    75.5783    36.3463   -58.4971    60.3039  -310.3840
   470.0000     0.0001   166.5360   337.9170    89.7041   187.6540   -77.5579    56.9488
   470.0000     0.0001    20.8010    85.6762     9.7109   -71.2107   126.5530  -217.4240
   470.0000     0.0001    96.0199    48.8152    93.0472   109.2290     6.7852   128.1060
   470.0000     0.0001    89.6773    61.6119    97.8441   -83.2299   -83.0151  -158.5410
   470.0000     0.0001    90.6543    52.6737   150.5840   -63.1275   -97.4757   -78.8178
   470.0000     0.0001    81.2910    46.5202    76.2839    97.6730   -11.5054   126.9060
   470.0000     0.0001    69.1861    65.9537    67.5246  -129.5000   -44.9687  -210.0360
   470.0000     0.0001    29.7325    75.1514    13.2507   -77.6345    67.7061  -256.7560
   470.0000     0.0001     9.3151   151.1210   -14.6348   -35.1398   229.6250   -28.1063
   470.0000     0.0001   210.8810    67.1376   173.8350    14.1576  -158.0360    43.1116
   470.0000     0.0001    22.9795    89.6754    -5.2059   -22.7041   123.3430  -199.6780
   470.0000     0.0001    99.6039    56.5899   156.1720   -49.6206   -98.5060   -73.8415
   470.0000     0.0001    97.6444    43.5606   119.7950   -78.2823  -115.3810  -100.7030
   470.0000     0.0001   143.0350    68.6103   155.6320   -27.9049  -131.9940   -44.8652
   470.0000     0.0001    27.2541    95.5188     6.9337   -63.5312   128.1420  -259.4800
   470.0000     0.0001    90.8500    48.9962    88.4912   104.7290     0.3919   134.1770
   470.0000     0.0001    27.8384    68.8357    13.4340  -166.0990    68.1078  -228.7880
   470.0000     0.0001    23.0057    72.2271    16.6703  -155.4900    81.9699  -254.5150
   470.0000     0.0001    22.0141    96.3772    11.1884   -76.9322   123.5890  -192.4690
   470.0000     0.0001   144.1680    34.3404   168.7550   -24.7825  -131.1200   -19.3697
   470.0000     0.0001   139.0690    92.3851     8.3353   119.8760   -17.4961    47.3939
   470.0000     0.0001    30.3184    95.4846    27.5860   -81.4020   136.8360  -311.1530
   470.0000     0.0001    34.3199    77.1611    23.6959  -105.9390    84.1222  -220.8120
   470.0000     0.0001    29.6127    76.5173    15.0774  -129.3400   104.2030  -280.1220
   470.0000     0.0001    18.9642    76.2006    27.0665   -60.8358    70.8238  -289.5910
   470.0000     0.0001    19.1362    70.3431     8.2838   -52.2448    98.6564  -250.3360
   470.0000     0.0001    18.7138   120.7300    -4.5545   -96.0538   222.9710  -156.6860
   470.0000     0.0001    22.1596    97.6389   -15.8488  -124.2820   110.4300  -171.7130
   470.0000     0.0001    34.3894    67.4601    43.6459  -174.9850    15.0306  -259.8680
   470.0000     0.0001    31.4981   105.9600    17.1208   -28.9131   182.3260  -271.1430
   470.0000     0.0001    64.9209   109.0190   108.0570   -16.5974  -132.2950  -197.9540
   470.0000     0.0001   121.3610    77.2577   143.7640   -61.0578  -122.4690   -59.8248
   470.0000     0.0001    18.7441    86.3671    10.5260   -93.7571    97.3154  -206.7090
   470.0000     0.0001     6.0545   168.2900   -71.1225    18.2380    54.1075     9.5514
   470.0000     0.0001    27.5769    96.9818    17.2821   -29.1778   121.3430  -280.9070
   470.0000     0.0001    20.1748    74.5138    18.3659  -172.0990   125.2710  -256.2020
   470.0000     0.0001    -5.1037   171.1430   -47.2471   -34.7435   118.1420    -7.0423
   470.0000     0.0001    71.9445    73.7018   104.1920  -103.1480  -124.2170  -153.0450
   470.0000     0.0001    39.4136    84.0580    19.1293   -46.3957    86.5359  -279.2260
   470.0000     0.0001    97.6696    51.4760   157.0720   -66.4151  -118.8030   -58.0261
   470.0000     0.0001    47.4067   153.3600    12.5744   264.0820    22.3505  -139.8970
   470.0000     0.0001   222.8110    89.5219   152.1900    21.8859  -163.9430    34.7247
   470.0000     0.0001    37.2656    78.2010    23.9122  -115.9410    85.2804  -340.2210
   470.0000     0.0001    -0.8023   174.1420   -28.8898    37.8744   182.1050    -4.6273
   470.0000     0.0001    23.1916    63.4717    19.7394  -138.6970    43.9659  -201.5520
   470.0000     0.0001    22.4926    76.8158    23.6762   -72.6985   140.9090  -270.6720
   470.0000     0.0001    16.8059    81.5201    16.5319  -101.4860   161.7550  -251.6070
   470.0000     0.0001    19.6359    91.4488     6.1832  -100.9160   122.6570  -201.3390
   470.0000     0.0001   198.9990    63.9831   191.0190    20.0154  -145.6730    31.3363
   470.0000     0.0001    21.0844    94.3434    49.5469    -1.1426    -8.0314  -208.4710
   470.0000     0.0001   147.8180    44.5187   160.5270   -37.9682  -145.9410    -8.3390
   470.0000     0.0001    55.0138    72.5972    49.0754   -94.0012   -13.0947  -276.9960
   470.0000     0.0001    28.1527    75.0116    17.8639  -157.1390    70.6365  -288.9090
   470.0000     0.0001    98.8554    84.7170    90.5083   -69.2815  -117.7750  -169.1580
   470.0000     0.0001    19.5363   101.9440     4.1978   -41.1374   166.6050  -222.3590
   470.0000     0.0001    -1.1305   133.1740   -26.1626   -71.8668   201.6060   -30.4608
   470.0000     0.0001    45.0282    68.8700    52.7118  -157.0160    -1.9177  -249.7220
   470.0000     0.0001   167.8230    40.0961   223.9830    17.1814  -130.7350    29.3053
   470.0000     0.0001    25.8846   116.0970    11.0529     0.2569   273.1330  -181.9410
   470.0000     0.0001   -51.7395   155.5810   -45.1833    -2.5979    17.4370    57.5578
   470.0000     0.0001    24.7407   102.0020    11.5548   -88.8595   174.1980  -253.0970
   470.0000     0.0001    76.1188    25.2789   141.2490   -38.8353  -100.8050   -96.7138
   470.0000     0.0001    55.3112    67.6984    43.5585  -156.6080    -6.8102  -247.5100
   470.0000     0.0001    24.6672    95.6566    23.1725   -60.3320   122.0340  -257.2080
   470.0000     0.0001    72.4711   174.8280    21.2263    -2.5236     8.7723   -57.7751
   470.0000     0.0001    17.4282    80.8437    19.8090   -58.7524   106.0930  -203.7130
   470.0000     0.0001    28.6512   104.5590    20.9986    -5.5724   191.3430  -246.4200
   470.0000     0.0001    14.8682    66.9311    40.2623   -75.9976    53.8879  -251.0050
   470.0000     0.0001   137.1200    88.5637   181.1580   -13.4508  -148.5380   -21.2546
   470.0000     0.0001    55.1463    61.2869    29.8055  -154.7180   -31.1793  -240.0610
   470.0000     0.0001    11.3549   126.1310    48.8865   176.2750   180.0810  -128.7470
   470.0000     0.0001   190.5880   254.1670   101.0390   153.6370  -149.2610    59.8282
   470.0000     0.0001   212.9940    58.3021   164.9690    14.8222  -162.0360    40.7505
   470.0000     0.0001   154.8730    56.6954   179.8600   -15.3717  -144.3200    -8.0406
   470.0000     0.0001    22.6616   100.6260    11.0571   -12.7429   180.3740  -201.7040
   470.0000     0.0001    20.7916   101.1610     3.4526   -43.8670   205.7930  -164.7480
   470.0000     0.0001    29.7226    97.1343    11.7871   -89.1199   106.7670  -219.9000
   470.0000     0.0001   -29.8659   155.0250   -44.3626   -75.2811    91.5612   -24.2515
   470.0000     0.0001    21.8773   126.1380     9.5652   -23.7703   287.6910  -168.9990
   470.0000     0.0001   215.6000    77.7825   214.8060    38.7982  -142.2900    55.5937
   470.0000     0.0001    31.0972    66.7679    36.2591   -65.3450    81.5035  -256.5250
   470.0000     0.0001   178.6870    36.4107   247.5800    35.5004  -142.7740    53.8468
   470.0000     0.0001   -12.3694   185.0900   -28.8341    -2.7054    44.8893    54.9078
   470.0000     0.0001    18.7980    88.1160    11.8120  -101.0870   136.5890  -207.1750
   470.0000     0.0001    31.9829    76.6555    15.4111  -164.1490    92.2285  -294.5740
   470.0000     0.0001    36.7572    92.3432    21.4519   -63.6045    98.3996  -261.9490
   470.0000     0.0001    71.9445    73.7018   104.1920  -103.1480  -124.2170  -153.0450
   470.0000     0.0001    19.7991    82.8177    10.8973  -155.1520   113.6240  -223.4060
   470.0000     0.0001    25.9421   101.8690    15.9000   -22.1573   179.9540  -244.4950
   470.0000     0.0001    19.6869    83.3342    39.0717   -73.9900   101.3890  -275.0070
   470.0000     0.0001    23.8004    63.6455    57.0977  -114.0470   -17.2188  -268.1510
   470.0000     0.0001    85.7470    67.4323   158.9710   -33.7824  -120.5140   -86.1441
   470.0000     0.0001   111.2230    70.9535    22.2746   164.6390   -98.6959    39.4585
   470.0000     0.0001    30.7882    79.6543    11.7456  -127.6160    89.2932  -274.1910
   470.0000     0.0001   102.1740    49.5734   126.2600   -78.9552  -106.3110   -88.2954
   470.0000     0.0001    30.3482    73.9812    39.5507   -47.2446    56.2927  -293.7740
   470.0000     0.0001    53.3462    56.4045    53.8911  -150.3020   -37.0522  -221.4610
   470.0000     0.0001   249.5480   113.8060   114.2430    59.4107  -167.9310    30.4332
   470.0000     0.0001    28.4325   104.1870    19.2182   -28.2301   162.8580  -287.0040
   470.0000     0.0001    -2.1683   185.8810   -16.5127    -1.6287   140.9020    13.6814
   470.0000     0.0001    68.8719    51.2261    89.0379    81.9951    30.7616   122.3700
   470.0000     0.0001    34.2842    79.8503    10.6512  -117.7010    77.4546  -286.7700
   470.0000     0.0001    13.0068   130.0040     2.4276   -16.7211   276.8690  -107.6380
   470.0000     0.0001   212.9940    58.3021   164.9690    14.8222  -162.0360    40.7505
   470.0000     0.0001    40.5336   101.4250    39.8055   117.2960  -364.5940   258.6620
   470.0000     0.0001    21.8229    71.3651    22.2119  -109.2360   132.7750  -233.7060
   470.0000     0.0001    96.9630    58.8956   105.4850   -72.1825   -84.3305  -140.7270
   470.0000     0.0001    28.4072   113.4500     3.5691  -128.0510   199.5710  -208.0540
   470.0000     0.0001   133.6970    55.5481   160.1840   -49.0592  -164.2850   -18.1785
   470.0000     0.0001    18.2675    93.6311    21.3845   -67.1102   126.5210  -325.7430
   470.0000     0.0001    24.5939   117.2540    11.5994    -9.5443   261.8620  -190.9970
   470.0000     0.0001    20.5048    89.2267    11.5581  -125.3920    85.0043  -231.9550
   470.0000     0.0001    86.5880    49.6876   156.4880   -45.0592  -102.6790   -85.8542
   470.0000     0.0001    53.0093    57.1240   108.5390   -95.2209   -62.5667  -159.1870
   470.0000     0.0001    20.4841    96.1611    16.3831  -119.3890   166.6330  -306.0520
   470.0000     0.0001    20.2235   123.3820     5.2432   -58.0429   265.4990  -139.7870
   470.0000     0.0001    36.4731    82.3983    24.7856  -115.5240    96.0528  -304.7990
   470.0000     0.0001    20.4680    87.7516    29.2836  -149.1230   105.9010  -204.3640
   470.0000     0.0001    15.6280    88.6999    14.7850   -70.5640   119.8710  -198.3540
   470.0000     0.0001    17.3987   107.1830    11.0362    -0.7629   215.7360  -201.7980
   470.0000     0.0001    38.6831    80.2063    47.1557   -89.4921    21.8646  -297.4850
   470.0000     0.0001   130.1410    75.8842    49.5888   132.0680   -15.6852    93.0841
   470.0000     0.0001    10.1721   152.7700   -39.1017   -55.3334   157.1410   -79.7563
   470.0000     0.0001   127.4690    34.4563   167.2620   -32.4392  -120.2090   -32.6941
   470.0000     0.0001   175.4940   133.5450   204.4940    14.1411  -110.0220    25.7010
   470.0000     0.0001    36.0822    70.4098    20.9651  -140.7210    62.7989  -252.3410
   470.0000     0.0001    21.1991    98.4474     7.6125   -78.5724   193.8090  -143.6980
   470.0000     0.0001    31.0680    63.8681    66.3503  -136.4760   -30.3470  -239.4230
   470.0000     0.0001    27.6159    91.4469     8.5102  -154.3090   110.0940  -269.0990
   470.0000     0.0001    31.8366    81.1368    10.3911  -140.3630    94.1669  -243.2700
   470.0000     0.0001    41.0249    79.1399    43.5532  -100.2040    33.1039  -295.9670
   470.0000     0.0001   116.2460    70.1151   124.1130   -31.3685  -120.2330  -114.8680
   470.0000     0.0001    71.8388    73.3606    75.9247   -76.7339   -75.9016  -223.3700
   470.0000     0.0001    27.8895   101.0930    18.9477   -14.7632   152.8110  -272.6060
   470.0000     0.0001   122.2520    62.7159   189.3880   -21.1598  -116.8430   -30.2332
   470.0000     0.0001    19.4347    93.4633    21.2988   -46.0446   152.1400  -201.5360
   470.0000     0.0001   128.7890    32.2701   164.2900    -9.1244  -129.1390   -53.6355
   470.0000     0.0001   -38.9946   158.2640   -52.8250     3.9493    16.8326    54.4944
   470.0000     0.0001    32.9740    80.9650    29.9658   -96.7275   135.6300  -300.4810
   470.0000     0.0001    20.2934    92.0707    12.6275   -21.6393   134.8690  -188.7550
   470.0000     0.0001    25.1261    84.8885     8.3719  -152.4690   106.8020  -255.3020
   470.0000     0.0001    21.0172   150.3860   -12.0969   -14.1102   249.6810   -47.4652
   470.0000     0.0001    23.6052    88.5419    10.1622  -114.3740    94.9748  -273.3970
   470.0000     0.0001    70.9765   344.4570    57.2990   208.5450   -48.1781    70.0273
   470.0000     0.0001    25.1086    88.6875    36.2092  -107.8920   147.3010  -283.8760
   470.0000     0.0001    40.9964    68.9825    39.3325  -173.8410    14.4240  -266.9180
   470.0000     0.0001    24.2274   112.0700     9.8921   -21.0555   207.4890  -261.2720
   470.0000     0.0001    67.6376    63.0660   113.6090   -86.2861   -87.8277  -154.5710
   470.0000     0.0001    25.1882    69.1635    20.1587  -157.6080    94.5169  -253.5950
   470.0000     0.0001    15.2675    77.5788    24.9588   -72.4740   132.4890  -215.1260
   470.0000     0.0001   115.5430    65.6119    12.7864   160.1760  -116.8000    18.1568
   470.0000     0.0001    61.2337    63.8331    74.9704   106.6810  -170.2420   177.3080
   470.0000     0.0001    22.1613    94.3828    27.9596   -72.1450   159.3110  -273.2020
   470.0000     0.0001    95.8780    54.2580   102.5970   104.2280    -0.9016   136.6200
   470.0000     0.0001    20.5794    68.2832    15.2405  -118.0800    58.3784  -206.9010
   470.0000     0.0001    63.8578    55.9669    94.1084  -124.2180   -68.5580  -156.4400
   470.0000     0.0001    44.8623    66.2364    46.4895  -171.2990    -3.5166  -243.7190
   470.0000     0.0001   107.9020    67.9891    27.5916   166.9450  -120.6950    44.6777
   470.0000     0.0001    36.4083   105.0700    16.3143   -95.0419   175.8090  -235.3760
   470.0000     0.0001    28.6856    67.9517    23.4833  -194.2920    47.1483  -278.8770
   470.0000     0.0001    14.9133   143.3930   -16.6365   -55.8829   223.0550   -60.7391
   470.0000     0.0001    34.7551    55.9315    94.6674   -94.2279   -61.0324  -193.4900
   470.0000     0.0001    17.3080    80.3919    17.5295  -122.4440   141.0980  -259.8850
   470.0000     0.0001   159.0630    28.0396   186.5590    -3.4447  -134.7560     2.0455
   470.0000     0.0001    73.4430    47.3535    61.8096  -103.0820   -77.4841  -202.4690
   470.0000     0.0001   117.0200   133.6550    85.8180    74.5390  -200.2060    48.3231
   470.0000     0.0001    23.0225   104.8800     5.0869   -80.5508   189.9740  -198.9960
   470.0000     0.0001    43.0801    69.5863    80.2153   -97.6346   -21.8052  -231.5250
   470.0000     0.0001    32.5131    74.2377    22.5020  -109.7070    94.6853  -237.8400
   470.0000     0.0001   122.5300   109.4040    71.7322    40.0017  -202.8540     9.2165
   470.0000     0.0001    21.3188    71.3926    34.8319  -107.8660    52.6401  -285.5500
   470.0000     0.0001    34.1745    88.9927    12.6307   -90.4955   122.6300  -273.4560
   470.0000     0.0001    23.3999    70.6214    20.2090  -114.9610    85.5653  -251.8350
   470.0000     0.0001   250.4360   109.9900   125.7390    73.2232  -166.8740    44.1898
   470.0000     0.0001    33.3011    45.8473    76.2462  -130.3630   -62.7901  -196.5950
   470.0000     0.0001   130.0700    44.3424   169.0360   -35.6706  -112.4920   -29.4471
   470.0000     0.0001    29.0836    79.5335    39.6246   -94.6481    78.6683  -290.6980
   470.0000     0.0001    61.2078    97.8566    89.0436   -57.7852  -180.3070   -22.1587
   470.0000     0.0001    35.8837    40.7489   120.7250   -76.6952   -74.3449  -134.2440
   470.0000     0.0001    11.5172    86.6353    17.9808   -72.5815    93.7838  -277.7240
   470.0000     0.0001    32.3621    81.3345    11.5626  -149.5850    96.7232  -293.3300
   470.0000     0.0001    36.1689    81.4272    24.0711  -121.8000    58.2473  -291.4500
   470.0000     0.0001    19.2510    75.7223    15.8229  -121.6770   130.6480  -232.2700
   470.0000     0.0001   191.3270    60.8901   201.5830    18.8354  -133.5450    33.2945
   470.0000     0.0001   115.7850    27.7584   142.7560   -53.1517  -104.8750   -53.0192
   470.0000     0.0001    18.3907    76.0974    34.0650   -65.9148    36.1010  -333.1930
   470.0000     0.0001    28.6520   104.3110    14.2666   -30.8234   168.1710  -243.6450
   470.0000     0.0001    24.6014   128.5370     6.4680    19.5769   307.5040  -137.6840
   470.0000     0.0001    40.0502    66.7982    25.5229  -174.4530   -10.5003  -268.3560
   470.0000     0.0001    25.3355    80.0509     9.1617  -159.1730   101.4060  -280.3980
   470.0000     0.0001    16.3233    83.7838    23.6939   -42.9196   106.3420  -221.1720
   470.0000     0.0001    26.0659    67.9827    21.2504   -83.0870    87.9170  -267.2800
   470.0000     0.0001    55.1463    61.2869    29.8055  -154.7180   -31.1793  -240.0610
   470.0000     0.0001     0.3240   145.3370   -28.9556   -83.4797   176.8550   -28.9266
   470.0000     0.0001    91.6581    84.8334    94.2417     8.4849  -196.7420    18.6716
   470.0000     0.0001    30.3581   172.1770   -29.1716    87.0862   172.1890   -40.2838
   470.0000     0.0001    28.7668    72.4234    27.5150  -134.1520   130.3410  -257.3590
   470.0000     0.0001   174.4710    45.8063   217.1550    15.9978  -135.2910    28.8783
   470.0000     0.0001    91.4604    41.7211   127.4870   -82.8462   -90.1456   -85.5832
   470.0000     0.0001   114.4140   371.8320    95.2038   189.0310   -50.9083    71.5228
   470.0000     0.0001   -44.7713   183.8000   -14.1274    27.9155    25.1760    65.9309
   470.0000     0.0001    31.6850    83.4690    34.5510   -90.4474    85.9210  -310.3020
   470.0000     0.0001   -61.2345   122.1700   -76.1188    -1.7550   -22.5544    39.4790
   470.0000     0.0001   -73.5068   116.1350   -85.3671     6.1647   -23.4100    26.3753
   470.0000     0.0001    18.6502    96.6230    16.0508   -23.3914   157.9710  -227.3200
   470.0000     0.0001    23.2117    68.5594    19.0891  -204.4200    71.0008  -240.1570
   470.0000     0.0001    19.0638    92.4759    17.3362   -33.5095   124.5920  -199.4990
   470.0000     0.0001   134.1860    74.9523   188.5800   -23.5802  -135.4980   -16.9153
   470.0000     0.0001    18.4922    98.5355    19.7032   -43.5534   160.2160  -177.3120
   470.0000     0.0001    22.0125    84.7180     0.2499   -84.6918   124.4010  -207.5040
   470.0000     0.0001    24.5178    73.3875    16.2258  -141.1980   127.5930  -218.1300
   470.0000     0.0001    37.1454    64.0995    41.0532  -123.1300    49.3153  -249.0520
   470.0000     0.0001    15.4964   119.5110    -3.1322   -46.3095   243.5890  -118.7910
   470.0000     0.0001    98.7523    54.2490   104.1030   -69.8399   -99.2371  -140.5400
   470.0000     0.0001   -14.0485   137.4350   -41.7612   -97.3961   123.8100   -69.6570
   470.0000     0.0001    22.9939   102.6790    14.9699  -102.2900   194.5720  -145.3740
   470.0000     0.0001    30.7380    88.7839    29.6203   -49.5292    79.5646  -330.6230
   470.0000     0.0001   134.3010    34.9296   144.7880   -63.3949  -141.0480   -12.6349
   470.0000     0.0001    71.5030    50.0955    74.3229  -121.6870   -77.3644  -178.4140
   470.0000     0.0001    18.0310    93.7222     7.8132  -109.1330   131.3030  -220.4960
   470.0000     0.0001   124.9380    64.3957   176.4000   -39.7566  -127.4640   -29.3718
   470.0000     0.0001    19.6219    83.0530    12.5624  -111.9540    87.1684  -225.5900
   470.0000     0.0001    24.2373    77.4487    11.5356  -131.9340    79.7442  -290.2080
   470.0000     0.0001    37.0786    83.5240    10.0132  -124.1510    81.6511  -290.8210
   470.0000     0.0001    28.4745   113.4410     2.1312  -114.3370   209.2730  -201.2500
   470.0000     0.0001    92.1593    60.7964    94.6842   -79.9271   -81.6903  -161.4050
   470.0000     0.0001    17.8330    87.7685    13.8692  -125.8040   114.8710  -199.3520
   470.0000     0.0001    37.7995    90.4645    16.9331   -87.8535   132.8890  -272.0410
   470.0000     0.0001    32.3622    65.0675    16.6515  -180.3600    13.2879  -258.1170
   470.0000     0.0001    17.3635    85.0909    10.9281   -89.1603   132.3710  -208.9810
   470.0000     0.0001    31.4399    72.5673    20.3456  -139.0830   101.5050  -253.3970
   470.0000     0.0001    10.1782   107.6760    -1.9500   -77.8749   195.5440  -159.7040
   470.0000     0.0001   143.0350    68.6103   155.6320   -27.9049  -131.9940   -44.8652
   470.0000     0.0001    32.1578    80.9048    34.0209   -61.9479    63.6283  -324.9300
   470.0000     0.0001    34.8210    98.7937    10.2817   -41.3940   182.8980  -171.7290
   470.0000     0.0001     0.1276   209.2910   -15.7835    26.0382    76.2479    44.9444
   470.0000     0.0001    38.8078    90.6571    24.6464   -98.7980    99.9234  -181.9790
   470.0000     0.0001    99.0816    44.9355    68.1278   101.2770    -7.6211   106.4380
   470.0000     0.0001    24.7627   100.5620    15.0417   -97.5407   173.2890  -245.4600
   470.0000     0.0001    35.0249    80.1939    12.6389  -144.1170    89.9829  -285.6550
   470.0000     0.0001    73.0346    64.3764    81.7636   -91.1468   -75.4595  -202.1040
   470.0000     0.0001    13.8932   132.0980    -6.7109   -63.7815   253.6610   -76.5458
   470.0000     0.0001    25.9708    94.0734     5.0497  -135.4120   139.4440  -164.0440
   470.0000     0.0001    30.7683    68.1945    31.9205   -61.0512    98.2632  -261.8210
   470.0000     0.0001    20.2127    71.9563    34.1872  -123.1530    95.7200  -220.1920
   470.0000     0.0001   239.4400   178.1930   128.7680   114.8850  -153.2610    60.2884
   470.0000     0.0001     7.3800   155.9400   -59.9604   -30.0286    97.2706   -95.1147
   470.0000     0.0001    17.9963    92.6825    23.3280   -67.7678   132.2350  -248.8170
   470.0000     0.0001    30.4517    95.8147    18.3669    13.7112   117.7080  -265.4380
   470.0000     0.0001   106.8120    90.4629    -0.0488   215.1390   -79.7171    -7.4267
   470.0000     0.0001    31.9535    78.8482    30.4436   -61.2980   107.6330  -215.5390
   470.0000     0.0001    18.7407    94.1887    20.2417   -71.5613   140.6520  -251.3500
   470.0000     0.0001    85.9514   135.7160    43.5631   128.1270   -38.9748   114.9560
   470.0000     0.0001   180.9660    55.4945   191.2530    14.9492  -149.3390    27.1587
   470.0000     0.0001    26.1091   104.0620    13.7628   -94.7291   160.1300  -228.2230
   470.0000     0.0001    34.0300    78.0603    16.5905  -146.2380    88.6314  -311.3360
   470.0000     0.0001   152.2570   348.2880    79.8522   186.5310   -67.2178    77.4947
   470.0000     0.0001   105.5030    49.4297   163.3880   -48.9355  -103.6770   -54.3778
   470.0000     0.0001    20.3857    81.2695    13.0489  -106.3580   124.8530  -185.3190
   470.0000     0.0001    26.5191    68.7134    26.2102   -50.4444    96.8827  -249.5490
   470.0000     0.0001    19.4128    72.8146    21.3272  -133.2640   102.4470  -273.1170
   470.0000     0.0001    84.1230    55.7420    93.3623  -103.0260   -73.5237  -151.0320
   470.0000     0.0001    68.1389    69.3202   105.9530   -69.4637   -87.8611  -182.3300
   470.0000     0.0001    74.0427    66.1247   111.7100    86.2719    38.9689   134.5160
   470.0000     0.0001    61.9414    63.9422    54.0091  -169.2540   -39.7150  -196.1970
   470.0000     0.0001   182.8280    70.3015   210.4780    15.0611  -154.4820    48.5057
   470.0000     0.0001    22.3318    93.7156    12.3913   -42.5538   143.4250  -287.8790
   470.0000     0.0001   115.6610    94.4147    10.3264   224.7450   -65.0449    24.5120
   470.0000     0.0001    16.2182   126.5250    -7.8928  -143.4370   216.9230   -67.0518
   470.0000     0.0001    77.7231    62.2607   136.5430   -63.1599   -85.2274  -116.9490
   470.0000     0.0001   143.6840    52.1652   122.1580   -73.6142  -157.1370   -22.0485
   470.0000     0.0001    17.4876    93.7877     9.2032   -91.2146   127.8030  -220.3800
   470.0000     0.0001    41.9111    74.1003    29.0825  -161.6310    34.6837  -291.4400
   470.0000     0.0001    29.8265   110.8570    28.8072  -372.3960    67.9908  -159.0730
   470.0000     0.0001   166.3050    50.7660   242.6770    29.0151  -139.3830    40.5703
   470.0000     0.0001    19.3392    91.1323    25.8675   -34.8293   112.2820  -243.4980
   470.0000     0.0001    23.7436    71.2160    23.0417  -126.4500    49.4859  -239.9860
   470.0000     0.0001   -79.2644    90.6018   -83.8505     7.1889   -39.1926    32.6851
   470.0000     0.0001   148.9480    60.2240   183.2080   -13.4604  -133.0060   -16.4275
   470.0000     0.0001    71.9445    73.7018   104.1920  -103.1480  -124.2170  -153.0450
   470.0000     0.0001    20.0270   110.2980     5.0287   -97.0571   217.5370  -146.8450
   470.0000     0.0001    17.7473    78.6345    32.7543   -94.7136   116.5840  -258.4730
   470.0000     0.0001    53.8017    43.8446    98.2731  -108.1480   -57.1572  -150.4700
   470.0000     0.0001    70.7054    64.8712    94.7665    76.1533    66.0378   125.4620
   470.0000     0.0001   255.9330   185.8320   119.2740    96.2261  -151.3190    50.3265
   470.0000     0.0001    -9.3149   153.1890   -34.4793   -55.5970   166.6700    -4.9105
   470.0000     0.0001    15.3109   146.2310    -3.7590    -9.2875   265.5640   -56.9257
   470.0000     0.0001    31.5242    72.7742    25.7263  -141.5320    78.9202  -318.9890
   470.0000     0.0001    16.1116   102.9340    -3.4398   -75.6813   159.1570  -176.6130
   470.0000     0.0001    74.6070    54.6815    66.6349  -109.4530   -73.6182  -201.2800
   470.0000     0.0001    68.8318    46.2086   134.5610   -88.5642  -108.4570   -97.5848
   470.0000     0.0001    24.5191   113.7310    -4.6903   -80.4860   204.0380  -217.0780
   470.0000     0.0001    20.0046    93.3983     9.8903   -38.4413   135.6960  -189.2330
   470.0000     0.0001    27.3640    83.0589    35.7684   -49.9590    72.7368  -314.3960
   470.0000     0.0001    24.2265    94.8397     5.7716   -88.3580   134.3030  -222.6110
   470.0000     0.0001   108.8690    52.7758    73.6951   116.8610   -31.2451   112.8050
   470.0000     0.0001    16.4949    80.7966    13.9909  -144.8840   127.6940  -258.4110
   470.0000     0.0001    22.2684   121.5700     1.3576   -35.6423   239.9030  -219.9120
   470.0000     0.0001   143.0850    71.4061   147.4990   -24.9054  -128.2500   -57.5767
   470.0000     0.0001    16.8276    68.4394    32.2570  -112.2550    85.8777  -221.1320
   470.0000     0.0001    46.3673    58.0858    70.5751  -156.3880   -53.2127  -191.3990
   470.0000     0.0001    28.4745   113.4410     2.1312  -114.3370   209.2730  -201.2500
   470.0000     0.0001    85.4740    47.4935    75.7737    96.7690    -6.7845   128.4450
   470.0000     0.0001    36.0330    75.6782    28.5079   -79.0066   115.4310  -307.1460
   470.0000     0.0001    32.5977    97.4509    18.9408   -27.7701   133.0530  -252.8060
   470.0000     0.0001    25.8300    91.3146     9.8408   -91.7171   148.4710  -245.8360
   470.0000     0.0001    59.7653    64.3505    51.9528   -93.0683   -50.3409  -262.5420
   470.0000     0.0001    35.1213    75.0301    18.7004  -165.1790    75.3513  -318.4710
   470.0000     0.0001    67.4531    57.0597    79.0449  -118.2650   -70.9691  -189.7280
   470.0000     0.0001    14.3128    84.5101    26.6107   -39.4647    90.4118  -279.7120
   470.0000     0.0001    24.8363    90.5760    -2.6523   -68.2953   158.0970  -176.3280
   470.0000     0.0001   116.7830    28.3735   161.6310   -43.1759  -114.0240   -38.8623
   470.0000     0.0001    17.2460   117.5330    -8.8039   -49.6139   230.3580  -124.3700
   470.0000     0.0001    20.0486    69.0074    36.7592   -91.4525    87.9533  -243.4210
   470.0000     0.0001    28.5533   104.7960     8.3038   -44.9021   170.9140  -230.3090
   470.0000     0.0001    35.2193    91.6521    12.9005   -91.0793   133.8090  -282.5990
   470.0000     0.0001    31.5485    94.7743    24.1736   -60.6564    93.1997  -293.8400
   470.0000     0.0001    35.6204    98.4942     9.9192   -92.7986   122.7710  -272.4820
   470.0000     0.0001    18.9558    92.3769    12.3255  -106.1190   141.9530  -275.2570
   470.0000     0.0001    43.2316    63.2063    54.3807  -115.0320    16.9330  -240.2520
   470.0000     0.0001    -4.5669   150.0320   -44.3393   -35.2290   156.7130   -35.7759
   470.0000     0.0001    77.4405    49.4856    92.6042    89.2726    21.9020   119.7300
   470.0000     0.0001    25.2785   107.8660    17.3936   -35.5870   187.8030  -282.7400
   470.0000     0.0001    28.3575    79.2253     7.3069   -84.9679    87.1218  -312.1330
   470.0000     0.0001    28.0118    95.6134    23.9898    -6.6284   101.3030  -287.7910
   470.0000     0.0001   111.2230    70.9535    22.2746   164.6390   -98.6959    39.4585
   470.0000     0.0001    12.3558   134.3480   -20.8389   -48.8586   217.8230   -88.2619
   470.0000     0.0001   167.8230    40.0961   223.9830    17.1814  -130.7350    29.3053
   470.0000     0.0001    -2.6270   185.5990   -18.5536     1.2771   145.0240    32.3719
   470.0000     0.0001    57.5976    66.1817    45.1310  -138.3960   -29.3546  -253.8940
   470.0000     0.0001   234.6900   318.9850   136.1230   150.9370   -84.1662    91.2960
   470.0000     0.0001   248.3620    97.1953   180.5570    61.2398  -156.4590    66.8289
   470.0000     0.0001   128.9670    47.1865   210.6040    -4.9458  -118.5710    -4.9428
   470.0000     0.0001    22.8741    66.0268    37.1642  -106.0620    54.5604  -268.1290
   470.0000     0.0001    91.7691    91.5853   159.7840   -40.7669  -127.7230   -76.2646
   470.0000     0.0001    46.5200    66.4329    34.0035  -136.9950   -24.6035  -281.8120
   470.0000     0.0001   134.1560    52.1600   160.9710   -41.2209  -140.0300   -31.7104
   470.0000     0.0001    65.6600    67.2358    63.8419  -137.5390   -44.0473  -217.5520
   470.0000     0.0001    20.8959    75.5110    17.7461  -161.0740    94.4077  -257.7410
   470.0000     0.0001    17.9902    78.1932    14.6906  -100.3670   117.8470  -240.3240
   470.0000     0.0001    26.1974    81.5453     9.3660  -164.5470   104.3800  -258.4900
   470.0000     0.0001    28.3599    89.5239    34.5228  -100.8370   133.3070  -301.3150
   470.0000     0.0001    37.5269   408.5710    71.8542   184.6800    -1.2250    73.5356
   470.0000     0.0001   210.1530    92.1120   208.1880    35.5907  -141.4160    49.7624
   470.0000     0.0001   160.1490   101.1710   203.2870     5.5846  -146.7010    15.1141
   470.0000     0.0001    78.9504    56.5701    83.8703  -123.9500  -102.5330  -151.0220
   470.0000     0.0001   161.1210   364.4690    98.1233   185.6650   -59.3293    58.5128
   470.0000     0.0001    17.1898    85.6956    11.6099  -110.0280   156.5640  -273.7520
   470.0000     0.0001   134.1720    82.9090     4.1959   173.7080   -56.4788    24.4091
   470.0000     0.0001    30.4584    72.9118    16.2199  -168.7130    95.1370  -314.7500
   470.0000     0.0001    30.7134    80.5421    31.2738   -80.5803   110.8280  -228.2610
   470.0000     0.0001    40.1978    73.3526    78.4974  -109.7530   -38.5163  -239.3790
   470.0000     0.0001    35.7438    79.8078    14.1760  -127.0490    84.4422  -298.9470
   470.0000     0.0001   -33.7590   151.6480   -74.1338     2.1115    22.8343    27.8951
   470.0000     0.0001    38.6464    85.4896    19.2001   -81.3126   117.2430  -263.0080
   470.0000     0.0001   184.8270    45.5266   215.7320    21.6999  -140.4040    32.4615
   470.0000     0.0001    29.4710    95.2497    15.8592   -49.6569    71.7910  -268.7560
   470.0000     0.0001    29.2532    98.8169    24.0645   -38.2084   121.7240  -296.4060
   470.0000     0.0001    55.4623   120.6700    35.4707  -234.0400   -17.8878    65.0242
   470.0000     0.0001   115.5430    65.6119    12.7864   160.1760  -116.8000    18.1568
   470.0000     0.0001   159.5160    42.3785   200.4970    -2.5724  -131.6930     9.2503
   470.0000     0.0001    10.6118   108.9760     2.6175   -57.8340   188.1050  -185.7760
   470.0000     0.0001    -3.3743   178.4520   -44.0565   -22.9926   114.5610    12.0449
   470.0000     0.0001    35.1213    75.0301    18.7004  -165.1790    75.3513  -318.4710
   470.0000     0.0001    18.3907    76.0974    34.0650   -65.9148    36.1010  -333.1930
   470.0000     0.0001    -4.9679   148.5500   -32.0375   -62.4657   175.5360   -12.5463
   470.0000     0.0001    61.2632   108.3670    88.5776   -44.8531  -144.7800  -236.4300
   470.0000     0.0001    32.9216    94.8585    18.8461  -129.0490    80.7993  -256.1010
   470.0000     0.0001    13.0623    92.7509    18.7358   -65.0029   143.6660  -226.3630
   470.0000     0.0001    20.1745    99.6005     6.4216   -52.7126   140.2520  -216.7550
   470.0000     0.0001    97.0780   396.1390    87.5523   189.0340   -27.9031    60.7630
   470.0000     0.0001    27.9418    76.9111    12.6807  -142.5430    76.5999  -296.3830
   470.0000     0.0001    34.1690    79.6591    35.9020  -175.5620    64.8111  -301.2630
   470.0000     0.0001   124.8980    47.9619   161.6820   -47.7529  -130.9390   -33.9630
   470.0000     0.0001    26.9804   105.6460    14.5942   -38.8508   157.2920  -281.5320
   470.0000     0.0001   131.4930    30.3423   203.1710   -19.9574  -157.9850    19.6054
   470.0000     0.0001    35.1213    75.0301    18.7004  -165.1790    75.3513  -318.4710
   470.0000     0.0001   210.7620   276.7670   109.9210   159.6270  -123.4310    63.6886
   470.0000     0.0001    20.9362   115.7470   -10.1267   -85.4435   203.8510  -164.2220
   470.0000     0.0001    35.9748    82.3765    12.6949  -122.8300   101.8330  -238.8280
   470.0000     0.0001    17.0390    87.9455    16.7655   -70.3661   125.0620  -225.1000
   470.0000     0.0001    31.0501    81.6227    36.7450   -95.6588    31.8592  -319.1400
   470.0000     0.0001    22.8297    74.9257    18.1524  -200.8640   111.3970  -270.3770
   470.0000     0.0001    10.4665   159.2720   -11.9196   -28.4449   227.2690    -8.0845
   470.0000     0.0001    16.2264    67.4614    35.8631  -110.0760    56.6755  -276.5730
   470.0000     0.0001    17.8505    97.1508    17.2326   -31.3321   159.0530  -237.0580
   470.0000     0.0001   135.4770    45.5614   171.2780   -30.9368  -126.1000   -25.4262
   470.0000     0.0001    42.6700    65.0890    94.0969  -101.4200   -49.8348  -198.8690
   470.0000     0.0001    28.9340    67.6365    39.8008   -63.0332    55.6383  -259.5090
   470.0000     0.0001     2.2982   161.3280   -48.1175   -40.6231   131.9700   -56.9538
   470.0000     0.0001   117.3930   118.5040    85.2490    59.5275  -200.1750    37.5853
   470.0000     0.0001    21.3209    76.5906    14.4095  -184.9730   108.0310  -279.9160
   470.0000     0.0001    18.8844    73.8200    19.7655  -162.2560   128.1290  -246.2700
   470.0000     0.0001    35.7092    85.3821    27.3479  -100.3480    54.6021  -228.0810
   470.0000     0.0001   -61.6157    92.5157  -107.5320   -14.1719   -34.3067    -1.8813
   470.0000     0.0001    28.0649    73.5675    14.5325  -163.1790    75.2001  -245.8880
   470.0000     0.0001   202.5650    64.8767   217.7750    35.4904  -140.4190    47.0736
   470.0000     0.0001    68.7581    61.6539    87.0504  -138.6940   -72.3638  -155.7000
   470.0000     0.0001    26.1814   101.3780    13.0560     0.1858   177.1840  -218.8590
   470.0000     0.0001    80.6739    43.5500   133.7390   -68.2717   -81.3870  -100.4790
   470.0000     0.0001    27.4518    77.6937    12.8053  -144.2750   125.4600  -202.4120
   470.0000     0.0001   119.2560    26.1745   150.0160   -67.9810  -130.5590   -15.4492
   470.0000     0.0001    17.4947    85.2462    32.3678   -63.5657   100.0080  -260.2660
   470.0000     0.0001    20.8314   178.0260   -62.6214    -0.9952    80.1669   -43.9245
   470.0000     0.0001    33.0031    78.2156    33.2599  -123.3300    75.1935  -252.7680
   470.0000     0.0001   221.3250    61.3333   121.8560    19.8563  -175.4440    27.1352
   470.0000     0.0001   162.1060    42.6664   212.6210    13.9401  -131.8370    13.4420
   470.0000     0.0001   140.7740    26.3328   174.7370   -23.9481  -127.4930   -12.9256
   470.0000     0.0001   221.3250    61.3333   121.8560    19.8563  -175.4440    27.1352
   470.0000     0.0001    27.4009    69.8588    21.8466  -121.2790   136.6270  -193.5520
   470.0000     0.0001    24.7409    93.3919     1.7730   -82.5662   143.4330  -234.9730
   470.0000     0.0001    29.8974    70.9337    26.6619  -145.6390    81.9310  -249.6560
   470.0000     0.0001   -49.8622   151.8300   -62.4936   -18.5958    36.7343    20.3463
   470.0000     0.0001     3.6940   127.2860   -37.4425   -95.0141   129.1130  -120.2430
   470.0000     0.0001   235.5610    81.6023   232.9690    64.2964  -141.5270    72.5113
   470.0000     0.0001    26.6421    48.0887    43.7265  -121.9970    22.2373  -198.6510
   470.0000     0.0001    20.8337    79.2884    13.5833  -161.5560   134.7380  -254.1110
   470.0000     0.0001    11.5328    86.7092    19.4663  -111.9180   113.9830  -259.0480
   470.0000     0.0001    24.5487    80.2812    10.0420  -155.0600   115.3410  -251.2280
   470.0000     0.0001    23.7482    68.1340    20.4422  -156.7460    80.9450  -262.5390
   470.0000     0.0001    36.0906    86.7399    13.8182  -153.1350   109.8550  -275.9550
   470.0000     0.0001    23.4213   100.0160     9.3742  -119.3520   140.3890  -207.0500
   470.0000     0.0001    26.0879    81.6094    35.2375   -44.3739    98.2140  -280.7590
   470.0000     0.0001   -56.2785   117.5320   -98.8670     2.5408   -21.7375    24.7504
   470.0000     0.0001   135.1310    72.1246   168.1980   -24.9571  -142.3790   -37.7841
   470.0000     0.0001    18.3474    97.2871    -1.4200   -77.6977   178.5720  -172.2100
   470.0000     0.0001   159.9250    55.5228   184.9720    -7.0178  -135.7340    -6.4488
   470.0000     0.0001   101.9340    56.4769    79.2538   117.4560   -16.4563   129.4220
   470.0000     0.0001    25.5370    65.9826    37.0495   -60.2302    61.5500  -257.5890
   470.0000     0.0001   173.5620    35.8302   229.3220    23.4056  -139.6450    39.1112
   470.0000     0.0001   158.7850    60.6471   205.7410    -1.7916  -129.8880    12.1887
   470.0000     0.0001    27.4380    75.2772    23.7492  -103.6520    90.0703  -221.9900
   470.0000     0.0001     7.9271   146.3390   -21.8934   -31.5551   214.7440   -49.6727
   470.0000     0.0001    33.5803    68.2275    70.8493  -115.0180   -18.1794  -244.6620
   470.0000     0.0001    34.8499   100.4260    16.8350   -60.5441   143.2720  -253.7420
   470.0000     0.0001    90.4577    37.1516   142.8960   -54.6592   -92.1313   -83.4266
   470.0000     0.0001    19.7717    74.2540    16.9999  -147.8080    92.4677  -255.2820
   470.0000     0.0001    14.6617   115.3700    -6.6058   -87.1372   215.8980  -130.0820
   470.0000     0.0001   175.2790    56.1245   231.6410    33.5826  -136.7370    34.1598
   470.0000     0.0001    25.7074    81.7088     9.6307  -175.3470   117.1670  -264.4380
   470.0000     0.0001   -49.4752   157.0640   -61.8372   -10.2309    33.4904    35.7065
   470.0000     0.0001    24.1617    55.4180    62.2404   -96.1605   -28.9364  -251.2440
   470.0000     0.0001    52.9095    78.4383    44.5319  -123.6420   -24.3346  -284.9770
   470.0000     0.0001   -23.8261   165.0390   -64.8039    -3.6069    59.5483    16.8197
   470.0000     0.0001    19.7221    74.4296    18.3819  -104.7490   133.8100  -236.7400
   470.0000     0.0001    29.0984    86.4496    30.6215  -154.5280    76.1746  -252.9540
   470.0000     0.0001    16.8838   110.0120    -8.0958  -100.9290   197.5030  -132.7850
   470.0000     0.0001    -0.4623   146.4090   -37.4621   -55.4984   173.0330   -33.3934
   470.0000     0.0001    28.1800    69.7648    27.3857  -145.6850    62.0563  -260.3140
   470.0000     0.0001    20.7302    80.2114    10.7731  -155.4420   126.8680  -243.7830
   470.0000     0.0001    21.3385    84.6290     8.2723  -116.3490   137.8210  -311.3450
   470.0000     0.0001    28.9222    79.4185    47.1822  -106.3030    51.4945  -307.7840
   470.0000     0.0001    38.3026    82.4238    30.4063   -91.3288    98.9338  -211.9930
   470.0000     0.0001    29.4118   103.5300    34.2101   -62.2876   122.1300  -336.7850
   470.0000     0.0001    25.2889    80.1181    33.1700   -60.6676   118.7550  -241.6060
   470.0000     0.0001    35.0947    76.4583    20.6007  -171.1030    52.0771  -251.6510
   470.0000     0.0001   113.6090    50.1419    63.6410   139.1360   -17.6649   122.5990
   470.0000     0.0001    17.6715    77.4519    16.6756  -141.7620   128.5420  -244.8670
   470.0000     0.0001    91.4604    41.7211   127.4870   -82.8462   -90.1456   -85.5832
   470.0000     0.0001   205.0930    69.0691   190.4610    23.2302  -147.7540    40.1622
   470.0000     0.0001    19.8824    81.1899    13.4342  -141.0450   133.0330  -204.5650
   470.0000     0.0001    21.3084    76.8396    15.7081  -114.8120   137.9870  -226.9640
   470.0000     0.0001    84.4624    72.9686    81.1945   -63.3072   -93.2339  -204.8850
   470.0000     0.0001    19.9910    76.3929    17.9539  -132.0820   131.2570  -203.4330
   470.0000     0.0001    17.1898    85.6956    11.6099  -110.0280   156.5640  -273.7520
   470.0000     0.0001   137.7020    89.1632    35.9457   128.6130    -6.0251    81.7489
   470.0000     0.0001    36.5837    81.5949    27.8475   -69.7428    80.7354  -286.5320
   470.0000     0.0001    33.0778    76.7007    19.1837  -150.7790   110.9100  -255.3570
   470.0000     0.0001    21.4917    93.6203    24.2435   -12.7018   118.7060  -197.1280
   470.0000     0.0001    47.1310    67.0979    81.5294  -110.7010   -12.0223  -209.9500
   470.0000     0.0001    21.8845    86.9594    10.8689  -133.6370   120.5580  -231.8750
   470.0000     0.0001   111.2150   125.4020    86.3698    60.2071  -211.3390    36.4810
   470.0000     0.0001    26.2895   109.3010    -6.7186   -78.2900   180.8630  -213.6050
   470.0000     0.0001    16.1116   102.9340    -3.4398   -75.6813   159.1570  -176.6130
   470.0000     0.0001    25.6305    91.4000    10.3543   -44.9503    98.6876  -210.9320
   470.0000     0.0001    37.0386    80.7237    16.2793  -116.5920   104.3020  -262.0800
   470.0000     0.0001   103.8210    65.0535    91.8827  -133.2080   -90.6876   -86.2464
   470.0000     0.0001    32.2174   100.4190    20.4413   -59.8418   142.2250  -259.7940
   470.0000     0.0001   263.5380    69.1790   153.7400    69.0100  -160.6240    51.7196
   470.0000     0.0001    33.0584    91.5301    13.0506   -42.9227    87.5663  -292.6140
   470.0000     0.0001   192.8880   309.5440   109.1790   170.5510  -103.3660    65.3920
   470.0000     0.0001    21.5600    78.0032    13.2253  -125.1330   128.2700  -189.6970
   470.0000     0.0001    -1.1982   110.2510   -23.7821   -53.7036   140.1640  -163.9980
   470.0000     0.0001    63.3161    52.1979   119.5340  -103.5610   -81.8808  -120.4220
   470.0000     0.0001    17.7341    91.5959    17.5940  -111.3290   174.4880  -233.6500
   470.0000     0.0001    36.1377    58.7652    17.3114  -161.9500    -5.0248  -262.8310
   470.0000     0.0001   135.8190    54.3423   184.8430   -32.1545  -152.1640     4.4100
   470.0000     0.0001    21.8653   105.1550    12.7024   -51.7782   199.3540  -248.5100
   470.0000     0.0001    32.7298    94.7252    -4.9475  -115.6670    74.8411  -238.6740
   470.0000     0.0001    37.6720    77.1004    18.3477  -106.5510    39.5231  -225.8170
   470.0000     0.0001    12.4470    81.1087    24.7766  -127.3820   115.7870  -239.5930
   470.0000     0.0001    58.9115    59.2946    37.1641  -158.7790   -40.6926  -222.1400
   470.0000     0.0001    17.4024    75.7502    18.4816  -120.5260   103.1490  -248.4270
   470.0000     0.0001   113.6420    63.4978   120.3900   -79.3130  -106.2230   -89.8804
   470.0000     0.0001    17.5307   120.8610     6.0130   -55.2744   263.1060  -134.8690
   470.0000     0.0001   169.8120    59.2304   134.9960   -42.4122  -162.8710     2.9950
   470.0000     0.0001    25.1028    69.1947    19.4687   -77.3953   102.0180  -292.0780
   470.0000     0.0001    18.4871    90.9366    23.6480   -83.1563   133.5130  -242.3180
   470.0000     0.0001    17.4400   148.5010   -16.8300   -26.7116   237.0730   -41.4951
   470.0000     0.0001    48.3654   131.0810    80.3676    14.6725   -64.4172   -57.8114
   470.0000     0.0001    65.4477   149.1520    62.4425   -39.0872   -78.9100    30.7933
   470.0000     0.0001    31.8717   102.1490    18.8749   -58.6133   167.3430  -246.2360
   470.0000     0.0001   -50.4551   134.8960   -84.2962    -7.7748     8.7104    16.5552
   470.0000     0.0001    23.1082    99.4250    16.5693   -41.3016   165.7480  -257.4400
   470.0000     0.0001    32.7211    77.6611    15.6049  -171.3570    92.3505  -305.3900
   470.0000     0.0001   200.5970   331.2320   118.2700   164.7050   -89.2077    67.3454
   470.0000     0.0001    21.5639    72.8419    14.8084  -198.4460    83.2439  -266.9150
   470.0000     0.0001    27.0002    82.1365     9.6575  -161.1460    78.2167  -252.4900
   470.0000     0.0001    26.0754   103.1540    19.6341   -48.1268   184.5550  -180.7770
   470.0000     0.0001   -52.3110   165.3920   -40.2503    -1.9320    32.7678    56.9991
   470.0000     0.0001    24.8244    72.0786    20.8936  -145.7050    84.8041  -255.6230
   470.0000     0.0001    24.5650    95.6956    23.4422   -21.6794   103.7850  -300.7540
   470.0000     0.0001    25.7467    94.1632    12.6662  -100.0950   138.3710  -134.8310
   470.0000     0.0001    37.7835    48.1752    25.1444  -147.3960    -1.1274  -240.1270
   470.0000     0.0001    62.4403    64.6912    49.3622  -149.6730   -31.0814  -226.9230
   470.0000     0.0001    72.4081    54.4994   130.2580   -62.6741   -80.6985  -126.9570
   470.0000     0.0001    33.0792    89.7841    10.9600   -64.0138   152.7420  -265.3970
   470.0000     0.0001   127.2300    62.8191   166.8060   -39.5983  -143.3760   -32.4728
   470.0000     0.0001    32.5892    77.7107    24.8312  -143.8370    78.3190  -328.0110
   470.0000     0.0001    23.0501    86.5456     7.9551  -155.8660   131.3430  -281.8500
   470.0000     0.0001    41.7127    45.8073   127.7270   -54.1916   -72.7335  -134.7360
   470.0000     0.0001    28.1762    64.1522    24.2150   -75.5747    77.6601  -230.8770
   470.0000     0.0001    31.0584    63.2396    30.0616   -71.7834    66.8961  -231.8930
   470.0000     0.0001    76.5071    48.0712   137.0730   -75.3174   -92.6241  -100.3720
   470.0000     0.0001    86.0710    53.2989   120.8610   -97.2353  -100.8340  -101.8020
   470.0000     0.0001   100.5400    56.8091   113.2990   -65.5737   -89.7356  -128.3450
   470.0000     0.0001    24.8961    90.9360     5.5484   -86.7286   143.1110  -200.2590
   470.0000     0.0001    54.2545    62.1385    43.7496  -131.2150   -51.4997  -249.8940
   470.0000     0.0001   120.7030    42.0706    77.1882    99.3902    -8.2756    83.4799
   470.0000     0.0001    37.9984    69.7131    36.3523  -164.3270    19.8011  -287.7950
   470.0000     0.0001    21.4432    69.2123    27.1907  -174.2450    78.3264  -261.4790
   470.0000     0.0001    24.8867    99.0524     3.7928   -38.4656   154.8150  -272.3330
   470.0000     0.0001    23.7235   102.7850    22.0068   -20.0831   170.1840  -274.4080
   470.0000     0.0001   142.0990    80.3502   -17.4557   163.6620   -67.1922    -9.0545
   470.0000     0.0001    24.1879   109.6100     8.7687  -135.9900   209.6830  -149.5230
   470.0000     0.0001    18.2649    82.5066    13.2243  -101.9240   133.5480  -227.0850
   470.0000     0.0001    30.2853    67.6502    27.0864   -45.2627    86.9113  -273.5250
   470.0000     0.0001    20.4224    97.5882    18.4030   -68.9063   183.6670  -216.6610
   470.0000     0.0001    27.2039   100.5270    19.5675   -24.2128   175.9370  -250.0010
   470.0000     0.0001    16.2337   107.7890     9.8340    38.9936   131.7530  -159.6150
   470.0000     0.0001    30.7266   100.0010    21.3699   -64.4449   197.6380  -278.2240
   470.0000     0.0001    18.0058    80.4042    11.8234  -114.8430   119.7830  -235.0170
   470.0000     0.0001    22.2807    78.0975    12.7919  -143.0200   130.9210  -206.8320
   470.0000     0.0001    25.9520    86.2574     2.6285   -83.6517   120.7290  -229.1690
   470.0000     0.0001    72.2067   159.0340    53.7012   120.9370    22.2509   150.9220
   470.0000     0.0001   -50.6628   115.9100   -97.2434    -7.2680   -11.7434     6.3932
   470.0000     0.0001    64.8720    33.4171   155.5270   -66.7014  -101.0830   -68.0634
   470.0000     0.0001    24.5863    95.1446     2.5739   -92.2813   149.8500  -228.3640
   470.0000     0.0001    20.0998    89.0934    11.5834  -152.0190   131.5830  -228.4060
   470.0000     0.0001   130.6580    94.8387   151.8090   -15.2909  -137.7940   -67.7868
   470.0000     0.0001    25.6761   100.4590    24.7120  -119.8320   117.5510  -310.8800
   470.0000     0.0001    35.9420    74.5776     8.3189  -150.1970    18.1374  -219.0270
   470.0000     0.0001    36.4416    91.2039    18.7892   -70.8203    62.7435  -286.3200
   470.0000     0.0001    86.3672    65.9084    90.1177  -101.3300  -126.2420  -154.3330
   470.0000     0.0001    27.0943   111.0830    15.9087   -44.1109   219.0650  -269.9290
   470.0000     0.0001    26.0051   108.3160    17.9776   -63.7548   225.3240  -169.7610
   470.0000     0.0001    74.1565    23.5823   141.4930   -64.5838   -82.7636   -70.4637
   470.0000     0.0001    73.4430    47.3535    61.8096  -103.0820   -77.4841  -202.4690
   470.0000     0.0001    60.1193    61.8996    87.7725    63.2291    70.1131    99.0127
   470.0000     0.0001    20.8728    95.7734    21.2428   -44.8031   170.8580  -234.7560
   470.0000     0.0001    33.6103    69.5789    32.8782   -75.4615   100.6740  -263.4870
   470.0000     0.0001   180.2360    76.9119   209.9380    14.3304  -131.9680    25.7153
   470.0000     0.0001   130.3320    67.8609   185.6680   -31.4845  -139.4920   -14.8597
   470.0000     0.0001    20.5845    74.0616    35.4902   -83.7627   107.2520  -259.1170
   470.0000     0.0001    24.7608    83.9471     9.6265  -144.8170   104.1660  -219.6190
   470.0000     0.0001    28.4152    72.1801    22.2301  -145.8770   125.1860  -252.5520
   470.0000     0.0001   262.4610   104.5280   163.7370    71.9255  -154.1360    60.9571
   470.0000     0.0001   239.6080    64.4499   211.6140    57.2503  -151.6440    77.5949
   470.0000     0.0001    26.1998    66.5863    28.8167  -127.0310    68.8640  -281.6120
   470.0000     0.0001    34.6445    67.0841    37.3267   -60.5704    74.8590  -258.1440
   470.0000     0.0001    15.4611    87.2108    21.9064   -75.6899    92.1150  -348.9120
   470.0000     0.0001    33.3478    86.8684    28.5571  -139.1730   110.8250  -276.4750
   470.0000     0.0001    95.6832    56.8514    76.6358   102.0680    21.8716   134.5960
   470.0000     0.0001    28.1626    69.9790    24.9307   -51.1373   109.7750  -243.8120
   470.0000     0.0001    74.2614    55.7366    99.0469    85.3949    46.9681    85.3972
   470.0000     0.0001    25.8009    75.9972    11.3814  -166.6080    85.7501  -279.2710
   470.0000     0.0001    -5.4611   162.1930   -46.5061   -75.0384    97.0960   -53.9483
   470.0000     0.0001   -78.1778   101.9170   -50.3193    46.9421   -33.5053    69.8973
   470.0000     0.0001    13.8826   110.8830   -11.5712   -93.7482   190.7220  -140.8270
   470.0000     0.0001    30.3067    83.9969    31.1542   -82.6350    96.6738  -281.1050
   470.0000     0.0001    22.0928   117.0350    58.9910    95.3103   199.6570  -107.0780
   470.0000     0.0001    24.0960    64.4527    41.4086  -113.6360    39.4880  -283.2310
   470.0000     0.0001    36.9006    87.1173    25.9636   -77.6274    96.8872  -306.5090
   470.0000     0.0001   110.0510    39.5581   158.8700   -57.5008  -130.2680   -41.9980
   470.0000     0.0001    84.2815    53.1534    96.7599   -95.2993   -72.5329  -148.7980
   470.0000     0.0001   198.1410    61.0673   261.2870    47.9556  -136.7760    70.7322
   470.0000     0.0001    71.5419    47.5703    58.4457   -82.1544   -80.6740   -35.8515
   470.0000     0.0001    20.7004    88.8761    11.5275   -42.3012   109.1800  -195.5170
   470.0000     0.0001    -0.4623   146.4090   -37.4621   -55.4984   173.0330   -33.3934
   470.0000     0.0001    68.8483    70.6620    59.3686   -76.2742   -58.5605  -254.5990
   470.0000     0.0001   -20.8109   160.8070   -35.2136   -14.5231   155.4570   -41.5834
   470.0000     0.0001    48.6041   104.0650    36.4021  -129.1860   100.3250    42.0453
   470.0000     0.0001   104.5640    72.8024   100.5960   -58.0910  -114.5180  -149.6130
   470.0000     0.0001   101.3420    38.2978   113.8650  -111.3830  -128.2780   -56.6454
   470.0000     0.0001   -35.3276   155.3710   -70.1951    -4.2695    35.3237    18.3777
   470.0000     0.0001    21.7526   108.2140    14.2519   -32.2066   184.8900  -271.5840
   470.0000     0.0001    59.3907    60.8247    66.3439  -135.5920   -46.1627  -212.7770
   470.0000     0.0001    14.2465    92.1039    17.8621   -39.8463   140.9510  -302.5500
   470.0000     0.0001   163.8190    73.6155   155.9460   -28.3457  -169.2540    -3.0140
   470.0000     0.0001    50.5692    25.5397   105.6190   -91.2123  -123.4310  -136.3480
   470.0000     0.0001    29.7572    73.5900     8.0236   -89.7155    95.7444  -224.0760
   470.0000     0.0001   232.2700    76.7271   131.8140    23.8412  -164.5040    28.5539
   470.0000     0.0001   118.9530    89.1328   177.3790    16.5556  -126.7530   -60.1254
   470.0000     0.0001   -17.5027   183.9440   -23.0614   -32.5976   101.6410    44.3197
   470.0000     0.0001   181.9970    62.5263   222.0220    22.0077  -134.0820    31.6929
   470.0000     0.0001    26.3552    63.9902    24.3601  -146.5620    52.5807  -273.7180
   470.0000     0.0001   -57.7832   105.3910   -93.4657   -12.8324   -19.6701     8.7061
   470.0000     0.0001   195.8550    61.0569   207.3840    18.9213  -149.1730    49.6093
   470.0000     0.0001    18.6535    78.5669    19.1605   -85.4774   127.9980  -251.3680
   470.0000     0.0001    19.6258   100.2920    14.8274   -21.8061   135.3020  -273.5370
   470.0000     0.0001    25.5120    68.2994    30.6489  -111.3850   118.0780  -229.2500
   470.0000     0.0001    81.2769    54.4379   100.6000    97.1689    39.1030   122.2620
   470.0000     0.0001    16.8222    98.4876    15.2774   -30.4957   172.2620  -215.8470
   470.0000     0.0001    29.2863    61.9969    38.5371  -130.8290    32.9614  -254.0850
   470.0000     0.0001   114.4980    68.0308    45.0367   163.6610   -78.4948    91.7383
   470.0000     0.0001    75.0784    47.7530    80.7957   -86.7898   -98.2145  -185.6800
   470.0000     0.0001    30.1081    66.6942    36.4965   -59.8923    67.3895  -260.0520
   470.0000     0.0001   173.9090    68.5634   215.4230    14.0951  -135.4120    24.7324
   470.0000     0.0001    20.4067   109.0660    12.0814   -66.6692   194.8690  -192.5020
   470.0000     0.0001    23.8661    93.7749    29.4360   -27.8056   106.6060  -307.8490
   470.0000     0.0001    97.6161   103.3300   -59.1499   118.1630   -57.0776   -92.6476
   470.0000     0.0001    36.9825    73.8272    30.8810  -101.7430    40.0544  -324.5870
   470.0000     0.0001   132.6970    32.4064   163.8480   -34.5969  -126.1990   -28.1463
   470.0000     0.0001    28.3002    82.5919    35.4526   -50.9865    63.7731  -321.3700
   470.0000     0.0001    25.7963    72.6110    22.9893  -193.0220   109.0290  -271.6250
   470.0000     0.0001    24.2274   112.0700     9.8921   -21.0555   207.4890  -261.2720
   470.0000     0.0001    28.4787    83.8135     8.6371  -130.4220   105.4230  -226.5500
   470.0000     0.0001    30.8884    73.5784    24.5771   -79.0945    50.7015  -293.0950
   470.0000     0.0001    22.8724   125.2440    -5.5413   -44.5597   239.2250  -187.8740
   470.0000     0.0001    46.0227    69.8842    40.3965  -116.4960    30.8465  -210.5510
   470.0000     0.0001   151.8090    62.5529   189.0180    -8.5622  -128.6940   -11.0748
   470.0000     0.0001   124.8980    47.9619   161.6820   -47.7529  -130.9390   -33.9630
   470.0000     0.0001    22.5407    71.0852    16.5404  -137.0340   100.5820  -251.0630
   470.0000     0.0001    97.5649   363.7660    82.7284   200.4990   -47.9861    55.8694
   470.0000     0.0001   114.8000    35.3890   157.9780   -49.6360  -113.0700   -42.7856
   470.0000     0.0001    17.3987   107.1830    11.0362    -0.7629   215.7360  -201.7980
   470.0000     0.0001    38.9221    53.5867    36.4108  -164.8840    10.0685  -225.8940
   470.0000     0.0001    38.7342    90.6128    12.3721  -122.0610   137.6930  -222.5740
   470.0000     0.0001    33.1700    94.2096    13.4230   -49.6864    92.2598  -236.6970
   470.0000     0.0001    17.6254    90.2622    16.5120  -118.4380   143.3940  -232.7060
   470.0000     0.0001    21.1666    79.8197    12.8589  -157.0660   139.9780  -256.7540
   470.0000     0.0001   181.9970    62.5263   222.0220    22.0077  -134.0820    31.6929
   470.0000     0.0001    25.7878   119.1020    10.7978   -68.6785   267.2670  -191.1200
   470.0000     0.0001    98.8821    99.2432   150.5250   -41.9208  -127.9320   -89.4468
   470.0000     0.0001    15.0485    89.0274    25.9604    -3.5739   118.3940  -219.8230
   470.0000     0.0001    24.7982   105.2130    15.5355     8.7711   182.1220  -236.2440
   470.0000     0.0001    17.4024    75.7502    18.4816  -120.5260   103.1490  -248.4270
   470.0000     0.0001    36.3516    76.4658    38.6051   -64.3332    57.4016  -303.7890
   470.0000     0.0001    64.9209   109.0190   108.0570   -16.5974  -132.2950  -197.9540
   470.0000     0.0001    79.9577    52.4530    73.4833  -106.7840   -75.0851  -183.4250
   470.0000     0.0001    46.4942    69.7728    38.3358  -170.9470    -5.2800  -262.6240
   470.0000     0.0001    16.1087    94.0401    15.5074   -49.2102   143.4850  -173.2090
   470.0000     0.0001    53.8206    36.1038   131.4950   -96.6478   -93.9935   -94.0737
   470.0000     0.0001   171.6570    42.4743   143.5290   -31.8752  -159.6460     7.9212
   470.0000     0.0001    28.1327    98.9574    16.4896  -138.0710   137.3100  -228.0300
   470.0000     0.0001    31.2567    95.1343    17.5964    22.0703   126.1960  -227.9740
   470.0000     0.0001   -45.6399   108.7730   -84.9461    -1.6722   -15.5592    12.5623
   470.0000     0.0001    31.7720    78.7043    31.7219   -44.9112   100.7470  -313.4120
   470.0000     0.0001    35.5193    81.1564    25.7971   -95.3598   124.9790  -206.7170
   470.0000     0.0001    35.7438    79.8078    14.1760  -127.0490    84.4422  -298.9470
   470.0000     0.0001    20.3464    85.2572     2.9418   -88.0234   126.2290  -208.0270
   470.0000     0.0001   166.5360   337.9170    89.7041   187.6540   -77.5579    56.9488
   470.0000     0.0001    29.2392    72.3472    26.7456   -30.0645   113.2050  -258.0030
   470.0000     0.0001    18.8067    84.8522    12.9072  -107.3420   137.3700  -194.8220
   470.0000     0.0001    25.1726    73.3621    22.2696  -123.5050   143.7240  -247.0450
   470.0000     0.0001    24.2020   122.5330    -6.8857    -9.3641   256.9730  -122.2830
   470.0000     0.0001   -57.9350   166.3440   -53.8117   -12.7503    56.6948    11.7806
   470.0000     0.0001   -31.5504   172.3290   -59.1630    13.8852    35.5734    44.3935
   470.0000     0.0001    98.2608    81.3374    25.9305   237.3830  -116.6250    65.7946
   470.0000     0.0001    13.0495    66.8822    15.0978  -146.3540    64.2405  -240.2500
   470.0000     0.0001   -19.8654   184.0320   -50.4457     6.0251    89.7709    34.4636
   470.0000     0.0001    22.4091    93.9729    -4.6821   -67.5533   134.1880  -230.2530
