#         t          m          x          y          z         vx         vy         vz
   545.0000     0.0001    80.5081     1.1247   100.9480  -100.5070    42.1155  -190.9940
   545.0000     0.0001    87.8742   250.2050    32.9343    86.9210   -15.5793   139.1590
   545.0000     0.0001    49.9925   256.2520   -24.1272    92.2444   111.8990    90.5724
   545.0000     0.0001    43.0210   212.6640   -35.1180   110.7550   128.1120    54.2465
   545.0000     0.0001   -10.2899   265.7400  -128.9030    29.5727   145.1560   -40.4652
   545.0000     0.0001    43.2264   286.5480     4.5587    80.8583   107.5240   115.2580
   545.0000     0.0001    75.1173   233.1650    43.3445   135.9220     0.6180   204.2710
   545.0000     0.0001    90.6996    77.7567    73.3246   -46.9889  -346.5230   -22.6279
   545.0000     0.0001   287.0660   -26.7518   198.9520   -32.2136  -115.1510    -4.1686
   545.0000     0.0001    57.0136   245.8820    14.2923   108.8530    67.9279   151.4180
   545.0000     0.0001   126.9090    50.7550    66.3621   167.2020  -229.8750   -30.6630
   545.0000     0.0001    90.3777    32.9841    82.4100    -0.8457  -251.5390    10.2569
   545.0000     0.0001    52.2044   235.8140    45.6822   141.2100   -14.8371   128.9150
   545.0000     0.0001    42.2741   277.1780   -39.6520    70.5036   127.8460    67.2912
   545.0000     0.0001    36.8434   -46.2198    87.4557   -36.8952    40.0667  -157.9000
   545.0000     0.0001    39.3392    97.5674   -14.6504   -34.4680  -180.7400   -77.2437
   545.0000     0.0001    80.1903    59.3027    55.5468   -28.2706  -201.2380  -146.2080
   545.0000     0.0001    85.1299   238.1840    37.4362   121.7630   -39.3137   159.5570
   545.0000     0.0001    65.0166   229.9370    20.7711   100.1060    -7.3769   180.6740
   545.0000     0.0001    50.8388    74.3031    32.1169   -28.9466   132.3730  -105.9480
   545.0000     0.0001    70.2536    45.7678    62.8300   -86.4498  -111.4630   -90.1596
   545.0000     0.0001    11.0400   268.4930    -0.1883    51.5306    67.5581   103.7250
   545.0000     0.0001    24.7910    92.9188    13.1162   -30.6681  -190.5310  -127.9410
   545.0000     0.0001    16.7210     0.8689    25.6722    19.9578   122.0030  -172.1370
   545.0000     0.0001    48.0164   111.0190    16.9668  -109.5080  -183.8170  -212.4120
   545.0000     0.0001    77.5719   157.5180    59.6809   140.8140  -235.1690   110.5130
   545.0000     0.0001    37.8897   283.3910   -15.0147    79.8074   124.7620    86.0956
   545.0000     0.0001    32.3511   259.6450    -5.9646    93.0440    76.0036   110.2230
   545.0000     0.0001   144.7900   108.3890    57.9677   309.3230    12.6823   -18.8530
   545.0000     0.0001    78.8343    54.9085    64.9338   -84.6001   -89.9117  -143.4110
   545.0000     0.0001    75.8231   230.6760    29.9805   121.5100   -37.9681   153.8600
   545.0000     0.0001    26.2845   288.1590  -101.8940    44.9588   150.0470    -6.0957
   545.0000     0.0001   306.9080    96.6569   134.5200     9.5134  -171.5170     4.4429
   545.0000     0.0001    77.9584   262.5660    24.1879   103.2360    14.7983   129.5130
   545.0000     0.0001    68.7682    48.4003    50.0038  -100.3890   -92.7554  -133.3180
   545.0000     0.0001    30.3387   266.8190    -9.7026    91.0319    71.4198    96.1138
   545.0000     0.0001    54.3660   197.0280     0.9471    78.4805   181.8240    87.0324
   545.0000     0.0001    83.6904    -6.2232   102.3050   -97.1841    34.4893  -183.6560
   545.0000     0.0001   134.5860   -65.1807   201.0280   -59.1348   -70.1799   -77.0434
   545.0000     0.0001    36.9719   304.4090   -57.5391    49.5111   149.8850    44.2626
   545.0000     0.0001    80.2551   156.7140    35.5394   114.2370  -219.6120   144.6030
   545.0000     0.0001    31.2697    78.8253     9.2323     4.5476   285.6140   -92.5093
   545.0000     0.0001    55.2625   215.5600    56.3387   130.9160   -77.3049   135.5690
   545.0000     0.0001    81.2991   123.4270    73.1633    51.6334  -375.6880   149.5550
   545.0000     0.0001    84.7696   -47.4841   122.6680   -92.4002    13.8763  -119.1780
   545.0000     0.0001    41.2162   262.2380    -8.5206   110.2890    63.3105    91.9440
   545.0000     0.0001    71.5603    57.5082    57.2830   -29.5570  -148.1630  -187.3170
   545.0000     0.0001    64.2698   190.5220   -12.5987   142.7010   162.6430    63.1528
   545.0000     0.0001    84.1978    88.0921    79.8591     9.8201  -379.3860  -117.5190
   545.0000     0.0001   109.1140   119.7280    84.6369    51.0273  -315.4410   129.5670
   545.0000     0.0001   121.1870   -79.9406   150.9870   -59.7699   -20.4918   -97.4407
   545.0000     0.0001    44.2532   201.3560    -4.7919    97.0997   153.9040    80.7137
   545.0000     0.0001    84.4477    78.9611    65.1785   -54.2452  -389.1490   -58.6059
   545.0000     0.0001    58.4872   276.2860   -49.6535    99.4877   111.2970    59.9397
   545.0000     0.0001    72.4792    51.1738    42.4981   -34.5418   -85.2076  -170.2490
   545.0000     0.0001    60.4373   264.3640    10.2594   112.5380    58.5755   129.7960
   545.0000     0.0001    92.2251    72.4564    70.8027     6.8986  -236.4800  -169.1810
   545.0000     0.0001    83.1989   -29.9792    88.1156  -144.6130    25.0439  -111.8610
   545.0000     0.0001    -5.2466   261.6050   -27.7671    59.8893   108.8000    72.8433
   545.0000     0.0001    72.0971    48.6040    50.2004   -41.1815   -98.3321  -147.6200
   545.0000     0.0001    47.0523   139.5230    53.1134   269.1760  -178.0460   206.1770
   545.0000     0.0001    62.4572    70.9747    22.8492   -58.7351   100.6350  -126.1290
   545.0000     0.0001   101.1410   100.0080    38.2255   181.8920  -134.7020     6.1882
   545.0000     0.0001    48.1228   285.1300    -0.6079    53.4300   107.1960   111.1940
   545.0000     0.0001    59.3201    54.4075    54.0340   -86.4796    -4.9101  -152.6490
   545.0000     0.0001    79.8924   149.4350    84.2708    71.0595  -245.5870   150.2160
   545.0000     0.0001    32.7514   275.1450   -41.7102    50.2306   129.3280    68.1605
   545.0000     0.0001    49.9487   215.0330   -31.1394    65.6146    89.7566    65.5098
   545.0000     0.0001    30.1717   205.2780     1.3009    77.9146   156.7930    87.7271
   545.0000     0.0001    67.4083   213.3120    37.5169   111.3680  -101.1920   181.7500
   545.0000     0.0001    85.4907   -20.7760   109.7940   -73.3405    33.4838  -167.4170
   545.0000     0.0001    32.6806   119.1220   -23.2177    45.0674   243.9350   -31.4050
   545.0000     0.0001    88.2826   114.6320    79.1143  -179.3310   104.1500  -315.0900
   545.0000     0.0001    64.8551    70.8320    66.0779   -66.3885  -151.7760  -232.2520
   545.0000     0.0001    64.8739    84.2958    70.2608   102.4690   249.7880   258.2910
   545.0000     0.0001    60.3566   284.6310    -7.7466    83.4024    70.4921    95.7315
   545.0000     0.0001    76.0076    51.8878    38.3165   -31.6186   -93.8497  -152.3660
   545.0000     0.0001    53.9968   289.9410     3.7006    92.7859   107.6680   107.9280
   545.0000     0.0001    67.5373   217.8270    47.5728   116.8080   -59.9915   182.4920
   545.0000     0.0001    61.9736   220.7760    47.3776   112.0670   -41.5392   212.5210
   545.0000     0.0001    13.5141    66.9311   -46.6999    85.3743    17.7703   154.8870
   545.0000     0.0001    45.7681   245.8710    23.2733   106.7230    61.4647   146.4600
   545.0000     0.0001     5.8198   298.9470   -22.5985    48.3822   117.5910    67.4760
   545.0000     0.0001    76.1615   157.7450    79.6471   110.5560  -212.8670   144.5980
   545.0000     0.0001    21.3536    85.8916     8.4712   -46.9343  -134.6640  -148.4020
   545.0000     0.0001   197.5030   -59.9635   235.6460   -42.0381   -92.2666   -37.3553
   545.0000     0.0001    91.9831    89.4220    81.4129    67.0579  -336.0670   -72.7964
   545.0000     0.0001    -8.6182   270.3850   -48.9962    31.5262   105.5250    58.5789
   545.0000     0.0001    84.6936    57.4707    75.0466   -71.2988  -153.2130  -134.7150
   545.0000     0.0001    69.7006   273.6470     7.6877   108.2330    53.3874   110.6310
   545.0000     0.0001    60.5479   269.2010    23.5093   109.6190    43.1338   128.4510
   545.0000     0.0001    51.4618   152.3980    40.7201   181.5050  -153.2270   270.6620
   545.0000     0.0001    73.7803    60.3979    61.0954   -68.0027  -271.5230  -157.3930
   545.0000     0.0001    32.7514   275.1450   -41.7102    50.2306   129.3280    68.1605
   545.0000     0.0001    84.9672   174.4980    51.8302    61.8095  -153.8400   132.7070
   545.0000     0.0001    72.2574    58.4684    31.1632   -59.8631    62.0670   -88.8698
   545.0000     0.0001    12.3352   274.4900   -23.4358    65.2430    97.6398    83.6035
   545.0000     0.0001    61.0393    54.3857    61.8298   -89.2656  -116.3730  -164.3290
   545.0000     0.0001    77.6119   177.8070    57.6653    80.6306  -124.7160   179.5200
   545.0000     0.0001    56.6172    81.1967    28.8111   -35.9512   190.6600   -47.8201
   545.0000     0.0001    62.0165    62.2885    48.1058   -32.5797   -53.2993  -218.7610
   545.0000     0.0001    82.2931   240.1750    37.7180   115.7870   -35.3642   159.2550
   545.0000     0.0001    49.2538   283.2580    -5.0906    80.7574   100.7400   109.1310
   545.0000     0.0001    50.8482   133.5460    17.3492   133.2330   243.7710    53.3974
   545.0000     0.0001    66.7021   251.8960   -60.4124    80.5416   116.0060    46.9929
   545.0000     0.0001    45.8200   115.4830    -8.3248    53.9113   287.1250   -30.3493
   545.0000     0.0001    89.5515   175.2820    52.4966    88.0024  -153.4220   119.8900
   545.0000     0.0001    79.3219    60.4183    77.4868   -63.9657  -175.6420  -128.6710
   545.0000     0.0001   119.8810    51.2315    61.6383   130.8790  -255.8700   -54.9198
   545.0000     0.0001    72.6637    52.3775    41.2475  -120.6500   -56.2972  -122.7220
   545.0000     0.0001    74.5155   232.0610    64.4451    82.0505   -57.2354   167.3870
   545.0000     0.0001    80.1944   225.9440    33.0322   133.9920   -33.3511   179.1480
   545.0000     0.0001    36.7595    24.6401    31.2045   -39.4609   167.8020  -189.4860
   545.0000     0.0001    62.3051   185.7260   -70.0433   130.0020   125.3240    25.7675
   545.0000     0.0001    29.1871     1.2932    23.5704    27.8288   136.3530  -171.0770
   545.0000     0.0001    86.0100    65.4810    66.6597   -56.4110  -247.0780  -166.1940
   545.0000     0.0001   195.5670   -28.0693   170.7820   -90.2869   -90.0777   -55.7715
   545.0000     0.0001    31.9308   272.2750     0.2778    95.7983    89.6930    96.1071
   545.0000     0.0001    71.5113   226.5710   -31.3073   103.1570   118.6300    71.6283
   545.0000     0.0001    73.0328   272.4920    27.9817   121.6150    45.8600   115.6360
   545.0000     0.0001   160.0720   -50.8254   200.7440   -47.0333   -52.3209   -85.8283
   545.0000     0.0001    46.0537   105.7400   -28.6448    65.3588   -23.3525   240.6310
   545.0000     0.0001    89.1209    91.8165    69.9769   -40.0451  -423.1140     3.6529
   545.0000     0.0001    71.0801   252.5890    25.9337   121.1880     2.8016   137.9090
   545.0000     0.0001    37.8816   239.8860     7.9538    94.3502    64.3335   143.6910
   545.0000     0.0001    99.2119    70.8272    58.3488    44.5279  -299.7230  -173.8020
   545.0000     0.0001    77.6392   261.9930    57.1722   110.6490    42.9723   183.0430
   545.0000     0.0001    55.4001   240.2050    30.1915   114.7540    44.8247   175.1250
   545.0000     0.0001    29.8720   217.0400    -4.4520    40.0816   117.4140   119.8320
   545.0000     0.0001    75.1860    68.2072    65.0251  -115.2010  -251.7850  -112.5870
   545.0000     0.0001    42.0713   310.1120   -58.2018    63.6062   146.3700    40.5688
   545.0000     0.0001    77.2539   179.6300    63.6870    86.2312  -108.4470   173.2860
   545.0000     0.0001    84.8504   111.4040    76.2314   -53.9389  -415.9800   103.4640
   545.0000     0.0001   104.2410     1.6013   139.9490   -61.2432    -7.6339  -182.1720
   545.0000     0.0001    96.0130    82.9517    74.8474    -7.9822  -339.0760  -114.7630
   545.0000     0.0001    53.2857   240.5900    19.5607   111.8810    25.1845   157.2580
   545.0000     0.0001    19.7742   310.5100   -11.6100    40.6040   134.5800    81.0189
   545.0000     0.0001    73.9638    64.9734    61.3301   -82.9375  -233.6310  -142.7370
   545.0000     0.0001    77.4679    64.0009    60.5424   -24.2004  -282.4740   -97.7119
   545.0000     0.0001    18.7731   242.9630   -22.5771    69.9601    83.6731   106.9180
   545.0000     0.0001   125.1560    74.7023    91.3881   258.7770  -163.7810   109.8260
   545.0000     0.0001    81.8960   255.1650    26.2318   130.9910    16.2491   140.0170
   545.0000     0.0001   118.7020    59.1565    68.6541   168.4320  -267.0010   -37.4913
   545.0000     0.0001   -15.1017   252.9520   -92.8484    40.2801   141.2020    -7.9422
   545.0000     0.0001    77.9000   116.2520    53.2724   136.0190   -82.5643    45.9696
   545.0000     0.0001    69.0703    58.0578    51.1112   -58.8335  -134.4020  -183.8150
   545.0000     0.0001   125.7070    39.1081    60.6027   132.0930  -235.5430   -29.6088
   545.0000     0.0001    36.3080   269.0980   -50.9441    70.2200   121.7940    59.3932
   545.0000     0.0001    25.6566   245.0580   -17.6900    81.0252    82.2605   113.3070
   545.0000     0.0001    42.1613   125.4630   -15.6795    96.5231   252.5250   -47.2238
   545.0000     0.0001    16.6743   170.7010    -7.0280    56.9465   195.3390    65.8675
   545.0000     0.0001   155.4680    55.0785    53.6773    -0.8304    -7.8162    -8.1008
   545.0000     0.0001    47.6218   240.1750    41.8007   120.4800   -13.0090   110.2070
   545.0000     0.0001    25.9692   198.8870   -36.5211    96.4659   113.5860    95.5350
   545.0000     0.0001   117.8240    90.2512    74.7191   362.7180  -136.0840    58.9516
   545.0000     0.0001   260.6200    59.5874   130.6290   -28.3067  -187.2710    -6.3942
   545.0000     0.0001    47.9669   253.0880    25.1622   115.3910    13.0118   112.5970
   545.0000     0.0001    40.9058   255.4330    14.6371    99.9799    70.2843   132.6280
   545.0000     0.0001    71.5320    54.8960    43.9630   -46.5049  -101.5330  -181.5430
   545.0000     0.0001    15.7460   218.7280     2.4014    46.7977   107.9080   113.5280
   545.0000     0.0001    32.7173   285.5590    28.0136    63.5746    69.9814   118.4570
   545.0000     0.0001     1.1976   251.6790   -67.1400    55.7946   128.9040    39.7484
   545.0000     0.0001    57.0342    51.8419    52.4522   -45.7792   -25.7309  -142.9450
   545.0000     0.0001    93.8426    92.1767    77.2105    14.0095  -373.6250   -97.7590
   545.0000     0.0001    26.4828   247.4360     1.7962    83.6643    38.2728   121.9580
   545.0000     0.0001    60.8122   298.5550    18.8220    68.9538    89.5516   110.7150
   545.0000     0.0001    26.2100   219.2460     1.1676    76.3405   130.1490    94.9198
   545.0000     0.0001    44.4722   161.6140    64.5946   243.1370  -147.8120   132.4280
   545.0000     0.0001    80.7960   219.9980    54.6618   157.8310   -88.1782   192.1510
   545.0000     0.0001    62.5353   205.2560    -5.7627   137.3840   146.1870    82.9259
   545.0000     0.0001   -11.8198   269.7610   -54.0336    50.9910   125.5960    35.0270
   545.0000     0.0001   136.9270    69.2039    81.4774   255.7320  -159.4670    53.3117
   545.0000     0.0001    -6.4171   264.1610   -43.1844    40.0916    97.4535    64.0738
   545.0000     0.0001    76.1641   127.4990    67.5174    88.7617  -353.5270   187.8430
   545.0000     0.0001    68.8564   262.0700    20.6553   123.3730    64.7196   138.3890
   545.0000     0.0001    84.1963   227.5340    39.5654   134.7760   -48.2974   184.1290
   545.0000     0.0001    83.9193    65.7177    65.1214   -78.7543  -251.2580  -168.6710
   545.0000     0.0001    93.1244   145.6290    81.1083    79.4423  -258.7690   141.4030
   545.0000     0.0001    49.1705   188.4970    -7.2014   115.9630   180.2900    65.2451
   545.0000     0.0001    67.6981   217.9610    36.3516   104.7150   -60.1422   193.1550
   545.0000     0.0001    65.1733   160.2000   -31.8434   151.0870   184.7460    41.1157
   545.0000     0.0001    34.1045   112.4320   -17.1507    95.3275   246.1940   -61.1657
   545.0000     0.0001    36.9775   280.6430   -55.9715    79.7579   128.1490    50.7972
   545.0000     0.0001    94.8866   104.3140    85.0375    29.7589  -389.4440   -40.2404
   545.0000     0.0001     8.1054   161.5690   -48.8870    69.0254   166.3840    21.2696
   545.0000     0.0001    86.0100    65.4810    66.6597   -56.4110  -247.0780  -166.1940
   545.0000     0.0001    59.9586    56.2379    47.5054   -69.8221   -67.8502  -190.2560
   545.0000     0.0001    96.3778   232.5460    42.8347    84.6124   -50.7278   143.8550
   545.0000     0.0001     3.2627   292.8260   -81.8694    18.2151   138.3900    18.0983
   545.0000     0.0001    65.3595   263.9910    25.7758   115.1690    74.7813   148.1270
   545.0000     0.0001    46.8024   251.0990    10.1284   112.6270    55.6003   135.3480
   545.0000     0.0001    90.3945   165.8100    64.7703   167.0900   -54.1319   194.4990
   545.0000     0.0001     7.8417   295.3870   -38.5866    25.7672   131.1140    63.2358
   545.0000     0.0001    69.8404    53.0368    51.3733   -36.4405   -88.4095  -162.7450
   545.0000     0.0001    84.4750    90.6008    89.5304   -16.3030  -347.1710   -63.3217
   545.0000     0.0001    80.4885    49.1978    54.7855    -2.7659  -101.9530  -148.7140
   545.0000     0.0001    71.6863    63.1937    60.6514   -61.9819  -229.5810  -164.6160
   545.0000     0.0001    94.5214   269.4990     4.7670    94.6187    48.9940   117.9300
   545.0000     0.0001    90.5873   140.5130    78.5136    87.3337  -262.6160   197.0600
   545.0000     0.0001    38.4311   137.7160    -2.7342    67.1471   270.7300    -5.6203
   545.0000     0.0001    26.5561   263.0460     5.4061    85.5966    72.4843   114.4900
   545.0000     0.0001   104.4470   121.7160    67.1782  -145.7360   -80.3225   -17.9474
   545.0000     0.0001    48.0164   111.0190    16.9668  -109.5080  -183.8170  -212.4120
   545.0000     0.0001   157.9840   -43.1491   198.5820   -50.4577   -53.0211   -92.5511
   545.0000     0.0001    55.8027   181.1670   -43.9081   117.2940   156.6800    37.7231
   545.0000     0.0001    59.6062   211.7860    41.9182    80.5484   -62.2425   214.7450
   545.0000     0.0001   119.8810    51.2315    61.6383   130.8790  -255.8700   -54.9198
   545.0000     0.0001    82.9790   143.4940    67.7481    84.2188  -289.1600   136.6910
   545.0000     0.0001    86.2231    94.9538    79.8786  -112.1400   240.7300  -274.7790
   545.0000     0.0001    60.1156    55.5951    45.3674   -69.3970   -80.6117  -175.7470
   545.0000     0.0001    27.2882   278.6050    -1.2671    47.9571    72.6796   100.9740
   545.0000     0.0001     4.9966   276.4630  -113.5500    33.6523   151.4680   -14.2911
   545.0000     0.0001    45.9618   111.3490    14.9024  -105.6900  -179.0040  -204.8300
   545.0000     0.0001    62.8249    56.5383    47.2215  -120.2450  -107.4060  -157.0050
   545.0000     0.0001    37.1049   253.7300   -37.3889    91.6216   110.8470    77.1593
   545.0000     0.0001    44.5090   259.5260   -20.1791   106.5470    84.9596    95.1366
   545.0000     0.0001   134.7190   149.9070    78.9827    84.8495  -178.4280    59.5409
   545.0000     0.0001    84.3823    86.0543    87.3157   -71.6826  -297.4900   -85.1040
   545.0000     0.0001    41.2115   224.6420    11.6240    85.6684   132.3190   109.9670
   545.0000     0.0001    14.3668   217.7330   -37.6417    55.3814   132.5060    66.2660
   545.0000     0.0001    72.0136    51.8412    37.0129   -35.6971   -51.5815  -161.9260
   545.0000     0.0001    87.5375   125.2680    90.1898   105.6520  -285.8330   203.7110
   545.0000     0.0001    68.6135   219.9820    44.4538   126.9500   -65.4540   167.6910
   545.0000     0.0001   -35.0717   219.1680   -44.4531    35.3706   105.7860    56.3232
   545.0000     0.0001   312.2900   227.1790   157.9030    84.4340  -158.1520    37.2545
   545.0000     0.0001    53.3498   261.7190    24.4275   113.4350    41.7541   131.8220
   545.0000     0.0001   -13.6996   283.2510   -72.6659    27.4740   143.6440    22.2673
   545.0000     0.0001   -24.4958   231.3160  -100.9820    22.6123   134.9420   -11.3838
   545.0000     0.0001    79.2964   181.2900    71.1103   130.3640  -134.8750   160.6070
   545.0000     0.0001    38.8593   252.4980     4.3116    63.7300    91.7903   111.6600
   545.0000     0.0001    97.4408   127.9630    81.7078  -326.4680   -65.4467     9.8113
   545.0000     0.0001    65.0590   273.4740   -36.6693   104.5430   108.4470    71.6402
   545.0000     0.0001     9.4713   301.1790   -13.1963    35.3276   121.2920    81.3704
   545.0000     0.0001    92.2335   123.2300    83.3873   200.0920  -349.2170    -6.7515
   545.0000     0.0001    31.1378   195.7380    -3.4250    79.2148   171.8450    81.7841
   545.0000     0.0001    67.5749   248.4420    46.3525   130.6000    -1.8921   148.3440
   545.0000     0.0001    82.7191    81.2893    64.9643     2.1386  -379.3590  -121.3950
   545.0000     0.0001    88.7925   118.7490    76.2036   -70.6400  -381.3930   114.9600
   545.0000     0.0001    71.5603    57.5082    57.2830   -29.5570  -148.1630  -187.3170
   545.0000     0.0001    71.0179   276.0810    30.7709   110.4960    68.0698   141.1090
   545.0000     0.0001    31.1180   287.1790   -41.1022    36.1727   128.8340    68.1161
   545.0000     0.0001    85.0703   279.9150    19.4818   113.9950    76.2399   134.1370
   545.0000     0.0001    62.7856   223.5990    32.8378   141.7180   -27.2214   174.7700
   545.0000     0.0001   -13.7729   290.0400   -71.3285    13.3180   147.7660    26.0875
   545.0000     0.0001    86.2529   244.1280    31.4867   134.4790   -24.5617   124.9590
   545.0000     0.0001    17.3313   161.3220    -0.2577     2.0841   207.6200    78.7259
   545.0000     0.0001    67.2255   162.0700    60.2463    58.0916  -205.4070   149.6460
   545.0000     0.0001    12.2798   264.6230   -39.8667    66.4376   115.1390    67.9045
   545.0000     0.0001   198.4080   -59.7040   229.4310   -33.4650   -76.3904   -50.4736
   545.0000     0.0001    73.3157   139.2130    78.4037    84.2721  -296.7580   127.0990
   545.0000     0.0001    87.3829    86.8058    69.3592    33.4320  -386.2620  -155.3490
   545.0000     0.0001    91.5661    79.8900    82.6649    38.5680  -299.2940   -81.4603
   545.0000     0.0001    84.3823    86.0543    87.3157   -71.6826  -297.4900   -85.1040
   545.0000     0.0001    29.3927    82.1487    22.4892   231.5890    66.6861   271.0850
   545.0000     0.0001   146.4690   -41.8232   175.2760   -65.8394   -38.6265  -102.7690
   545.0000     0.0001    72.4676    56.5965    56.6960   -80.1610  -195.7900  -117.4240
   545.0000     0.0001    13.7364   252.6350   -22.5691    68.3419    88.7324    99.8282
   545.0000     0.0001    24.2805   186.1800   -14.4262    48.7634   170.3620    88.1126
   545.0000     0.0001    96.8410   121.8340    74.3008    73.2888  -349.8480   117.5020
   545.0000     0.0001   306.4300    40.9884   184.0390   -25.7053  -133.9690    -1.8832
   545.0000     0.0001   -10.2297   232.6230   -90.5182    34.5196   133.6430     2.1297
   545.0000     0.0001    96.2601   220.3890    56.1588   131.5910   -87.0203   186.8490
   545.0000     0.0001    30.6753    94.2170   -25.0149    -7.6747  -152.0840    -3.0028
   545.0000     0.0001    86.5754   246.7870    31.8928   135.5310     0.4823   158.9960
   545.0000     0.0001    42.3712    76.5543    11.6548   -12.6153   273.0090  -166.8390
   545.0000     0.0001    74.6496   177.2090    45.7837    58.8766  -131.3230   139.0790
   545.0000     0.0001   183.0630   -57.6815   203.0300   -54.3652   -69.7540   -58.6251
   545.0000     0.0001    32.8835   242.4610   -46.1824    77.7689   120.6070    49.3766
   545.0000     0.0001   127.1570    77.3053    57.5654   294.2170  -186.8190   -39.3567
   545.0000     0.0001    63.7246    53.5440    55.7432   -51.2137    -8.3237  -146.6220
   545.0000     0.0001   159.9010    28.3284   102.6230   -81.4305    89.8047    -0.6290
   545.0000     0.0001    61.1195     9.6681    70.8229   -87.2955   100.6970  -207.0810
   545.0000     0.0001    86.6799    76.9803    66.3110    29.6044  -342.4060  -128.5500
   545.0000     0.0001   294.8250   -13.1469   158.1500   -32.6540  -125.8180    -4.5722
   545.0000     0.0001    60.3033    99.5624    50.7960   395.0570   -37.8278   -44.6899
   545.0000     0.0001    87.9531   249.0260    37.3677   148.2480    36.7157   172.6760
   545.0000     0.0001    60.5835   224.9830   -22.5594   122.0660   118.0220    72.4412
   545.0000     0.0001    56.9659   224.7730    21.9346   136.6190   -15.4972   153.1230
   545.0000     0.0001   106.3950   155.5110    97.9779    92.7921  -134.1750   146.8690
   545.0000     0.0001   102.0580   161.2680    68.1834   172.0760  -112.0610   152.4480
   545.0000     0.0001   226.8840   -32.8468   242.0020   -36.4773   -96.0065   -27.8308
   545.0000     0.0001   299.6650    57.6142   134.7620   -14.8717  -157.9160     1.0488
   545.0000     0.0001   123.3340    92.1253    57.6814   354.9040  -113.8870   -58.2781
   545.0000     0.0001   124.1790    46.0878    60.5440   133.6010  -229.6450   -56.3502
   545.0000     0.0001    55.2483   123.5580    24.2926   115.4560  -106.8280   350.8140
   545.0000     0.0001   159.4650   -25.5176   184.0290   -67.4809   -58.9084  -101.8670
   545.0000     0.0001   140.3330    69.1009    70.3123   253.9330  -155.7340     8.8181
   545.0000     0.0001    41.2561   238.1490   -57.4480   113.4940   106.9230    45.6571
   545.0000     0.0001   113.5750   -38.0540   127.7890   -94.8439   -14.7234  -130.7760
   545.0000     0.0001    30.3818   219.6410     7.4838    86.5493   132.1030    99.5319
   545.0000     0.0001    71.7256    49.3685    43.4680   -28.7334   -80.6238  -156.3110
   545.0000     0.0001    83.1859    62.6314    55.1816   -80.4227  -209.5590  -193.1150
   545.0000     0.0001   266.3090    -9.1776   164.1360   -48.7379  -125.6210    -9.0924
   545.0000     0.0001    66.9518   187.2040    63.2932    91.4477   -91.1450   146.5340
   545.0000     0.0001    87.5271   183.0740    66.2939   125.3180  -131.0980   149.5490
   545.0000     0.0001   100.9620   -43.0820   114.7970   -87.8902    21.7290  -128.3020
   545.0000     0.0001   -11.3954   231.5180   -82.7059    30.7268   133.4230    17.6785
   545.0000     0.0001   262.0900   308.6090   147.3280   134.0150  -133.9810    42.1243
   545.0000     0.0001    62.0983   237.2100    43.4684   129.8770    -5.4745   177.8090
   545.0000     0.0001    59.8491   131.1670    53.6369   234.9850  -239.9510   292.6460
   545.0000     0.0001    68.5867   223.8700    29.4814   157.6890   -28.4029   157.5870
   545.0000     0.0001     3.3380   201.6160     8.5896   130.9790   -17.5627    48.8268
   545.0000     0.0001    22.3425   286.9460   -41.3468    71.8967   117.7890    57.9116
   545.0000     0.0001    74.4417   135.8680    70.6772    93.9201  -317.9540   145.1600
   545.0000     0.0001    21.7431   206.4720    10.5007    29.3031   128.6530   125.1770
   545.0000     0.0001   159.2250   -34.2803   181.2630   -63.7362   -54.3139  -101.4470
   545.0000     0.0001    71.4335   130.9550    78.1937   -52.2442    44.0025  -124.8340
   545.0000     0.0001    68.7378   181.3770    58.8484    79.7399  -101.4770   172.8340
   545.0000     0.0001    72.9701    52.8125    42.4029   -38.9150   -36.3780  -159.3180
   545.0000     0.0001    51.4186   285.9360    -2.7879   101.4310    82.6623    89.5175
   545.0000     0.0001    69.6336   113.0980    68.5017  -406.5810   -63.2766  -187.3790
   545.0000     0.0001    45.4467    95.5061    47.1971  -282.7880   -49.0339   -27.0730
   545.0000     0.0001   148.9070   -55.1322   193.5870   -49.1372   -44.5157   -91.7495
   545.0000     0.0001    89.4862   248.6490    35.9307   136.9760    -7.2242   141.1840
   545.0000     0.0001    34.2819   301.6790     4.6743    59.9325   126.2690    97.8815
   545.0000     0.0001    76.8147    69.1951    70.6884  -124.4910  -289.5510   -20.6660
   545.0000     0.0001    77.5385    65.8894    74.5570    83.0277   283.9050  -143.7100
   545.0000     0.0001   124.0290   -36.8991   147.4390   -82.3891   -17.2458  -122.6370
   545.0000     0.0001    62.8094   181.4000   -20.2383   124.7320   180.9830    43.6442
   545.0000     0.0001    53.4875   279.5510    18.7424    89.2741    81.9914   131.8760
   545.0000     0.0001    43.4938   138.4540   -38.4235   120.0000   201.5720    -7.9620
   545.0000     0.0001   146.8610   -56.9805   191.0960   -52.0465   -38.7327   -89.5437
   545.0000     0.0001    46.6622   115.9110    32.1941  -129.2820  -173.3090  -252.6430
   545.0000     0.0001    73.2363    49.6976    46.5849   -51.4736   -60.9047  -171.4740
   545.0000     0.0001    26.4667    72.0553   -21.1030    38.3506   217.5850  -107.6580
   545.0000     0.0001    56.9834   254.1740    25.2573   130.0310    34.0011   134.7970
   545.0000     0.0001   -10.1987   283.6670  -108.9290    27.5909   149.6390   -25.9188
   545.0000     0.0001    23.9719   265.3550   -62.5353    67.0765   131.3240    46.1392
   545.0000     0.0001    76.3717   174.4430    59.2491    90.9054  -147.4490   165.1090
   545.0000     0.0001    56.9265   246.4350    -4.8675    78.0384   116.0210    94.5903
   545.0000     0.0001    92.1538    52.7037    47.5671     4.9966  -116.6540  -138.3960
   545.0000     0.0001    55.4893    56.7441    35.4179    49.6060    20.0753   261.6650
   545.0000     0.0001    84.9548    88.5089    71.1198  -116.3630  -385.0900    89.2633
   545.0000     0.0001    58.8836   228.4760    31.8514    92.6399   -52.3063   156.9180
   545.0000     0.0001    78.5809   231.4300    49.1974   137.4630   -62.5648   158.6780
   545.0000     0.0001    76.5999    44.9992    48.4966   -30.3376   -37.7730  -100.4790
   545.0000     0.0001    78.3709    66.6112    71.5031   -25.7364  -319.2380  -135.0160
   545.0000     0.0001    -8.0820   291.3310   -59.7135    15.3533   140.4780    39.8772
   545.0000     0.0001    58.5767   199.1680    -3.6924   121.5360   164.1560    82.2649
   545.0000     0.0001    92.2941    26.7973    27.6225     9.4434  -123.8200  -111.2230
   545.0000     0.0001    82.2643   153.2820    71.7456    80.1446  -242.8760   150.2470
   545.0000     0.0001    94.5425   166.9170    75.5468    97.4423  -180.4000   150.0240
   545.0000     0.0001   237.4640   -46.2426   273.1770   -18.2961   -94.3490   -16.3236
   545.0000     0.0001    77.1939    -9.2912    89.0088   -97.3759    64.4853  -175.0230
   545.0000     0.0001   128.8450   130.6610    60.7811   294.1320   153.2210    -9.4547
   545.0000     0.0001    71.5264   253.0120     6.0828   127.4290    37.9373   129.4630
   545.0000     0.0001   288.2030    19.7839   148.9020   -41.5870  -140.5260    -2.9790
   545.0000     0.0001    74.8163    51.0929    61.4642   -20.5717  -122.9850  -140.3380
   545.0000     0.0001    87.6193   126.9330    85.6671    84.3013  -326.5120    85.2387
   545.0000     0.0001    69.6837   147.8710    66.3660    36.4873  -274.0610   196.9190
   545.0000     0.0001   125.7070    39.1081    60.6027   132.0930  -235.5430   -29.6088
   545.0000     0.0001    78.1208    54.6076    41.8909   -27.5437  -101.8890  -166.5360
   545.0000     0.0001    72.5012   161.7270    71.3229   101.5480  -174.4600   217.9460
   545.0000     0.0001     7.3864   208.6150   -16.0785    77.1423   136.7390    72.8671
   545.0000     0.0001   271.7790    84.9969   132.4590    -0.0770  -190.2950     6.6769
   545.0000     0.0001    83.4680    63.8039    59.6618    -3.5071  -203.0120  -179.5370
   545.0000     0.0001    95.1365    88.7373    92.3089  -118.2750   193.5310  -203.9590
   545.0000     0.0001    40.5326    84.0500    -1.1114   -14.5369  -201.3810  -109.1450
   545.0000     0.0001    99.4340   249.9900    -6.7088    85.4918    84.2371   122.1680
   545.0000     0.0001    87.4362   230.7180    24.2351    91.2641   -49.5621   136.4080
   545.0000     0.0001    49.2731   186.7500   -37.1332   118.7480   156.0780    44.0720
   545.0000     0.0001    -9.1891   272.7460   -85.0886    14.1129   142.0540    17.3719
   545.0000     0.0001    86.2287    61.2904    62.7359    42.0313  -260.8480   -94.1772
   545.0000     0.0001    33.6889   110.4320    -0.4574    58.5718   282.9780   -62.0947
   545.0000     0.0001    36.1773   106.8280    -2.5321    62.4790   278.0800   -83.0609
   545.0000     0.0001    67.0930   240.3320    32.8751   144.5150     0.4254   155.0910
   545.0000     0.0001    89.1674   184.9140    68.5506   121.6060  -129.5630   139.2180
   545.0000     0.0001    58.6987    52.2105    52.7648   -66.8144   -55.8126  -157.9130
   545.0000     0.0001    41.7266    87.0297   -11.0595   -16.6479  -212.8030   -56.7154
   545.0000     0.0001    99.2730   129.9580    82.4443    50.3819  -313.8030    82.1920
   545.0000     0.0001    36.2593    80.1910   -25.0569    25.4860  -129.3850    56.2948
   545.0000     0.0001    95.1330    78.3655    81.0608    47.3004  -305.1810   -52.3833
   545.0000     0.0001    71.7898   242.9800   -39.6338   107.9460   107.6220    61.1048
   545.0000     0.0001    61.5281   170.2890   -11.9509   120.5650   211.5620    32.8534
   545.0000     0.0001    70.2243   188.2960    39.0870   122.9010   -67.4805   228.6080
   545.0000     0.0001    18.3087   252.9800    -4.4091    59.3073    50.8126   114.6120
   545.0000     0.0001   171.6740   -40.7957   187.6430   -45.5774   -55.8203   -97.9703
   545.0000     0.0001    86.2192   163.0690    77.2977    55.5968  -219.3050   144.4220
   545.0000     0.0001    81.4342   102.8380    75.3786   119.0980  -428.3810   -47.6661
   545.0000     0.0001    74.1792   247.6600    11.0472    71.7777     1.9865   135.9280
   545.0000     0.0001   291.9050    32.3512   144.7680   -33.1036  -149.1970    -0.7736
   545.0000     0.0001    83.8307   119.6990    72.2201    24.5439  -395.6930   143.6280
   545.0000     0.0001    83.0514    62.0638    66.6054   -64.2973  -301.7140  -133.9810
   545.0000     0.0001    30.3849    88.3886     2.4746   -25.7855   273.7840   -85.8012
   545.0000     0.0001    72.5464    45.2138    66.0024   -75.7475  -117.9270   -84.3290
   545.0000     0.0001    82.8420   179.2150    55.4867    20.0454  -153.9150   140.1320
   545.0000     0.0001    65.7484   180.0230    57.2552    99.2006  -118.1410   142.9480
   545.0000     0.0001    32.3494   158.8020   -12.6549    93.9960   221.1680    33.4148
   545.0000     0.0001    13.6202   251.1810   -48.5937    48.4191   126.1280    50.9727
   545.0000     0.0001    83.6804   128.7800    69.2343   266.6500  -334.6780   202.4470
   545.0000     0.0001   167.2780   -57.4566   199.1970   -51.9856   -56.2706   -76.9011
   545.0000     0.0001    53.1245   271.5930     7.0277   106.3730    58.1509   110.5600
   545.0000     0.0001    73.1387   147.2340    72.1180   120.5360  -254.7550   142.0400
   545.0000     0.0001    50.5505    26.9716    40.8705   -60.6367   178.8450  -198.6620
   545.0000     0.0001    78.6273    78.7900    66.5500   -29.2617  -347.5720  -155.5450
   545.0000     0.0001   128.7120    42.1003    77.8152   148.2770  -211.0430     8.0059
   545.0000     0.0001    49.1337   218.9940   -14.1332    70.6149   132.7340    87.2510
   545.0000     0.0001   148.6390   175.3730    51.5098   138.8510   119.8380    -6.3264
   545.0000     0.0001   136.7270   -60.5890   161.3430   -82.6806   -38.7150   -82.8672
   545.0000     0.0001    71.7813   279.5490    -1.1829   100.9060    94.4228   114.9940
   545.0000     0.0001    87.1049   181.0120    63.5536   106.2200  -127.7240   137.9990
   545.0000     0.0001    18.4592   161.0810    -9.6453    14.0376   203.8610    72.8963
   545.0000     0.0001    72.5439   159.3470    59.5279    58.6060  -224.0330   141.9140
   545.0000     0.0001   108.9360   110.8820    64.6462   420.2000   103.3240    36.5836
   545.0000     0.0001   -19.2717   285.4030   -69.6102    11.8054   138.3130    27.4635
   545.0000     0.0001    62.9495   243.8790     7.4455   102.8200    80.9284   148.8200
   545.0000     0.0001    84.4967    57.9082    53.6200    -6.9254  -148.0160  -171.2040
   545.0000     0.0001   191.6860   -50.9600   130.2050  -110.4850   -70.4234   -39.1031
   545.0000     0.0001    84.9672   174.4980    51.8302    61.8095  -153.8400   132.7070
   545.0000     0.0001    87.1347   224.1660    57.3587    79.2088   -77.7634   193.7120
   545.0000     0.0001    23.6846    81.1936   -12.4865    23.7453   235.7300  -100.9620
   545.0000     0.0001     6.3831   246.7980   -57.7885    59.1799   127.3810    33.2954
   545.0000     0.0001    95.4379    71.2012    65.6676    58.6727  -260.8170  -142.7110
   545.0000     0.0001    70.0442    53.4146    39.4106   -41.7483   -75.6939  -165.1840
   545.0000     0.0001    71.0641   291.7900   -58.5982    76.8383   133.4910    45.6664
   545.0000     0.0001    68.1187    53.2335    52.5065  -124.5720  -113.3210  -147.2050
   545.0000     0.0001    78.1385   267.8350     1.0390   122.7080    91.9158   109.0270
   545.0000     0.0001    58.1766   210.0940    32.8802   136.9320   -70.0882   166.2810
   545.0000     0.0001   101.3450    56.5967    74.0201   119.0510  -303.2700    -9.9765
   545.0000     0.0001    26.7682   103.4120    -2.9177    38.4430   274.3290   -54.5161
   545.0000     0.0001    75.3037    60.7333    61.9374   -48.9614  -201.5870  -143.0040
   545.0000     0.0001    -2.2176   271.0530   -53.6746    42.9901   123.8560    52.2757
   545.0000     0.0001   307.6870   -11.0321   183.4140   -25.9112  -119.9730     5.3267
   545.0000     0.0001    54.7253   243.3660   -61.7478    81.4057   122.4320    51.0713
   545.0000     0.0001    73.4973   223.1760    46.3533   140.2110   -58.3442   186.1050
   545.0000     0.0001    66.8496   257.4600   -48.9611   110.7000   113.8120    52.7867
   545.0000     0.0001    38.2393   269.4960   -16.5766    95.7045    87.0272    91.6077
   545.0000     0.0001    64.1265   198.5810   -45.9608   122.5370   135.2340    52.7279
   545.0000     0.0001   146.1850   -61.8704   202.7630   -59.2728   -72.4290   -72.3145
   545.0000     0.0001    94.9553    78.1190    72.8958   -30.3995  -340.1730   -30.5412
   545.0000     0.0001    67.6440   226.0460    53.1113   153.5910   -28.7581   183.9130
   545.0000     0.0001   106.7190    42.8917    46.4046    46.2971  -207.5790  -123.0210
   545.0000     0.0001    24.9773   278.9890   -15.2239    83.5633   106.4590    78.4542
   545.0000     0.0001    32.2418   195.4880     7.4486    65.9587   174.0360    96.2306
   545.0000     0.0001   123.5090    42.7475    67.9868   131.8150  -232.9150   -17.7626
   545.0000     0.0001    14.8246   284.8940     6.7666    44.8767    88.2048   103.9690
   545.0000     0.0001    70.5453    65.3482    61.6360   -80.8992  -232.7240  -169.8000
   545.0000     0.0001   103.7360   165.5000    67.6732   171.7250  -190.5630   173.0660
   545.0000     0.0001    59.8798    50.8796    54.3173   -52.1753   -67.6237  -149.7650
   545.0000     0.0001    16.6743   170.7010    -7.0280    56.9465   195.3390    65.8675
   545.0000     0.0001    40.5435   238.0530    30.8279   108.0470    -8.7504   136.0380
   545.0000     0.0001    46.1943   246.0010   -91.1057    84.8342   120.0260    19.5198
   545.0000     0.0001    77.3886    51.8368    50.7466   -47.8748   -67.1757  -146.0150
   545.0000     0.0001   115.2710   -51.3950   148.2630   -91.0244   -31.8601  -105.2200
   545.0000     0.0001    92.0926   -28.7329   121.6460  -101.9060    -0.1057  -140.8150
   545.0000     0.0001    54.3106    63.5583    25.9215   -68.4341    11.3622  -166.3220
   545.0000     0.0001    79.1163   -52.4622   126.6390   -44.3009    16.6726  -142.1060
   545.0000     0.0001    68.1187    53.2335    52.5065  -124.5720  -113.3210  -147.2050
   545.0000     0.0001   113.5770   252.0400   -14.2934   125.4690    76.9256    93.1156
   545.0000     0.0001    41.7151   284.6970    18.3042    53.3775    95.7536   129.3690
   545.0000     0.0001    65.6259   219.7380    61.2952   142.9630   -67.5207   187.7590
   545.0000     0.0001    83.4219   119.1780    89.6111    99.9371  -331.7010    66.3028
   545.0000     0.0001    67.1758   243.9860   -23.1706   110.5630   106.2370    92.8650
   545.0000     0.0001    65.1516   131.5920    57.5020  -244.8020   -45.5264  -267.8710
   545.0000     0.0001    52.9891   278.2700    -3.3206    97.5078   115.3670    98.9590
   545.0000     0.0001   111.0380    47.5265    75.9429   102.6470  -270.4230    -5.7204
   545.0000     0.0001     8.6231   208.7420     5.7284    42.2966   111.4460   115.7560
   545.0000     0.0001   102.6650   157.5460    84.2893   112.7380  -220.0170   180.9590
   545.0000     0.0001    59.9122   225.5650    48.6539   141.3310   -41.3042   173.6980
   545.0000     0.0001    46.9677   241.9600   -18.3220    79.1233    48.8498   127.8120
   545.0000     0.0001     6.9313   121.2750   -15.0402   128.1410   -14.7897   169.8280
   545.0000     0.0001    58.5308   202.4180   -24.1678   126.2650   139.8560    63.7794
   545.0000     0.0001    47.4958   287.4140    14.0467    96.7771    95.2945   106.6750
   545.0000     0.0001    89.5316    57.3487    56.7289    22.5589  -178.3450  -146.7740
   545.0000     0.0001    46.5727   270.4820    -2.0150    96.9992    86.5021   114.2330
   545.0000     0.0001    75.0332    69.4838    67.5818   -64.8133  -275.9170  -154.4570
   545.0000     0.0001    62.5692   263.8450    -4.3207   118.1710    68.2377   112.2650
   545.0000     0.0001   -15.0924   213.1090   -71.1005    16.0408   125.0590    37.9525
   545.0000     0.0001    87.2763   131.2070    57.0847   123.2490  -343.5570   177.4170
   545.0000     0.0001    73.3195   243.2420    55.9450   137.1390   -18.7757   156.0640
   545.0000     0.0001     2.9891   273.9470   -30.9100    22.9714    94.7888    73.0533
   545.0000     0.0001    88.9702   275.0270    -8.8342    91.5700   100.0250   107.0620
   545.0000     0.0001     8.6615   215.9400   -13.0673    49.8646   130.6070    93.6224
   545.0000     0.0001    58.6361   278.5530    45.3323    81.6712    58.9118   143.6100
   545.0000     0.0001    64.0720    59.5081    40.1676   -39.4448    38.0511  -161.2650
   545.0000     0.0001    62.5959   109.6140    42.0809  -182.2580  -124.1260  -366.8850
   545.0000     0.0001    36.4019   268.1850     5.4990    93.9787    53.5619   103.1500
   545.0000     0.0001    36.1403   108.3860    -0.6723    50.1494   291.9820   -48.7267
   545.0000     0.0001    74.9262    -0.3233    72.2271  -107.8340    89.1220  -180.6840
   545.0000     0.0001    61.2947   258.0470   -10.8710   120.0090   100.6450    99.7868
   545.0000     0.0001     4.2501   264.2340   -30.1694    56.7124    89.7600    77.0957
   545.0000     0.0001    75.4489   249.5980    23.4705   132.7780    27.5504   156.6140
   545.0000     0.0001    64.0976    49.7475    65.7680   -50.0557   -72.8463  -119.4960
   545.0000     0.0001     9.9273   228.2690     5.8472    58.2946   118.2180   102.9500
   545.0000     0.0001    77.5286   116.6890    79.3995  -128.3850  -123.9800   -57.8838
   545.0000     0.0001    -1.1664   253.7130   -30.6071    55.6732   104.3460    80.1803
   545.0000     0.0001    74.6480   221.2030    54.3779    98.5511   -92.1672   147.6210
   545.0000     0.0001   186.4710   -62.5367   133.6890  -104.2440   -71.1091   -38.0290
   545.0000     0.0001    58.5298   173.5510   -15.0954    74.0242   206.2470    72.0180
   545.0000     0.0001   -11.6416   198.4870  -115.5870    16.2585   133.1980    -7.2337
   545.0000     0.0001    74.8808   179.2760    57.5138    97.8215  -122.2480   151.3800
   545.0000     0.0001    86.4139    88.4759    69.6547    28.1601  -408.1250  -112.8430
   545.0000     0.0001   286.2350    65.2892   143.1690   -10.1516  -171.1110     0.5124
   545.0000     0.0001    80.1903    59.3027    55.5468   -28.2706  -201.2380  -146.2080
   545.0000     0.0001    18.8803   199.9540   -37.7808    91.7224   143.3190    50.9233
   545.0000     0.0001    79.4542   178.6870    57.5930   118.6530  -140.0820   103.5020
   545.0000     0.0001    78.3766    74.1700    66.7107   -57.3932  -312.9490  -153.3450
   545.0000     0.0001   155.5010   -62.6999   155.6930   -75.4362   -43.2633   -84.3351
   545.0000     0.0001    69.9802   184.1330   -14.0628   136.3860   177.0550    68.4739
   545.0000     0.0001    85.3412   219.8500    45.4217   134.5160  -100.5020   140.8380
   545.0000     0.0001    21.1926   263.6970   -24.3728    79.1926    94.4512    88.5754
   545.0000     0.0001    89.5336   -10.7229    86.1305  -119.4740    58.1793  -156.5030
   545.0000     0.0001   -10.2045   246.4760  -111.1940    15.3609   139.7150    -6.6654
   545.0000     0.0001    76.2975   103.4000    63.3965   631.2130     6.5195   181.8760
   545.0000     0.0001    64.3275    53.9289    41.8497   -65.7278   -79.0876  -169.1210
   545.0000     0.0001    -7.2055    -0.7034   109.9000    79.5031    22.7953    -5.1351
   545.0000     0.0001    40.4005    83.7828     3.5467   -13.5978  -212.3790  -114.5770
   545.0000     0.0001    35.8284   140.5860    25.7963   103.7430   225.5860    53.2503
   545.0000     0.0001   187.3060   -65.4826   236.0280   -33.4764   -71.3738   -51.2083
   545.0000     0.0001   269.9720   -35.6391   141.6160   -48.8133  -118.9890   -13.9514
   545.0000     0.0001    75.3918    56.3442    38.7645   -47.5773    18.6427  -145.2930
   545.0000     0.0001    87.2015    82.7192    85.2458    80.4899  -318.3400   -59.7246
   545.0000     0.0001    93.4504    -5.6822   112.8670  -102.1570    10.1937  -177.8600
   545.0000     0.0001   171.4750   187.0340    51.6742    72.9757    38.5101    -1.2527
   545.0000     0.0001    64.8428    71.7547    21.5408   -77.9797    91.3484  -131.3390
   545.0000     0.0001    38.5109    97.8426     9.0718   -44.1527  -190.5440  -174.4300
   545.0000     0.0001    80.8471   260.7220    27.3592   103.9380     8.1938   125.3540
   545.0000     0.0001    15.0670   257.8640   -35.8981    75.6757    94.2201    77.7550
   545.0000     0.0001    87.8628   182.2190    53.8967    98.8102  -143.1180   162.6690
   545.0000     0.0001    16.7741   148.4090   -27.9035    16.0170   200.3400    56.3611
   545.0000     0.0001    84.0378    53.4533    50.3759   -39.3456  -245.5170  -154.9180
   545.0000     0.0001    79.7278   117.1570    44.3860  -144.1800  -183.3490   429.1030
   545.0000     0.0001    33.7924   246.3670    19.7566    63.6248    10.2854   135.1430
   545.0000     0.0001    25.6263   244.9840     8.7986    87.8302    38.7375   124.6480
   545.0000     0.0001    50.7339   279.3920   -11.7156    99.0087    77.3550    89.5769
   545.0000     0.0001    90.9633   180.2060    64.0659    98.6524  -130.0390   163.2040
   545.0000     0.0001    68.7682    48.4003    50.0038  -100.3890   -92.7554  -133.3180
   545.0000     0.0001   106.8570   117.3890   101.5200   113.8760    10.1799    61.5943
   545.0000     0.0001    70.5343    57.7491    29.3566   -31.5596    48.2066  -128.3180
   545.0000     0.0001    24.4490   244.5560   -27.4834    79.5345    89.1022   100.9570
   545.0000     0.0001    74.2017    57.5203    72.3625   -76.1023  -226.9340   -30.8941
   545.0000     0.0001    41.5509   112.4120    -8.8682    74.7962   276.4840   -57.5012
   545.0000     0.0001     6.6894   274.1430   -42.6009    56.1018   125.9730    56.9956
   545.0000     0.0001    78.9981   141.7960    73.8903   206.3230  -271.4180   188.8070
   545.0000     0.0001    69.9911   113.1990    62.5855  -343.3480    42.5967  -322.5810
   545.0000     0.0001    55.1092   245.2530    30.8732   127.0010    -1.2384   132.1180
   545.0000     0.0001    89.7501   103.7760    44.4739    -2.3442  -374.4070   103.1010
   545.0000     0.0001    76.5686   224.1720    38.8918   126.0330   -48.6455   157.4390
   545.0000     0.0001    26.9472   298.5290   -45.0873    34.1484   133.8220    59.3833
   545.0000     0.0001    79.5780    73.0616    64.8955   -25.0475  -294.3740  -156.4390
   545.0000     0.0001   216.5390   -27.4779   158.2880   -87.6112  -109.2060   -33.0117
   545.0000     0.0001    46.8120   277.7610     5.1845   100.7230    83.3861   109.3350
   545.0000     0.0001    85.4514    55.0268    42.5834   -36.7673  -142.2420  -182.1510
   545.0000     0.0001    19.1867   182.0660    -9.2641    -1.7673   167.1330    53.7337
   545.0000     0.0001     2.5891   201.1150     2.4020    49.0606   126.7410   104.8590
   545.0000     0.0001    31.8359    78.0102    -2.4505     7.4339  -174.5440   -93.9594
   545.0000     0.0001    63.7014   256.8280    25.6875    56.7292     1.1135   132.8010
   545.0000     0.0001    28.4071   101.8770    -6.9277    42.4648   270.0900   -57.7574
   545.0000     0.0001    50.0984   288.0620   -68.4583    49.6290   125.9580    46.6453
   545.0000     0.0001    87.5531   110.0930    88.4511   121.2120  -344.1940    35.4015
   545.0000     0.0001    40.6345   278.9500   -50.8069    61.3356   134.5450    54.9173
   545.0000     0.0001    38.5974   264.1020    10.8135    89.6100    77.1013   128.6420
   545.0000     0.0001    46.1260   140.5670    -4.8699    92.3104   267.4330    19.7189
   545.0000     0.0001    92.2695    88.1217    78.9356    -7.5643  -391.6140   -69.6848
   545.0000     0.0001    76.0070    49.8616    40.3841   -22.7259   -71.9508  -156.2500
   545.0000     0.0001    36.6627    93.1886    20.9224     7.9786   287.3070   -37.1161
   545.0000     0.0001    15.1414   248.8590   -24.2877    71.4337    76.4398    96.1804
   545.0000     0.0001   149.4620   101.6750   114.9050  -158.1730    78.3109   -46.4391
   545.0000     0.0001    76.1215   225.2540   -12.3818   116.3370   120.4460    96.1529
   545.0000     0.0001     2.2656   268.6560   -70.0250    57.0674   126.7100    31.5955
   545.0000     0.0001    61.7481   -19.6014    69.1436  -130.3800    51.6877  -145.4880
   545.0000     0.0001    86.5817    96.2345    59.6572  -404.6320   214.6740   156.2080
   545.0000     0.0001    65.4099    64.8617    39.9860   -49.5567   111.3580  -131.4700
   545.0000     0.0001    69.3438   278.0240     6.1234   107.3440    99.5135   122.8300
   545.0000     0.0001   127.5090   -24.8424   124.1390   -92.8616    -5.5321  -140.0350
   545.0000     0.0001    79.1292   133.3030    68.6128   106.3980  -339.5450   122.0610
   545.0000     0.0001    17.2385   253.6810   -31.6708    71.4389    86.8527    88.7184
   545.0000     0.0001    78.3050   -22.0671   143.1340   -33.3162     6.6031  -168.6820
   545.0000     0.0001    48.0821   118.4840    19.4297  -102.2060  -184.9340  -219.7790
   545.0000     0.0001    13.0744   307.1190   -33.2338    43.6527   146.2730    55.5831
   545.0000     0.0001   139.7250   -35.1426   153.9600   -76.4654   -31.6350  -119.7170
   545.0000     0.0001    81.2684    67.1089    63.3997   -20.3249  -251.8230  -155.1170
   545.0000     0.0001    73.8349   222.3590    48.9749    93.4633   -60.1961   153.4950
   545.0000     0.0001    27.3633   265.3180   -24.2002    86.8893    95.2759    84.1419
   545.0000     0.0001    45.5425    43.1097    35.9598   -58.4762   214.6400  -199.2560
   545.0000     0.0001    82.1134   123.4760    86.9643   117.1320  -321.2800   138.9020
   545.0000     0.0001    -2.0687   281.0670   -38.6629    50.0022   118.2870    60.8533
   545.0000     0.0001   164.1750   -36.7866   191.0220   -55.8410   -54.2645   -95.7390
   545.0000     0.0001   187.1740   -27.7905   216.1230   -49.2299   -79.0820   -72.0139
   545.0000     0.0001    83.6396   219.6690    49.9744   143.1970   -79.8310   169.5330
   545.0000     0.0001    64.5072   237.2610    53.7569   137.8040   -18.7391   169.5600
   545.0000     0.0001    56.3563   205.2360    42.0782   152.3700   -76.7140   165.9760
   545.0000     0.0001    78.2958    55.6697    49.5392   -12.2772  -145.0520  -174.2030
   545.0000     0.0001    99.6744    83.1368    57.0239  -279.5660   200.5420   117.2580
   545.0000     0.0001    68.1318    48.5274    57.9923   -44.7545   -86.7487  -125.6130
   545.0000     0.0001    41.9936   110.4750    30.1019   109.9130   313.2800    41.1763
   545.0000     0.0001    76.3291    58.3093    51.1812   -94.2719  -172.3570  -183.4810
   545.0000     0.0001    14.5737   238.8330   -73.3319    50.2336   132.6140    39.7229
   545.0000     0.0001   -19.3535   235.4600   -87.1661    25.3923   133.3050     5.5487
   545.0000     0.0001    89.7581    90.7922    74.9194    23.0061  -404.5490   -92.8387
   545.0000     0.0001    31.5395   310.0560   -65.3153    40.6600   150.5830    35.3324
   545.0000     0.0001    59.7295   277.6070     0.3457   103.0030    96.0227   113.4360
   545.0000     0.0001    90.3804   -10.7430    94.1926  -103.7450    45.7727  -170.5460
   545.0000     0.0001    81.5946   270.4900    21.7223   118.7780    63.3159   143.8150
   545.0000     0.0001    24.7426   266.8380   -21.1333    85.1094    86.7742    88.6825
   545.0000     0.0001    22.2152   267.6580   -17.0205    81.5676    85.7346    91.2236
   545.0000     0.0001    74.7271   224.4330    47.3836   169.6120   -50.4142   175.4730
   545.0000     0.0001    35.0000   155.4040   -16.3878   110.6170   218.3070    36.6362
   545.0000     0.0001    35.6348   105.4460    -4.7203   -50.1758   278.6870   -15.1584
   545.0000     0.0001    60.1729   264.9560    22.6649   127.7740    53.8512   119.4810
   545.0000     0.0001    70.4953   215.4850    40.4395   124.3740   -83.9437   192.9170
   545.0000     0.0001    92.2251    72.4564    70.8027     6.8986  -236.4800  -169.1810
   545.0000     0.0001    40.7125   240.8470    15.9359   112.4520    33.2195   142.8020
   545.0000     0.0001    33.6657   249.3550   -24.8618    68.8934   114.9060    76.0108
   545.0000     0.0001    75.9536    72.8423    69.6555   -46.2479  -313.2870  -124.1190
   545.0000     0.0001    55.8198    72.4250    21.7434   -14.3877   106.2170  -107.0270
   545.0000     0.0001    79.3510   104.0590    66.1226   575.1910  -164.9060   145.5260
   545.0000     0.0001    43.9969    25.1150    30.9328   -82.4849   171.5870  -175.0790
   545.0000     0.0001    66.4203   269.1920    22.5614   105.6300    29.1502   110.9620
   545.0000     0.0001    88.6395   240.8090   -24.1446   116.8530    99.3619    78.5566
   545.0000     0.0001    37.9792    55.0146    23.5121   -31.9776   231.9770  -190.2450
   545.0000     0.0001    44.7315   259.5610    17.4175   116.0850    51.0566   122.7660
   545.0000     0.0001    35.2445   291.2200   -35.3750    42.6987   124.1040    71.3261
   545.0000     0.0001    60.4781    64.3696    45.0551   -67.8793    33.8845  -195.9940
   545.0000     0.0001    73.9140   143.7280    61.9087    62.2119  -293.9430   152.0500
   545.0000     0.0001    94.1807   114.4100    80.5115     5.6093  -344.1950   177.2990
   545.0000     0.0001    35.0869   256.9610   -36.4989    67.3231    67.5208    83.8885
   545.0000     0.0001    54.3810   254.0220     3.1207   107.5300    68.0071   134.0440
   545.0000     0.0001    78.3050   -22.0671   143.1340   -33.3162     6.6031  -168.6820
   545.0000     0.0001    27.0006   241.6240     3.3024    76.0612    43.0957   137.5860
   545.0000     0.0001     2.4243   224.6360    -5.8117    30.9444   112.8140   107.0940
   545.0000     0.0001    92.0237   213.8890    59.9218   139.9720  -115.4690   189.3170
   545.0000     0.0001    69.5541   236.7130     0.1628   112.4060     4.7135   138.5940
   545.0000     0.0001    59.6955   180.8910    -3.8481   114.8880   203.5000    56.3316
   545.0000     0.0001    80.4056   220.0550    50.9821   164.8980   -89.5776   176.8070
   545.0000     0.0001   -22.0046   283.1100   -62.0829    28.0328   142.7110    16.2236
   545.0000     0.0001    32.7711   168.0080    -4.9821   164.5130   -71.5699   131.1550
   545.0000     0.0001    77.4776   180.4690    60.7996    79.4777  -118.5640   156.3320
   545.0000     0.0001   223.7060   341.7250   140.0550   151.8710  -118.7190    51.1213
   545.0000     0.0001    73.3224    50.7974    47.6857   -33.3388  -104.2600  -170.6290
   545.0000     0.0001    70.6089   242.8940    33.9620   132.8670    15.1825   175.8630
   545.0000     0.0001    31.7013   238.7790    -0.5396    83.5023   114.9450    91.1358
   545.0000     0.0001    26.7585   219.5700  -121.8960    70.6860   121.0150   -20.6767
   545.0000     0.0001    57.0028   106.1160    54.0555   440.6950   -45.5256   304.2590
   545.0000     0.0001    73.2882    50.2276    56.0088   -14.6098  -141.0850  -146.7540
   545.0000     0.0001    29.8954   134.8650    -4.1742    73.0965   261.3600    18.9015
   545.0000     0.0001   129.3910   122.4310    66.2406   321.0050   111.1050    10.5529
   545.0000     0.0001    19.3590   295.5200   -60.6235    66.6225   139.9090    30.3501
   545.0000     0.0001    83.1110   156.2530    69.0184   154.4820  -232.1700   112.6450
   545.0000     0.0001    64.9965   275.6310    24.9299   109.2370    72.5533   132.5170
   545.0000     0.0001     3.9863   222.5910   -57.8692    49.6273   130.5610    41.1223
   545.0000     0.0001    96.0164   -27.3167   131.5680   -82.6297     6.4238  -147.3500
   545.0000     0.0001    67.2627    59.1828    59.7983   -76.4674  -168.8840  -171.7080
   545.0000     0.0001    46.5806   262.2360   -24.0162    98.6919   114.1320    88.9948
   545.0000     0.0001    70.2030   186.0560    39.3024   102.1140  -101.7370   109.9400
   545.0000     0.0001    80.9800    86.1272    76.2054    43.5906  -356.0490  -117.6590
   545.0000     0.0001    53.9320   165.7030    45.6427    81.9139  -180.9860   153.3550
   545.0000     0.0001    33.8879   145.4720   -23.2682    77.0687   222.8410     8.8583
   545.0000     0.0001    61.6872   287.5090   -35.5638    86.8432   124.0330    77.5137
   545.0000     0.0001    54.8615   112.4640    55.3407  -336.4220    93.7106  -170.4670
   545.0000     0.0001    86.8315    67.5974    80.6497   -14.1194  -246.0570   -92.4176
   545.0000     0.0001    78.5167    67.6130    77.8461  -107.8320  -178.2290  -154.1840
   545.0000     0.0001   231.0590   -24.0972   248.7300   -30.7895   -88.9566   -33.2802
   545.0000     0.0001    34.4280   220.3580    -0.7133   114.5080   115.4570    86.9164
   545.0000     0.0001    13.6212   263.4640   -30.0063    70.8755   101.0610    79.4766
   545.0000     0.0001    18.4592   161.0810    -9.6453    14.0376   203.8610    72.8963
   545.0000     0.0001    67.6114    44.3227    51.2224   -38.0652   -91.8525   -96.6551
   545.0000     0.0001    71.7835    52.7868    50.1230  -114.5890  -113.6030  -155.6140
   545.0000     0.0001    14.5822   240.8480   -51.4579    64.6307   125.0090    42.9612
   545.0000     0.0001    59.2233   230.0910    30.4826   136.0230    -0.8805   172.1130
   545.0000     0.0001    50.2046   269.5900   -14.8380   107.2860    88.8937    95.4145
   545.0000     0.0001    26.2113   129.4430   -14.6266    62.8104   248.9400     6.3963
   545.0000     0.0001    63.6763   234.6580    -5.3510   122.4380     7.5860   117.0380
   545.0000     0.0001    81.3077   273.1920    15.0202   109.3770    49.1527   125.0840
   545.0000     0.0001    15.9264   266.2030   -32.3651    78.1281    99.9236    73.5951
   545.0000     0.0001   -19.3682   215.7640   -77.1815     3.3187   123.0870    36.8379
   545.0000     0.0001    79.1424   221.0540    55.5371   131.2760   -79.3303   155.5780
   545.0000     0.0001    -5.1148   276.8300   -52.4980    43.4747   123.8920    51.8858
   545.0000     0.0001    89.2196   225.1580    30.9302    90.3265   -67.4386   138.0530
   545.0000     0.0001    25.6566   245.0580   -17.6900    81.0252    82.2605   113.3070
   545.0000     0.0001    48.5775    64.3472   -28.8871    19.1226   -59.9854   -25.8570
   545.0000     0.0001    40.2816   267.2100    16.7822   101.9800    69.9836   124.7270
   545.0000     0.0001   -20.4601   245.4270   -72.2238    33.7997   137.3080    17.9106
   545.0000     0.0001    58.1888    49.6629    54.2596   -75.3912   -39.9082  -134.3980
   545.0000     0.0001    97.8391   235.7510   -18.0181    92.0251    94.5177   110.8310
   545.0000     0.0001   104.9380   115.9420    84.6744   182.6820  -304.7910    68.4818
   545.0000     0.0001    65.0166   229.9370    20.7711   100.1060    -7.3769   180.6740
   545.0000     0.0001     8.8950   102.9180   -25.5992    92.8240   204.5880   -63.0008
   545.0000     0.0001    86.2192   163.0690    77.2977    55.5968  -219.3050   144.4220
   545.0000     0.0001    87.7787   243.1370    57.9225    97.2715    -8.3849   189.8850
   545.0000     0.0001   -30.8176   210.4910   -82.7342    15.2867   130.8080    15.2088
   545.0000     0.0001    70.2243   188.2960    39.0870   122.9010   -67.4805   228.6080
   545.0000     0.0001    70.4741    55.4603    40.5051   -59.0586   -69.6866  -179.5940
   545.0000     0.0001    60.6414    49.2467    53.4325   -50.5512   -41.5540  -122.1110
   545.0000     0.0001    40.5025   245.2560     6.5771    93.8707    69.1099   137.4100
   545.0000     0.0001    71.1419   177.5780    62.7513    81.5530  -144.2880   137.7310
   545.0000     0.0001    35.4371    87.7934     6.7327     3.2521   284.8680  -118.0320
   545.0000     0.0001    56.3563   205.2360    42.0782   152.3700   -76.7140   165.9760
   545.0000     0.0001   -30.3351   214.1810  -106.9880    11.0866   132.4590   -11.9760
   545.0000     0.0001    65.5263    -0.4142    67.5317  -106.1130   100.3930  -173.8280
   545.0000     0.0001    94.1807   114.4100    80.5115     5.6093  -344.1950   177.2990
   545.0000     0.0001    96.0388   167.2220    88.6696   111.3000  -205.8660   101.0430
   545.0000     0.0001    72.6005    48.8804    44.5315   -58.1706   -90.0396  -130.6010
   545.0000     0.0001    32.5498   242.7950   -27.3828    68.0960    65.1223   107.2460
   545.0000     0.0001   117.6210    62.4639    80.5187   209.6230  -257.3510    43.8183
   545.0000     0.0001    66.4981   191.8180   -30.5215   129.6900   151.4700    58.1280
   545.0000     0.0001    39.6196   259.6720    -3.2621   100.3740    84.8530   113.5330
   545.0000     0.0001   -29.1511   243.8330  -119.5250     9.9808   140.9330   -24.4926
   545.0000     0.0001   289.7480   190.9670   147.7460    77.7198  -179.9830    12.8304
   545.0000     0.0001    44.3382   215.6640    42.1623   121.7730   -55.8323   151.3840
   545.0000     0.0001    26.1372   274.9720   -11.9717    84.3416    97.0811    90.9548
   545.0000     0.0001    83.0510    56.5523    48.9382   -15.0292  -165.6020  -144.8150
   545.0000     0.0001    90.9852   216.0760    49.7792    92.3278  -110.2110   180.3110
   545.0000     0.0001    65.8205    60.9718    47.8035   -72.6570  -108.9440  -208.3720
   545.0000     0.0001    92.1583   162.1470    69.1829    94.6491  -229.6570   103.1700
   545.0000     0.0001    92.1538    52.7037    47.5671     4.9966  -116.6540  -138.3960
   545.0000     0.0001   106.5730   -10.4105   114.7990  -102.8750   -11.3683  -169.8740
   545.0000     0.0001   -21.1123   213.7680   -78.0084    15.0907   122.1650    27.4743
   545.0000     0.0001    81.9977    93.6927    71.6927    50.9937  -430.5020   -57.7587
   545.0000     0.0001    30.6660   213.7250   -25.5770    92.4446   142.7650    70.5904
   545.0000     0.0001    34.2656   302.9150   -34.9537    58.1142   119.5760    67.0670
   545.0000     0.0001    89.5580    84.7399    70.8062    19.5169  -370.8290  -126.0960
   545.0000     0.0001    98.0174    84.4594    80.1745    68.6135  -385.4770    20.3495
   545.0000     0.0001    34.1068   262.6060   -28.9929    80.4982   113.0300    84.1941
   545.0000     0.0001    76.5885   237.7100    -9.2297   114.2130    29.2322   134.4340
   545.0000     0.0001    45.3073    65.3252     1.6897     4.6497   264.1720  -128.3220
   545.0000     0.0001    79.2328   154.3010    53.1294   133.3350  -211.3880   170.3870
   545.0000     0.0001    83.6630    86.3472    76.8028    -3.8838  -387.1590  -120.0750
   545.0000     0.0001    63.8292    60.4144    37.8045   -39.3384    85.6172  -138.1460
   545.0000     0.0001    55.0309    -4.0160    69.5896   -76.3973    77.0802  -196.7500
   545.0000     0.0001    32.2100   115.4640   -20.8938    83.8223   240.1790   -51.7316
   545.0000     0.0001   213.3640   -43.3894   216.1730   -48.5077   -89.1728   -41.4665
   545.0000     0.0001    74.0369   227.5400    35.4196   114.6200   -42.6073   149.9030
   545.0000     0.0001    69.6694   159.5770    61.3007   110.4360  -194.9010   165.3480
   545.0000     0.0001    69.9849   249.2150    23.3024   133.8770    20.4720   147.3960
   545.0000     0.0001    49.0664   230.4270   -13.3907   116.2070   105.8630   103.9960
   545.0000     0.0001    47.7107   237.1320    21.0653   112.1410    22.4414   160.2070
   545.0000     0.0001    31.0228   239.8530   -20.6587    83.6894   119.9570    72.8451
   545.0000     0.0001    30.7564   250.3780     1.1423    74.3185    30.3688   121.8360
   545.0000     0.0001    60.1377    49.1203    51.3611   -84.8023   -90.0338  -117.4170
   545.0000     0.0001    75.1623   162.7110    75.0775    88.2777  -224.5530   110.8600
   545.0000     0.0001    87.5087   109.8080    92.1490    11.0849  -337.5840    10.2363
   545.0000     0.0001    -8.9069   229.5800   -36.0498    36.5847   123.4060    65.4921
   545.0000     0.0001    31.3058   101.2560    -5.1120   -47.8022  -178.9280  -109.6380
   545.0000     0.0001    66.4217    47.9116    48.7125   -31.0139   -41.3218  -123.6900
   545.0000     0.0001    57.1086   205.1240   -25.6872    76.4172   131.6710    82.7079
   545.0000     0.0001    90.0794   164.1770    93.3714   172.9700  -182.1890   139.1750
   545.0000     0.0001    52.4456   -18.1362   119.1110   -38.7919    26.6097  -181.7740
   545.0000     0.0001    60.9698    62.0316    33.5967   -31.6199    46.2265  -159.4170
   545.0000     0.0001    93.7263    34.0212    54.2300    42.4151  -218.9070   -66.5463
   545.0000     0.0001    26.9434   284.2500     1.6842    58.4425    71.9031    91.4813
   545.0000     0.0001    52.5227    15.3622    42.2745   -90.5376   150.0530  -179.9530
   545.0000     0.0001    -3.5387   247.3830  -107.1910    40.9114   137.4220   -18.1331
   545.0000     0.0001    59.2050    63.6217    43.0078    44.5166    66.9549   -47.3945
   545.0000     0.0001    83.1609    68.2961    61.9764   -23.3849  -274.2640  -155.3770
   545.0000     0.0001    93.4632    65.4184    74.6707   -17.2754  -347.5640    -8.2507
   545.0000     0.0001    -0.0046   235.1550   -45.4941    51.9342   127.0760    50.0087
   545.0000     0.0001    24.9724   100.3760   -16.5205   -15.8003  -155.5420   -54.6772
   545.0000     0.0001    87.8948    50.0756    53.6914   -28.9729  -134.3970  -158.8670
   545.0000     0.0001    55.2312   255.5480     7.0849   120.9480    57.9707   124.2120
   545.0000     0.0001    57.1319     8.0099    61.4405  -100.6100   108.2390  -192.4340
   545.0000     0.0001    69.1560   268.4650    14.9604    79.4115    34.1343   129.6760
   545.0000     0.0001    73.5973   153.1420    49.2037    93.7495  -241.6630   139.6940
   545.0000     0.0001    47.8457   292.5670   -17.5103    81.3618   126.9450    88.0262
   545.0000     0.0001     7.0194   264.3540   -23.4834    56.7118   101.7650    90.4271
   545.0000     0.0001    67.5337    52.7299    51.1955   -40.6349  -114.4550  -162.7420
   545.0000     0.0001   220.6140   359.5270   137.0420   151.8120  -108.5090    52.6943
   545.0000     0.0001   104.5400    96.6176    85.6290    69.3191   -66.7048    31.5845
   545.0000     0.0001   115.7870    30.3279    57.3609    76.5663  -220.6870   -45.9417
   545.0000     0.0001    82.3839    81.4748    79.4197    10.2463  -320.8390  -107.8600
   545.0000     0.0001    87.5224   172.4800    60.6516    85.4893  -163.9600   178.6540
   545.0000     0.0001    97.0930   214.5890    52.9135   139.3080  -108.2850   160.7030
   545.0000     0.0001     6.2801   284.7480   -32.0004    56.3364   115.2050    67.6063
   545.0000     0.0001    54.8452   111.3250    39.7192  -147.2650  -191.9390  -305.2290
   545.0000     0.0001    74.4922   217.6770    44.7010   131.2380   -46.6494   179.2870
   545.0000     0.0001    77.3374    -6.3542    86.5194   -97.5998    78.3045  -172.4990
   545.0000     0.0001    56.7838   179.2170    -8.2747    85.9128   210.9600    56.5615
   545.0000     0.0001    42.0713   310.1120   -58.2018    63.6062   146.3700    40.5688
   545.0000     0.0001    15.9944   149.7560    -5.5654     5.7177   222.4070    39.2811
   545.0000     0.0001    55.6935   176.1590   -14.8080   128.9590   193.0270    62.8688
   545.0000     0.0001    80.5851    86.2477    72.3285   -45.7691  -386.7480   -92.9446
   545.0000     0.0001    74.5953   250.7170    65.6997   105.5760    -7.5384   160.2480
   545.0000     0.0001    28.3829   281.3270    15.0514    45.7372    81.5247   119.7680
   545.0000     0.0001    38.2856   142.1400    -5.4032    -1.4663   260.7570    53.7993
   545.0000     0.0001    31.2625    78.3045     6.9685    10.1985   274.4140  -112.9520
   545.0000     0.0001    52.4087    60.8486    45.1049   -48.9503    44.5124  -161.0350
   545.0000     0.0001    42.4730   114.6270    22.1858  -101.9830  -176.4300  -221.1020
   545.0000     0.0001    17.9319   174.2000    -0.2546     7.6780   184.4000    96.4712
   545.0000     0.0001   315.9800   186.9090   160.8280    65.8476  -166.0380    29.6609
   545.0000     0.0001    70.7305    52.1159    51.9263   -30.7241  -131.4670  -169.8230
   545.0000     0.0001    72.2713   246.6090     0.8103    91.1049    13.7412   135.0100
   545.0000     0.0001    54.2387   257.5720     5.0546    86.1137    43.0075   136.5220
   545.0000     0.0001    74.3421   178.8440    57.4131    69.3182  -136.7080   171.6860
   545.0000     0.0001    68.9587   166.0060    56.9658   100.8440  -164.9350   176.7200
   545.0000     0.0001    36.1403   108.3860    -0.6723    50.1494   291.9820   -48.7267
   545.0000     0.0001    82.6783    60.0448    61.9326   -25.6051  -167.0420  -168.4580
   545.0000     0.0001     2.0706   117.3020   -20.3437    77.5879   208.3360   -38.6903
   545.0000     0.0001    55.6741   280.5120    18.5172    72.1215    53.9009   109.5660
   545.0000     0.0001    74.5155   232.0610    64.4451    82.0505   -57.2354   167.3870
   545.0000     0.0001   116.5950   -17.7937   125.0280   -95.0353    -3.2373  -152.7270
   545.0000     0.0001    88.8252    84.2423    76.8540    33.6379  -356.7090   -26.8693
   545.0000     0.0001   230.9270   -10.5557   138.0370   -88.7276  -125.5870   -24.6570
   545.0000     0.0001    77.1844    52.9806    46.9337   -16.3082  -113.6130  -173.0260
   545.0000     0.0001   114.4770   -32.6023   151.5290   -76.9828   -18.7611  -132.0740
   545.0000     0.0001    10.1583   257.8630   -35.5718    66.2380   102.2310    79.2304
   545.0000     0.0001     8.6318   254.2860   -80.1902    49.5160   134.0770    12.6438
   545.0000     0.0001    44.9036    93.7052    29.6726   256.2970    32.1974   345.4760
   545.0000     0.0001   107.4590   141.4970    88.0365   114.4680  -261.0930   154.3870
   545.0000     0.0001    72.8964   255.2040    47.8654   127.3240     7.5930   149.0370
   545.0000     0.0001    80.4324   261.8020    26.5704   104.9370    12.4839   131.1050
   545.0000     0.0001   127.1570    77.3053    57.5654   294.2170  -186.8190   -39.3567
   545.0000     0.0001    73.4733   128.8410    71.6379   255.2900  -340.4240   132.8930
   545.0000     0.0001    48.4345   164.3700   -49.3634   111.8150   170.5070    21.6153
   545.0000     0.0001    31.7883   260.9770   -18.4791    95.7305    80.7282    92.3598
   545.0000     0.0001   -20.0470   249.8340   -69.8294    31.7234   134.1860    31.1436
   545.0000     0.0001     5.4236   109.3250   -53.9238    90.4988   171.1180   -55.7758
   545.0000     0.0001    73.1618   290.3410     8.3088   101.9910   103.6760   118.8070
   545.0000     0.0001    79.2592   136.0060    83.1794   108.7960  -293.6960   119.8290
   545.0000     0.0001    20.8269   282.9930     3.0454    69.0648    90.8152   100.3440
   545.0000     0.0001    68.3171    52.0290    43.3072   -53.5243  -101.1750  -166.6920
   545.0000     0.0001    72.6343   296.9720   -36.1298    87.2399   128.9100    64.7492
   545.0000     0.0001    86.1744    -9.5946    91.9506   -97.5500    57.2424  -174.0340
   545.0000     0.0001    91.4431    55.7157    47.9240   -42.0295  -141.8540  -169.6500
   545.0000     0.0001    19.4644   251.5100   -16.1866    64.7788    54.5078   105.1850
   545.0000     0.0001   279.7130   -32.8143   220.4780   -28.2474  -112.8650    -1.0844
   545.0000     0.0001   142.0030    23.7237    83.1682    38.8104   -52.8201    -0.1829
   545.0000     0.0001    83.3837    62.6872    65.5341   -20.0879  -192.9830  -169.4350
   545.0000     0.0001    73.7599    50.1791    31.9400   -40.7492   -50.2021  -146.9060
   545.0000     0.0001    59.0335   141.8570   -33.6671   139.8290   206.1340    25.6670
   545.0000     0.0001    76.7284    59.1189    33.5790   -35.3296    11.5343  -169.4340
   545.0000     0.0001    27.8205   269.4640   -17.0929    88.3809    91.2833    88.2806
   545.0000     0.0001    82.5522    68.6938    64.6574    -9.5171  -311.8560   -74.1437
   545.0000     0.0001    78.0345   217.0200    38.7261   132.2700   -51.0831   157.8310
   545.0000     0.0001    53.6962   256.7990   -71.3660    71.3286   126.1990    38.8490
   545.0000     0.0001    54.5985   238.7200    39.7233   137.5060     0.3741   148.4790
   545.0000     0.0001    27.1907   201.6870     8.5303    39.2991   148.7040   116.3990
   545.0000     0.0001    47.6588   118.6070     9.5672  -105.0050  -208.6860  -163.8940
   545.0000     0.0001   332.0780   130.6800   164.4370    33.8493  -152.4080    25.8100
   545.0000     0.0001    41.7911   260.0400    19.8243   107.3880    55.6235   129.7240
   545.0000     0.0001    57.3232   272.6340   -11.5832   103.9140    68.9538    98.0446
   545.0000     0.0001    80.0116   151.0440    56.5944   132.1610  -207.5690   224.7000
   545.0000     0.0001    21.2814   217.7750   -25.5784    63.5955   128.5500    79.3870
   545.0000     0.0001    45.5005   216.8630   -88.2606    83.9094   125.7090    14.9773
   545.0000     0.0001    39.4067   287.9630   -12.3024    50.3309   120.7290    94.8125
   545.0000     0.0001    81.8509    58.5300    73.2735   -49.5978  -237.1720   -47.1509
   545.0000     0.0001    97.0728   149.0890    59.7893    50.5653  -223.5130   224.4500
   545.0000     0.0001     1.9869    65.6844    -6.9822    41.7030   204.5990  -103.4370
   545.0000     0.0001    70.8746   166.3450    57.1080   107.3730  -167.5410   159.8870
   545.0000     0.0001    61.0587   310.7790    -8.1023    77.7313   129.1670    89.2269
   545.0000     0.0001    35.6813   200.9780    -6.9730   104.8090   157.8610    72.8482
   545.0000     0.0001    79.9815   225.2090    35.5834   109.5070   -85.3762   115.0980
   545.0000     0.0001    66.7048     0.0530    64.2977   -99.4739    99.0563  -181.5430
   545.0000     0.0001    75.4650   221.7290    54.4501   160.1030   -66.1410   196.0070
   545.0000     0.0001   306.8680    87.5424   148.6110    -4.0000  -162.7780     0.9626
   545.0000     0.0001    18.0273   293.7990   -34.2598    29.2367   128.5810    71.2109
   545.0000     0.0001    63.2080   244.2900   -50.6777   105.9000   111.7910    48.6397
   545.0000     0.0001   161.6450   -16.1430   189.7350   -65.0311   -65.1503  -102.6960
   545.0000     0.0001   109.1710    30.6457    89.3008    83.8843  -230.3620    41.7738
   545.0000     0.0001    71.3757   254.1960    -7.3088    93.2937   108.1110    94.0220
   545.0000     0.0001   -25.8081   205.4920   -98.6456    38.1677   121.7970     3.0332
   545.0000     0.0001   100.4060   236.0320    42.0661   142.1790   -38.9496   153.7180
   545.0000     0.0001    73.4458   248.8890    64.9987    88.8835    13.5611   203.4490
   545.0000     0.0001    75.3918    56.3442    38.7645   -47.5773    18.6427  -145.2930
   545.0000     0.0001    83.6396    60.4559    36.1680   -66.0584   -81.1255  -197.4940
   545.0000     0.0001    88.4116    78.2380    66.9637   -34.4021  -338.6360  -170.4460
   545.0000     0.0001    84.3221    70.9111    74.1490   -66.6701  -304.9710    -2.1635
   545.0000     0.0001    26.5346   267.3400   -12.3342    91.4190    85.9929    92.7959
   545.0000     0.0001    84.9529   218.9960    49.0390   123.2750   -97.0872   174.2830
   545.0000     0.0001    75.4465    50.6362    52.2060   -23.1295  -108.3670  -155.5430
   545.0000     0.0001    46.8718   234.0800    11.4253    92.9283    55.0409   163.1740
   545.0000     0.0001    61.6252   207.0700    38.1284   139.8330   -77.1502   170.8190
   545.0000     0.0001    53.7098   277.5170   -25.5114   104.4920    86.4483    77.5169
   545.0000     0.0001    42.1613   125.4630   -15.6795    96.5231   252.5250   -47.2238
   545.0000     0.0001   176.4050   -64.9897   252.7500   -32.7757   -77.2883   -45.1527
   545.0000     0.0001    78.2477   208.6090    34.5552   131.4530   -71.6520   148.3080
   545.0000     0.0001    79.2019   177.2440    59.8526    77.3900  -151.4370   158.1170
   545.0000     0.0001    68.3705   235.6710    45.7743   148.7950   -31.5362   144.6390
   545.0000     0.0001    30.3043    88.8008    39.0380   -72.0263   170.6590   -20.4236
   545.0000     0.0001   122.9820    35.2011    59.1206   100.1500  -206.7530   -47.7657
   545.0000     0.0001    94.7057    65.0658    66.5876    41.5350  -331.5630   -85.0321
   545.0000     0.0001    86.5591   218.9100    39.4406    72.2944   -83.4907   162.3190
   545.0000     0.0001    27.0006   241.6240     3.3024    76.0612    43.0957   137.5860
   545.0000     0.0001     4.7300   245.1840   -80.7800    54.9761   132.7700     9.6117
   545.0000     0.0001    14.5338   277.6550   -34.0776    64.8358   126.7100    65.0899
   545.0000     0.0001    79.4521   144.3160    67.6596    47.8720  -280.1800   170.7660
   545.0000     0.0001    83.0516    53.5053    42.1574   -22.3797   -87.8229  -156.5410
   545.0000     0.0001    40.9188   253.8290    17.6747   111.9750    59.5304   132.4670
   545.0000     0.0001    34.7229    34.0394    24.6108   -61.4303   201.1970  -155.9020
   545.0000     0.0001    43.9275   119.3980    40.2079  -211.1950    68.9083  -209.6120
   545.0000     0.0001    73.6109    52.7107    39.6055   -40.8823   -32.9784  -157.8440
   545.0000     0.0001    51.4330   273.7310   -57.5346    75.5604   105.2270    63.7494
   545.0000     0.0001    30.2300    74.3256    -7.7351    23.8997  -204.8520    19.2391
   545.0000     0.0001   314.1290   156.0200   156.4610    46.6855  -170.2390    23.4345
   545.0000     0.0001   126.1850   -32.5401   150.8270   -75.9969   -15.7307  -127.2380
   545.0000     0.0001    87.9166   137.7960    68.8714    87.6683  -307.9520   134.1500
   545.0000     0.0001    44.7584   273.3830   -20.0967    54.7030   113.9080    93.7156
   545.0000     0.0001    37.5659    95.6225    -7.3246   -35.5485  -175.2550  -106.2370
   545.0000     0.0001   142.8510    82.4221    69.2282   294.1390  -102.8960    20.1684
   545.0000     0.0001    73.0876   165.1740   -39.1960   144.6860   167.5130    53.0062
   545.0000     0.0001    61.0011    50.9442    60.0794   -51.9829   -96.2675  -134.5130
   545.0000     0.0001    75.4809   -58.1196   130.4800   -68.7408    -0.4094  -126.5940
   545.0000     0.0001    40.5718   117.8260    25.4318   107.3800   289.5810    36.1104
   545.0000     0.0001    97.0373   129.2670    91.0279  -235.7910    68.8974  -175.0690
   545.0000     0.0001    68.9529   139.7670    66.8337   234.9310  -280.3600   193.4560
   545.0000     0.0001    73.5048   162.2150    50.6578    74.8223  -208.4820   128.7680
   545.0000     0.0001    61.4172   114.0220    44.8994  -197.6180   -36.3762  -356.4420
   545.0000     0.0001   215.0420   -90.5947   238.7250   -34.6525   -91.1707   -15.4548
   545.0000     0.0001    81.1062   -17.8423    81.9729  -107.8020    56.7292  -159.3750
   545.0000     0.0001    79.8388    58.2694    61.3310    -5.2913  -186.2680  -161.4510
   545.0000     0.0001    90.2782    86.7723    70.9440    30.3799  -390.6480  -113.0070
   545.0000     0.0001   -25.0804   212.7330   -54.5361     5.9009   112.9330    61.7692
   545.0000     0.0001    -2.2176   271.0530   -53.6746    42.9901   123.8560    52.2757
   545.0000     0.0001    19.2530   275.9980   -34.2782    77.3698   116.6390    65.3793
   545.0000     0.0001    82.4954   123.7850    72.1812   140.5540  -349.1090   191.0540
   545.0000     0.0001     5.4679   298.8250   -38.4616    43.4547   145.8000    53.9293
   545.0000     0.0001    99.9406    53.9038    75.8035    33.4913  -309.8920    -0.4592
   545.0000     0.0001    20.8074   233.4290   -36.1458    73.7441   123.9220    58.9687
   545.0000     0.0001    74.6033    53.8526    49.8072   -19.1723  -142.6070  -163.6580
   545.0000     0.0001    63.2007    55.8991    56.1664   -89.9242  -121.1830  -175.8680
   545.0000     0.0001    39.6021   266.0410   -63.1258    56.3591   130.6690    43.0531
   545.0000     0.0001   113.9130    25.7830    51.9086    62.5397  -199.2600   -59.2250
   545.0000     0.0001    85.0816    65.9703    76.5333     9.5416  -245.7450  -114.2920
   545.0000     0.0001    31.9242   279.6740   -34.3228    79.3095   124.7570    56.4112
   545.0000     0.0001    62.7082    57.5988    39.1800   -34.3899    39.5428  -149.6130
   545.0000     0.0001    58.2905   239.3510    22.8973   128.2430    18.6140   154.4120
   545.0000     0.0001    37.3059   112.3370   -46.3306    80.1969   214.3300    -6.5179
   545.0000     0.0001    29.6210   277.9040     5.0180    84.7483    84.3011   105.7430
   545.0000     0.0001    60.2643   282.3230   -49.4858    90.9264   117.8340    59.7393
   545.0000     0.0001    77.9843    76.0355    75.5907   -55.4678  -309.5830   -90.1571
   545.0000     0.0001   100.6830   114.4580    70.9375   390.7720   211.9270    94.0169
   545.0000     0.0001   110.8340   112.2820    75.0999   390.6980   101.1450   105.2510
   545.0000     0.0001    27.5797   269.0020   -50.7246    87.6813   127.3260    45.3866
   545.0000     0.0001    38.4577    86.8529   -22.7873   -13.5307  -165.4600   -20.9143
   545.0000     0.0001    60.6135   265.0720    29.4291   122.9600    47.8414   134.9990
   545.0000     0.0001    17.4944   268.9970    -8.2758    74.3258    91.5771   100.4300
   545.0000     0.0001     3.4196   148.8800   -65.8663    87.4040   151.9620   -21.3713
   545.0000     0.0001   -41.5357   235.1550  -109.5840     6.8696   136.2550   -16.8710
   545.0000     0.0001    65.1339    69.7375     9.4501    36.7026   116.3240   293.9140
   545.0000     0.0001    89.1209    91.8165    69.9769   -40.0451  -423.1140     3.6529
   545.0000     0.0001    83.6558   263.4130    47.1387   123.4970    40.8242   164.6250
   545.0000     0.0001    75.7656   100.8620    64.9941   553.7930   191.2390   209.2000
   545.0000     0.0001    85.7522    40.9527    62.2636    19.9864  -264.8750   -35.8258
   545.0000     0.0001    20.6254   247.1680   -11.1576    74.6564    56.4968   109.4950
   545.0000     0.0001    68.6613   290.4990    -5.4006    90.4747   102.4790   101.5380
   545.0000     0.0001    75.1507   180.1060    57.3414    85.7042  -116.1370   152.6280
   545.0000     0.0001    27.0312   247.3820   -37.6894    95.0272   110.1870    58.2863
   545.0000     0.0001    38.3973   229.8210    16.0627    81.2912     1.2864   154.7880
   545.0000     0.0001    69.6286   186.5630    -9.5910   116.4980   187.4730    60.5646
   545.0000     0.0001    82.5912   278.7320    33.8980   119.3370    69.5176   140.9810
   545.0000     0.0001    31.4013    86.5860     3.9298   -61.6025   274.6170   -66.9279
   545.0000     0.0001    81.1220   222.6140    40.9248   118.2260   -52.0979   189.9800
   545.0000     0.0001   136.7270   -60.5890   161.3430   -82.6806   -38.7150   -82.8672
   545.0000     0.0001   -39.5162   203.8050  -113.1790    -2.6986   124.8460   -13.7139
   545.0000     0.0001    44.6660    27.4413    44.1745   -57.4046   173.4260  -202.0400
   545.0000     0.0001    49.2504   266.5470    17.1541   113.2040    61.0824   116.8850
   545.0000     0.0001    28.6574   262.1040   -41.8769    71.9497   115.8280    74.0077
   545.0000     0.0001    93.9883   166.9830    61.3063    80.3883  -187.9010   138.2850
   545.0000     0.0001     1.1704   304.1290   -65.7510    42.4000   138.3790    20.5866
   545.0000     0.0001    88.7262    67.6560    63.4804   -37.7913  -258.8840  -172.3730
   545.0000     0.0001   145.7280    74.6948    83.4692  -181.3650    95.9749    10.8365
   545.0000     0.0001    54.3932    59.1176    32.1088   -85.1120   -42.2441  -173.8140
   545.0000     0.0001   261.5950    19.6862   159.6420   -54.0261  -146.7030    -8.7583
   545.0000     0.0001    97.4139   218.5340    47.7308    91.7950   -85.0574   146.7970
   545.0000     0.0001    18.1877   304.3270   -93.0720    45.8280   157.8610    -8.4013
   545.0000     0.0001    55.2955   290.1100   -57.3582    71.5201   134.0200    48.0225
   545.0000     0.0001   299.4770   291.8090   146.4280   113.2210  -137.3180    41.4821
   545.0000     0.0001    57.3022   255.2050    38.5859   124.0130    13.4205   128.7250
   545.0000     0.0001    97.3714   101.9980    80.9564    87.1966  -387.7770     2.4226
   545.0000     0.0001    37.0018   271.2500    -4.4634    66.6382    52.6275    92.2314
   545.0000     0.0001   -14.3750   178.1070   -63.2650    41.1486   133.2020    27.5357
   545.0000     0.0001    71.8769   187.2890    34.6688   122.7280  -103.0140   177.0640
   545.0000     0.0001    21.0464     8.6577    47.6738   -58.4790   146.9110  -150.8610
   545.0000     0.0001    51.9636    67.5703    36.0634   -62.8277   118.4520   -86.8937
   545.0000     0.0001    55.4323     1.3831    58.8219   -91.8698   109.5230  -182.1410
   545.0000     0.0001    87.2741   136.6660    51.1834    98.6206  -279.2080   219.8200
   545.0000     0.0001   164.5060   -62.0416   224.0820   -30.6721   -63.8420   -72.8865
   545.0000     0.0001    45.7080    48.2884    -7.1443    64.1939  -107.6400    38.5527
   545.0000     0.0001   102.9770   -42.2608   125.5970   -83.8171    15.7549  -127.3520
   545.0000     0.0001    56.1002   117.7360    23.2625   -82.3498  -239.2070  -227.7410
   545.0000     0.0001    91.6582   111.7820    95.3788   -34.5736  -293.9530     2.0748
   545.0000     0.0001    62.8239    54.2413    41.3237   -54.3747    -4.7665  -151.1610
   545.0000     0.0001    24.4332   285.0670   -20.4832    75.2203   105.3970    80.9212
   545.0000     0.0001   -13.7089   217.2180  -100.1550    49.3986   124.4480     2.2831
   545.0000     0.0001    91.2710   102.6990    76.8749   139.9680  -430.4860    10.0271
   545.0000     0.0001    81.9725    72.4481    67.1449     6.2278  -269.4860  -178.1720
   545.0000     0.0001    93.5345   214.3920    44.4691    81.0157   -98.5978   178.3780
   545.0000     0.0001    17.2692   201.9160    -6.7998    87.1347   145.2840    80.0090
   545.0000     0.0001    31.6206    95.0210     2.3087   -12.1590   282.6610   -78.3943
   545.0000     0.0001    63.2805    43.9047     4.0295   -15.1790    79.0669    62.1565
   545.0000     0.0001    61.8482   247.2550    48.3762   131.2770     0.5716   151.8180
   545.0000     0.0001   252.7580   -25.2313   155.0000   -64.7047  -118.5730   -16.4577
   545.0000     0.0001    88.7925   118.7490    76.2036   -70.6400  -381.3930   114.9600
   545.0000     0.0001    67.7003   237.4320   -63.7622   112.6860   107.9630    35.6570
   545.0000     0.0001    41.8654   156.7310   -14.3687    60.3277   232.3360    14.6410
   545.0000     0.0001    70.8969   181.7340    49.7958    63.0081  -117.1300   114.6900
   545.0000     0.0001    61.8465    54.9851    46.3725   -90.8449   -88.8287  -184.8890
   545.0000     0.0001    46.9306   242.3720    24.9662   103.7100    -5.0074   140.0790
   545.0000     0.0001    18.7731   242.9630   -22.5771    69.9601    83.6731   106.9180
   545.0000     0.0001    82.9303   236.3170    69.3415   100.2650   -47.7904   141.9870
   545.0000     0.0001    39.8472   285.1440   -46.4894    64.4628    95.0087    59.4641
   545.0000     0.0001    71.5320    54.8960    43.9630   -46.5049  -101.5330  -181.5430
   545.0000     0.0001   140.0000    58.1763    82.9225   215.1450  -166.8200    45.4659
   545.0000     0.0001    80.2583    75.4080    64.8356     1.4604  -307.1800  -185.3850
   545.0000     0.0001    84.4750    90.6008    89.5304   -16.3030  -347.1710   -63.3217
   545.0000     0.0001    44.9699   250.5720   -95.1934    54.1348   132.7870    24.8366
   545.0000     0.0001    20.9982   263.7020     0.4798    80.5032    65.3701   107.0550
   545.0000     0.0001    78.9939   137.1810    58.4090    91.6915  -319.1450   153.2570
   545.0000     0.0001    17.5438   272.3540     2.9367    47.2938    67.1153   105.7060
   545.0000     0.0001    85.6071   105.6270    66.4413  -457.0660   111.5330    43.1945
   545.0000     0.0001   117.6250    13.0452    50.0646    55.8336  -154.1390   -35.1036
   545.0000     0.0001    77.5286   116.6890    79.3995  -128.3850  -123.9800   -57.8838
   545.0000     0.0001   -11.4366   203.6230   -54.5438    31.8001   124.6510    53.0182
   545.0000     0.0001     2.2380   267.3650   -58.7320    40.4137   130.2830    32.5622
   545.0000     0.0001    73.4890    46.1059    61.9849   -92.2689   -95.9124  -102.8740
   545.0000     0.0001    64.7129    50.8794    42.8602  -100.0470   -37.1507  -138.5040
   545.0000     0.0001    72.4355   258.8160    12.1332   121.4260    40.7064   135.3400
   545.0000     0.0001    67.6035    58.0881    37.1301   -43.1520    11.2771  -161.4930
   545.0000     0.0001    41.2162   262.2380    -8.5206   110.2890    63.3105    91.9440
   545.0000     0.0001    63.8613   188.9830    69.6418    82.1647   -88.1982   219.9140
   545.0000     0.0001    43.0147   271.4910   -19.6125    97.6756    89.8480    91.3385
   545.0000     0.0001    57.1086   205.1240   -25.6872    76.4172   131.6710    82.7079
   545.0000     0.0001    14.6868   206.8260   -40.5327    89.1567   139.5670    46.8170
   545.0000     0.0001   -23.6554   288.3220  -107.7740     7.6098   149.0100   -16.0620
   545.0000     0.0001    19.5243   267.1550  -122.7260    53.1491   139.1040   -27.7937
   545.0000     0.0001    88.4530    77.3010    85.6956   -79.2327  -294.0520    19.8645
   545.0000     0.0001    54.8215    66.2043    34.1855   -23.2839    93.0106  -138.2440
   545.0000     0.0001    -0.8883   262.5260   -31.2410    49.6619    94.1614    78.4655
   545.0000     0.0001    61.5376   281.3730   -29.4784    86.4511   112.0330    83.1647
   545.0000     0.0001    86.1683   234.6810    48.7323   118.6900   -31.4633   197.5130
   545.0000     0.0001    21.5830   273.6850   -18.0965    76.2499    95.8330    88.9434
   545.0000     0.0001    36.2045    94.9747   -10.3969    37.5269   254.3800  -106.9860
   545.0000     0.0001    48.0523   277.8020    24.3851    94.7818    52.4768   111.6350
   545.0000     0.0001    69.4730    50.0953    52.6942   -36.8571   -77.4723  -145.3260
   545.0000     0.0001    72.9911   251.9790    43.6099    90.5314   -15.6951   144.4380
   545.0000     0.0001    64.6679    56.7290    35.5398   -34.1375    33.9309  -137.8240
   545.0000     0.0001    90.3804   -10.7430    94.1926  -103.7450    45.7727  -170.5460
   545.0000     0.0001    79.4292   219.8890    37.8720    99.2349   -88.8008   175.5390
   545.0000     0.0001    46.7085   276.9740   -35.3883    98.2194   110.8360    71.6844
   545.0000     0.0001    62.0983   237.2100    43.4684   129.8770    -5.4745   177.8090
   545.0000     0.0001    23.3611   143.7060   -14.8649    -0.0874   223.0330    10.6911
   545.0000     0.0001    57.3069   283.5330   -28.2226   104.0600    87.4815    62.5085
   545.0000     0.0001    80.7188    81.0339    71.9204   -32.6220  -373.5550     4.7322
   545.0000     0.0001    80.0800   135.1910    76.8466    86.7197  -329.4740    88.5529
   545.0000     0.0001    79.7927    64.8758    55.3259   -13.2118  -272.3250  -185.6880
   545.0000     0.0001    65.2376   124.2950     4.6908    26.7621   -91.9109   330.4880
   545.0000     0.0001    68.0135    52.4847    51.5042   -41.3423  -120.6030  -168.3460
   545.0000     0.0001    40.6592   -14.5077    33.6341   -57.4307   102.5960  -162.1140
   545.0000     0.0001    88.8394    67.5793    50.9125   -48.6526  -128.6060  -232.6620
   545.0000     0.0001    40.7100   245.7180    21.3839    94.8309    29.4371   149.9850
   545.0000     0.0001    32.9953   180.5220    -0.0850    84.0732   199.2380    50.3712
   545.0000     0.0001    37.1503   117.0400    -9.3853    79.8024   263.7670   -64.2723
   545.0000     0.0001   325.8490   107.0450   149.4780    11.2863  -158.3140    16.6867
   545.0000     0.0001    77.6754    74.9432    67.2822   -82.2893  -284.5820  -169.6300
   545.0000     0.0001    66.8033   225.1290    52.7399   146.5430   -40.8381   191.2780
   545.0000     0.0001    41.9328   152.7740    -6.6776   118.3960   234.9530    22.7878
   545.0000     0.0001    81.0356   228.8630    36.6811   123.7740   -37.0426   180.2740
   545.0000     0.0001    64.4298   227.1980    36.9036   122.8810    -4.2659   202.4830
   545.0000     0.0001    37.1411   256.9320     9.7236   104.6910    55.3852   121.1230
   545.0000     0.0001   141.1990   -55.2528   150.4660   -73.9628   -35.2045  -105.9040
   545.0000     0.0001    73.8792   225.4820    36.3034   124.8900   -83.7225   126.9660
   545.0000     0.0001    39.0734    44.0448    26.8538   -56.8996   230.6340  -157.1330
   545.0000     0.0001    96.2816    63.2267    45.4403    12.8962  -122.6760  -204.8420
   545.0000     0.0001    40.7818   266.6330   -11.6263    99.8017    77.9893    99.6371
   545.0000     0.0001    88.8252    84.2423    76.8540    33.6379  -356.7090   -26.8693
   545.0000     0.0001    37.0018   271.2500    -4.4634    66.6382    52.6275    92.2314
   545.0000     0.0001   -25.0804   212.7330   -54.5361     5.9009   112.9330    61.7692
   545.0000     0.0001    66.0851   111.7200    25.6048   -48.0000   -14.3192  -346.0300
   545.0000     0.0001   200.3250   -30.1254   238.8780   -34.4377   -81.2443   -56.9035
   545.0000     0.0001    93.7972    68.4286    63.6563     0.4555  -271.8190  -153.9830
   545.0000     0.0001    77.5385    65.8894    74.5570    83.0277   283.9050  -143.7100
   545.0000     0.0001    78.6273    78.7900    66.5500   -29.2617  -347.5720  -155.5450
   545.0000     0.0001    87.0433    60.0799    57.2659    -2.3594  -220.3360  -125.4730
   545.0000     0.0001    21.2660   255.8470     5.8177    75.5206   100.7360    86.6304
   545.0000     0.0001     7.2692   122.3070   -41.9387    97.9667   184.7760   -37.0966
   545.0000     0.0001   134.1300   -48.9404   157.9460   -62.8472   -20.5968  -114.1950
   545.0000     0.0001    32.5541   236.9170    -9.1306    83.1398    85.1042   130.2950
   545.0000     0.0001   232.4500   -62.0248   140.1210   -67.2785   -97.2837   -21.8298
   545.0000     0.0001    26.4667    72.0553   -21.1030    38.3506   217.5850  -107.6580
   545.0000     0.0001    54.8972    79.6351    30.6196   -33.0652   165.6050  -106.8020
   545.0000     0.0001    51.0400    75.5036    29.8186   -14.8403   127.9740  -137.5870
   545.0000     0.0001    14.3138   202.9130   -20.6137    64.5218   148.4760    80.5129
   545.0000     0.0001    98.2519   157.1570    85.2318    61.5522  -244.2370    93.4368
   545.0000     0.0001    92.2695    88.1217    78.9356    -7.5643  -391.6140   -69.6848
   545.0000     0.0001    66.1864   232.0710    43.2968   135.2570   -53.8465   133.0300
   545.0000     0.0001    48.2072   276.5340   -90.4750    76.9538   123.9570    17.2120
   545.0000     0.0001    26.8280   285.4480   -58.6482    68.5089   135.0040    30.2187
   545.0000     0.0001    92.4741    95.9643    56.5306  -365.5520   159.1230   193.0740
   545.0000     0.0001    93.8932   240.7910    34.0598   135.9830   -18.2396   161.0180
   545.0000     0.0001    32.8377    -2.8300    50.2045  -121.9710   128.7940  -107.1870
   545.0000     0.0001    73.8175   147.4400    66.6629   231.6560  -262.5160   159.4560
   545.0000     0.0001    48.7098   166.2180   -40.5880    88.4675   181.2370    75.6659
   545.0000     0.0001     4.0951   106.1300   -35.6509    73.4481   192.0440   -58.2599
   545.0000     0.0001    20.7471   294.8100   -97.0101    50.4380   142.9230    -0.2847
   545.0000     0.0001    47.3709    46.3311    31.8403   -86.5917   220.5100  -186.9690
   545.0000     0.0001    69.6291   182.1000   -47.1037   128.6270   152.7620    51.6923
   545.0000     0.0001    85.6974    54.2870    50.1152     4.1960  -165.5950  -125.4860
   545.0000     0.0001    84.1963   227.5340    39.5654   134.7760   -48.2974   184.1290
   545.0000     0.0001    90.9384    62.8877    74.6113   -58.1729  -199.9760  -113.4460
   545.0000     0.0001     8.8950   102.9180   -25.5992    92.8240   204.5880   -63.0008
   545.0000     0.0001     9.7402   211.7660    -9.9329    43.8900   105.3230    95.4247
   545.0000     0.0001     9.6080   257.9310   -40.5862    65.6924   107.1720    71.4714
   545.0000     0.0001   142.5290    35.3898    79.8007   127.3160  -152.2040     5.0633
   545.0000     0.0001    82.2042   -12.6742   103.2820   -93.4059    44.5273  -170.5080
   545.0000     0.0001   121.8200    37.6293    70.1736   124.7700  -232.2390   -10.8812
   545.0000     0.0001    51.0555    79.5954    69.9090  -139.1660    40.5599   132.3930
   545.0000     0.0001    63.1975   253.2620   -11.7782   128.6140    93.0732    90.6855
   545.0000     0.0001   100.4340   140.7890    64.1804    49.1230  -251.3780   220.5820
