#         t          m          x          y          z         vx         vy         vz
   485.0000     0.0001    31.1623   128.1950    -8.6592    39.4115   187.8760   -32.9059
   485.0000     0.0001    30.1494   153.0650    -5.6341    80.9162   207.0630    12.2285
   485.0000     0.0001    26.1926   134.1350   -11.8513    51.0833   223.3570   -96.2539
   485.0000     0.0001    12.4622   125.9420   -34.4617   -91.2832   264.9050  -176.9470
   485.0000     0.0001     4.4077   100.8790    -7.9342   -50.9718   238.8040  -123.7120
   485.0000     0.0001    17.2893   163.7440   -35.1519    12.7214   150.9110     2.1021
   485.0000     0.0001    11.7787    71.8282   -24.7450  -118.1760   113.7180  -227.8180
   485.0000     0.0001    -1.8427   118.7690   -28.6833   -54.0213   244.7340  -140.9630
   485.0000     0.0001     6.2483   127.1640   -33.6701   -61.2324   213.7900  -101.7860
   485.0000     0.0001    32.8242   150.2310    -6.4707    52.0308   206.8070    16.7847
   485.0000     0.0001    77.0697    17.8775   124.2680   -73.3089   -60.9988  -125.0320
   485.0000     0.0001    -9.5077   160.2910   -32.0754    -7.4794   110.6880   -81.9325
   485.0000     0.0001   -35.7015    37.6619     8.1687   -34.6401   -92.4277     1.2199
   485.0000     0.0001    37.2426    58.9572    17.9016  -150.2040    91.8336  -218.7430
   485.0000     0.0001    29.4234   138.1070    -8.3060    61.3058   252.8230   -64.9603
   485.0000     0.0001    21.5099   129.0250    -5.9894    57.7639   244.5770   -57.8874
   485.0000     0.0001    17.2720   181.4890   -11.9626    20.0476   134.6190    77.2582
   485.0000     0.0001    15.8259   115.5130   -31.9724   -12.3803   233.2860  -105.9710
   485.0000     0.0001    17.9904    89.9787     1.1597  -128.4960   186.4280  -231.6160
   485.0000     0.0001    19.6136   110.6240     4.2430  -123.5130   141.9570  -270.1030
   485.0000     0.0001     8.0074   151.7130   -16.4619   -12.4570   170.0930    50.4511
   485.0000     0.0001    34.0560   150.6270    -8.9725    59.1587   212.3670   -19.0340
   485.0000     0.0001     4.0893   123.2310   -28.3919   -74.0907   281.2340  -123.5940
   485.0000     0.0001    52.2629   128.0590    90.9715    92.1350   150.5180  -140.5760
   485.0000     0.0001    33.2574   137.4110   -11.9508    56.2343   214.1340   -55.1449
   485.0000     0.0001     4.3694    83.4403   -25.6253  -141.4920   140.5020  -193.5480
   485.0000     0.0001     4.7125    94.6187   -20.0517  -123.9850   190.9130  -213.2470
   485.0000     0.0001    14.8535   112.9970   -27.9786   -81.7136   236.7800  -134.4070
   485.0000     0.0001    17.2893   163.7440   -35.1519    12.7214   150.9110     2.1021
   485.0000     0.0001    20.7039   189.4970     9.1816    44.7684   129.5540    88.6586
   485.0000     0.0001     5.0781   179.7350   -27.4687    49.5301   -20.6231   122.5060
   485.0000     0.0001    26.2822   143.4940    -7.5904    44.7659   214.5780   -36.4021
   485.0000     0.0001    34.5850   143.0400    -8.1021    27.2139   197.5300    17.8393
   485.0000     0.0001     9.1430   141.7920   -19.2425     8.9034   178.1960    58.7425
   485.0000     0.0001   130.5490    10.5470   166.2040   -46.1811  -101.0970   -51.2052
   485.0000     0.0001   220.4190    30.8587   226.6310    22.7736  -123.6020    28.6492
   485.0000     0.0001   184.6660    25.3239   183.4540   -14.4070  -128.7370    -6.3251
   485.0000     0.0001    -0.1919   104.6070   -39.0128  -106.3990   201.6660  -214.5110
   485.0000     0.0001     4.4077   100.8790    -7.9342   -50.9718   238.8040  -123.7120
   485.0000     0.0001     4.4153   113.8710   -24.7936   -55.2708   265.7180  -127.1400
   485.0000     0.0001    34.3552    51.6763    63.5353   -80.6600    54.9025  -225.3830
   485.0000     0.0001    29.2507   128.6300   -12.6318    26.1815   241.8900   -70.4465
   485.0000     0.0001   137.9530    47.7597    66.0792    94.4508   -39.1533    75.9237
   485.0000     0.0001    14.0679   158.5590   -23.1804   -12.9096   170.4230    25.6621
   485.0000     0.0001    29.5398   138.0290    -9.3154    36.2796   245.8280   -57.8642
   485.0000     0.0001   225.0180    48.6973   148.2680   -10.7528  -156.0150    20.7202
   485.0000     0.0001     9.8820   106.9340   -26.9412   -38.7392   244.4840  -195.0880
   485.0000     0.0001    22.1717   132.1300    -6.4603    22.5208   254.0570   -69.0219
   485.0000     0.0001    83.1993    14.7737   147.4560   -41.4012   -79.7116  -111.8610
   485.0000     0.0001    32.5837   150.9580    -6.2755    50.5495   199.7710    17.3510
   485.0000     0.0001     6.3844   133.6070   -29.6496   -28.9501   308.0300  -147.0060
   485.0000     0.0001    20.7986   105.8660   -16.1910   -30.6547   267.6250  -174.3580
   485.0000     0.0001   191.6850    26.4127   188.7760    -0.9214  -142.7830     2.7393
   485.0000     0.0001    63.8120    63.0718    31.1839  -112.0690    48.7951  -251.2600
   485.0000     0.0001    13.1526   104.7520   -27.5921   -46.3085   246.1690  -168.2760
   485.0000     0.0001    42.0406   115.4900   -39.2992     4.3899   -22.2129  -209.3320
   485.0000     0.0001     2.5595   145.4030   -15.1287    -7.9518   163.8900     4.5882
   485.0000     0.0001    18.3021   125.4710   -35.0022   -66.2955   272.3420  -183.0920
   485.0000     0.0001    -9.5077   160.2910   -32.0754    -7.4794   110.6880   -81.9325
   485.0000     0.0001    -0.7446    92.1016    40.4413  -239.4030  -172.0610    52.3392
   485.0000     0.0001    11.4445    89.2325   -19.9324   -28.6202   199.0950  -162.8570
   485.0000     0.0001    34.8660    74.9432    28.1044   -90.2664   134.4530  -278.9850
   485.0000     0.0001   126.4110    21.0637   162.1130   -53.3845  -101.4360   -60.2236
   485.0000     0.0001    11.0570   172.9880    -5.0049    34.4475   165.8920    78.3151
   485.0000     0.0001     1.4434   112.6370   -23.3782   -42.6409   250.5830  -111.1910
   485.0000     0.0001    62.3421    36.2115   102.7000   -89.6025   -24.8307  -164.3130
   485.0000     0.0001    72.2625    28.5834    96.4907  -103.9140   -73.3976  -153.5540
   485.0000     0.0001   113.7020    19.3830   -77.8257    59.3894   -26.7407    30.2417
   485.0000     0.0001    26.1926   134.1350   -11.8513    51.0833   223.3570   -96.2539
   485.0000     0.0001    19.7320   142.9500     4.6614    34.3795   183.5580    74.4817
   485.0000     0.0001   141.3190    84.6044    99.0915     7.1207  -167.8900    11.0897
   485.0000     0.0001   135.4550    18.8734   176.3890   -45.3437  -116.3510   -38.6558
   485.0000     0.0001    29.5826   152.0940    -5.5378   117.4380   195.9630    39.2317
   485.0000     0.0001     8.7812   113.5310   -38.0958    33.4408   202.5140  -168.3900
   485.0000     0.0001    -8.2366   184.8380   -13.1776    -5.1767   105.2390    85.2187
   485.0000     0.0001    27.1342   137.9250    -6.2988    60.6562   249.8660   -38.5269
   485.0000     0.0001    -7.0332   171.9060   -19.5888    12.1684   150.1560    79.6098
   485.0000     0.0001    24.9729   148.7070    -7.0337    62.3027   174.7130    18.4960
   485.0000     0.0001    -5.4714   112.4770   -24.8186   -38.2367   203.9240  -148.8950
   485.0000     0.0001    16.8145   145.0100    -5.5880    -6.1726   186.6590     3.2609
   485.0000     0.0001     2.9620   103.5080   -27.4076   -93.0507   212.5260  -190.6000
   485.0000     0.0001   173.1660     1.3354   197.2370    -8.2674  -131.1360    -9.2873
   485.0000     0.0001    10.5887    95.2839   -29.0840  -109.6640   182.5800  -222.3440
   485.0000     0.0001    74.0621    49.7516    50.2018  -149.0490   -18.1313  -192.7940
   485.0000     0.0001   -30.1458   136.4040   -78.7805    43.3055    -7.7899    85.0850
   485.0000     0.0001    26.3450   141.6930    -7.1276   -64.6827   197.1220    53.3306
   485.0000     0.0001     5.1815   113.8000   -32.3921  -123.2090   240.2310  -186.1680
   485.0000     0.0001   127.7040    26.7088   160.9640   -58.9052  -105.8770   -58.8829
   485.0000     0.0001     6.3927   141.0820   -17.5981   -11.7194   232.1150  -102.5780
   485.0000     0.0001     0.7838   130.5140   -26.1923   -84.9402   259.6960   -86.4493
   485.0000     0.0001   175.0780    19.0166   239.0430     2.7191  -122.5960    17.5854
   485.0000     0.0001    18.7819    99.2564   -20.2528   -28.6833   230.8040  -143.4780
   485.0000     0.0001    66.3063    47.2110    41.4552  -127.8950    12.6111  -218.1110
   485.0000     0.0001    31.2614   203.4900   -19.8472    72.3137    74.1239    74.3170
   485.0000     0.0001     5.5855   126.6700   -33.7416   -71.8018   285.2650  -184.1560
   485.0000     0.0001   131.9140    20.8389   173.9770   -37.3953   -98.0236   -54.3506
   485.0000     0.0001    58.3929    15.3121   149.3550   -70.9181   -85.5665  -101.5250
   485.0000     0.0001    -2.8412   115.2090   -28.1933   -47.7119   240.2970  -142.5600
   485.0000     0.0001    23.5531   113.6380   -20.7800   -36.5474   278.8180  -177.4360
   485.0000     0.0001     3.9831   122.0050   -27.6911   -84.8548   257.8140  -103.7270
   485.0000     0.0001   124.8020   376.5060   100.0620   182.2950   -62.2280    69.4773
   485.0000     0.0001    15.3524   142.6650   -26.7637     5.6994   178.2180   -22.8587
   485.0000     0.0001   134.4460    21.6699    90.3027    86.9786   -63.9445    78.9588
   485.0000     0.0001     9.2508   118.4290   -30.9222   -74.6984   151.1850   -20.7425
   485.0000     0.0001    -1.5977   110.0820   -26.3296   -69.1813   223.4830  -133.7430
   485.0000     0.0001    40.1701    74.0712    28.4630  -177.8920   113.6050  -228.4550
   485.0000     0.0001     5.9400   116.2490   -38.8654  -126.0160   211.8990  -182.4170
   485.0000     0.0001    23.4131   135.1170    -1.4690    27.8136   263.1220     3.1007
   485.0000     0.0001   140.9090    39.9153    83.6018    42.2377    42.3489    50.5330
   485.0000     0.0001     1.5113   114.9570   -10.2891   -27.8420   271.1460  -131.3100
   485.0000     0.0001    22.3178    95.3143     4.1082   -83.8790   209.9790  -238.5700
   485.0000     0.0001    13.3064   177.3290    -3.4033    43.1214   152.6910    77.5383
   485.0000     0.0001   122.7800    82.5675    98.2414    34.0092    41.2394    68.1002
   485.0000     0.0001     8.0899   123.0700   -35.9897  -107.0140   251.4380  -172.3150
   485.0000     0.0001     3.5616   103.8460   -25.0145   -75.0034   213.9690  -152.4160
   485.0000     0.0001     4.8579   121.2550   -28.9348   -85.6208   269.0550  -114.6500
   485.0000     0.0001   -50.4313   128.8460   -61.6939    34.7033    -5.5812    85.0594
   485.0000     0.0001    96.4101    32.2498   124.6330   -94.2991   -80.6190  -108.7890
   485.0000     0.0001    20.0215   101.0130   -14.8588   -17.7016   249.6800  -163.9690
   485.0000     0.0001    28.1260   127.6390   -12.6638     6.9265   190.6170   -69.1647
   485.0000     0.0001    31.0813    74.7820    45.9347    -5.6306    59.9283  -192.7190
   485.0000     0.0001    22.3753   137.0030   -10.5745    13.4091   185.8990   -14.7150
   485.0000     0.0001     0.0105    85.5301   -31.6695  -109.9590   159.4130  -224.9010
   485.0000     0.0001     2.4843   120.3530   -31.7523   -91.7428   261.6640  -133.4710
   485.0000     0.0001   126.8010    23.8250   182.0700   -51.4318  -131.6840   -30.3017
   485.0000     0.0001   123.3190    79.8144   123.3440    54.9998    53.2489    91.1512
   485.0000     0.0001   197.5910    46.4274   238.1890    15.9012  -122.2680    28.2800
   485.0000     0.0001    65.2592    89.2307    96.4301    40.2346   163.2890   -19.8107
   485.0000     0.0001     8.1499   120.1640   -33.0191  -118.4970   265.5690  -166.5510
   485.0000     0.0001    23.6639   110.4480   -21.4682   -50.6031   228.7800  -107.2030
   485.0000     0.0001    33.9095   134.8570    -3.3596    55.6226   206.8740     7.6098
   485.0000     0.0001    61.2546    65.3229    57.9926  -119.9840   -69.7794  -121.2350
   485.0000     0.0001    -0.6234   121.9130   -32.3266   -80.3339   238.2080  -124.4300
   485.0000     0.0001    -1.8399   116.2370   -37.3796  -103.4490   240.9250  -208.7100
   485.0000     0.0001    25.2710   144.3640   -12.6262    70.7343   217.4080   -86.5144
   485.0000     0.0001     2.2239   119.9230   -28.3303   -14.1937   236.6880  -118.6190
   485.0000     0.0001     5.7270   116.6930   -23.9425   -12.0276   267.1790  -125.2360
   485.0000     0.0001    -5.8385    99.7593   -37.0251   -90.4781   194.9040  -212.5810
   485.0000     0.0001   137.6310    17.3530   170.0290   -45.2183  -116.5510   -44.9523
   485.0000     0.0001    31.2941   137.6930    -3.5618   104.9650   185.3360    16.8324
   485.0000     0.0001    21.5236   175.2090   -30.4208    37.5292   153.7880   -13.5831
   485.0000     0.0001    32.7018   130.6280   -17.6213    33.3902   194.6840   -77.3221
   485.0000     0.0001     5.7974   114.7670   -32.4526   -91.8277   212.1200  -128.7500
   485.0000     0.0001    -1.0920   122.2580   -30.5912   -62.1295   234.5750  -117.4070
   485.0000     0.0001    27.3360    39.4383    70.1849   -86.1990   -13.0538  -219.0640
   485.0000     0.0001    74.3547    33.5337   124.8880   -76.8500   -48.8563  -135.9450
   485.0000     0.0001    30.0587   140.6160    -5.5090    47.3328   207.6230    -8.9683
   485.0000     0.0001    -1.7221   119.7220   -31.0543   -74.6605   241.3470  -118.6170
   485.0000     0.0001    30.9544     5.5969   116.9100   -50.3678   -67.0098  -145.1390
   485.0000     0.0001     4.3270   105.5950   -18.7755   -53.7154   253.0740  -127.5490
   485.0000     0.0001     5.1016   127.2010   -35.4351   -99.7292   247.9210  -135.6850
   485.0000     0.0001   192.2600    32.6403   216.0090    -3.2975  -137.7320    19.2651
   485.0000     0.0001     6.0531   132.9580   -30.5358    -5.8214   230.2100  -153.4800
   485.0000     0.0001   213.3440    24.9287   171.5570   -11.0263  -148.9480    20.8435
   485.0000     0.0001     6.0890   120.2290   -28.3047   -91.8094   249.9260   -88.6708
   485.0000     0.0001    30.0408   133.1100   -13.2793     7.0985   186.2100   -27.8502
   485.0000     0.0001    83.4859    29.3031   130.9840   -86.7961  -100.5200  -113.7280
   485.0000     0.0001    11.8746    76.1768     3.5521  -124.4540   156.3570  -219.7590
   485.0000     0.0001    14.9644   122.9840   -37.9966   -44.5601   207.8130  -167.7010
   485.0000     0.0001   285.3170    58.5595   171.7720    57.2923  -152.9550    44.7917
   485.0000     0.0001    31.8546    80.4659    19.1015  -154.8680   154.8180  -241.3050
   485.0000     0.0001    28.5170   146.4650    -8.4280    60.7985   198.6960    20.3179
   485.0000     0.0001    16.5963   123.9640   -36.8525   -10.5633   211.2190  -102.9940
   485.0000     0.0001     9.3061    78.3600    -3.9226   -21.9656   130.8400  -271.3670
   485.0000     0.0001    26.4911   136.0580   -13.9103    29.8529   239.7560   -84.7047
   485.0000     0.0001    -2.4167   113.4720   -22.9839   -97.8697   244.0230  -145.4700
   485.0000     0.0001    19.1346   109.1250   -30.5535   -70.1094   235.4520  -211.9610
   485.0000     0.0001     0.0105    85.5301   -31.6695  -109.9590   159.4130  -224.9010
   485.0000     0.0001    22.8942    70.9332     4.6344   -87.6592   162.0880  -194.9220
   485.0000     0.0001    31.2359    39.1524    85.9826   -84.3472   -22.7881  -201.8330
   485.0000     0.0001     7.0811   105.4580   -25.5605  -102.4760   231.8810  -152.9210
   485.0000     0.0001    77.8787    56.5010    58.7787  -128.9740   -12.9084  -214.9670
   485.0000     0.0001    15.4888   162.3700    -6.5664    47.6874   188.0780    31.2080
   485.0000     0.0001    24.7888   137.5650   -11.5847   -33.8138   200.3930   -40.2728
   485.0000     0.0001    -1.4180    63.9143    -1.3978   -44.8958   104.5890  -250.7860
   485.0000     0.0001    30.2359   161.8420    -5.5088    51.2382   178.2770    44.3580
   485.0000     0.0001    28.4580   144.6480   -16.3972    35.1807   169.2940    -7.0629
   485.0000     0.0001    33.7463   157.6630    -3.6038    79.1470   191.9120    36.0798
   485.0000     0.0001     5.2814   130.5590   -32.2168   -84.6116   242.1200  -103.1090
   485.0000     0.0001   -37.0518   111.9600   -97.4231    39.5609   -25.3260    76.2058
   485.0000     0.0001    52.6948    67.4705    24.0633   -94.0772    91.1320  -266.4220
   485.0000     0.0001     0.3654   125.9550   -24.2980   -62.4619   294.8750  -114.7940
   485.0000     0.0001     3.0300   118.1690   -32.4087   -92.6692   230.0270  -116.1170
   485.0000     0.0001    13.4414   130.8690     0.8939    23.1069   170.0040    63.4924
   485.0000     0.0001   -41.5225   164.2790   -32.1962    57.9269    -1.6195   108.9240
   485.0000     0.0001   141.1920   100.0800    88.0629    12.0195  -179.8540    13.8444
   485.0000     0.0001    -2.4937   119.2790   -27.5659   -52.0563   243.9180  -117.5090
   485.0000     0.0001   -23.2749   175.8180   -42.7250    64.1798    -4.6866   108.4120
   485.0000     0.0001    -1.2344   123.1830   -28.3976   -42.1544   255.0690  -136.0410
   485.0000     0.0001    31.3247   111.8860     9.5726   -54.1386  -162.3000    50.1847
   485.0000     0.0001    24.7721   133.7600    -7.8922    33.2432   252.6120   -48.6348
   485.0000     0.0001     2.8367    93.3765   -29.1868  -102.0180   192.0760  -216.8410
   485.0000     0.0001   -56.8822   105.2160   -70.4645    49.4372   -25.6520    82.7958
   485.0000     0.0001    27.7124   126.8420    -9.9005    -2.4989   181.9840   -13.6212
   485.0000     0.0001    31.1485   132.4470    -0.7429    14.5149   219.3860    35.2271
   485.0000     0.0001    18.3886   132.7490   -36.0800   -18.5650   274.3170  -136.9110
   485.0000     0.0001    11.8871    99.4116   -23.5264   -91.9720   220.9060  -194.8650
   485.0000     0.0001    57.7107    57.0506    99.5229   -99.9991   -27.6388  -195.0110
   485.0000     0.0001    28.1390   127.2090   -12.0859    -8.8062   200.1200   -59.5070
   485.0000     0.0001    -5.8776   163.1700   -34.8621    13.7292   151.3210    46.6156
   485.0000     0.0001   165.0350    25.0403   196.5770   -16.5176  -122.0040   -19.4455
   485.0000     0.0001   127.6770    52.2026    93.9511    59.6462    23.2335    76.0278
   485.0000     0.0001    -1.6946   109.2310   -29.7145  -115.2420   216.3320  -129.9060
   485.0000     0.0001    17.2143   144.1340   -10.5506    90.2361   168.0770     4.7785
   485.0000     0.0001    35.2771   137.3860    -2.4927    89.1846   208.8570     6.7286
   485.0000     0.0001    33.8142   154.5200    -4.1156    84.5557   214.6170    16.1185
   485.0000     0.0001    -4.5719   168.3360   -68.2189    30.3873    89.0070   -17.1093
   485.0000     0.0001    13.6982   148.9440   -17.0375    -0.5845   177.0760   -14.5676
   485.0000     0.0001   180.1410   318.1420   119.3090   171.3960  -107.7880    52.7976
   485.0000     0.0001   244.6890    95.0779   156.1680    25.6764  -165.3180    36.4841
   485.0000     0.0001    72.8295   128.8650    -7.3946    75.1531  -149.0500   -61.0674
   485.0000     0.0001    98.5082   128.0580   -70.7201    44.3537   -11.1169     6.3212
   485.0000     0.0001    27.8612   130.4500    -0.1909    62.3004   236.7660   -29.0040
   485.0000     0.0001    26.7765   134.5490    -8.0495    92.4641   177.8220   -31.1139
   485.0000     0.0001    10.0275   110.6040   -16.7492    -1.3110   230.3750  -251.9330
   485.0000     0.0001    20.8012    93.0548    -0.6883  -127.4020   206.4490  -217.0430
   485.0000     0.0001    -0.2238   126.3330   -22.9766   -54.0158   253.9600   -74.0428
   485.0000     0.0001     1.7522   168.1580   -35.2298    52.5494   -19.0341   134.2400
   485.0000     0.0001     8.1880   121.1660   -34.4985   -12.0730   199.0680  -164.2170
   485.0000     0.0001   -42.4024   152.4980   -34.8377    74.8397   -24.4204   111.6160
   485.0000     0.0001    28.9259   128.7450   -11.0437     6.2896   212.5220   -68.7037
   485.0000     0.0001   132.1710    73.5260    91.9379    53.3254    38.3604    86.1279
   485.0000     0.0001     3.7444   105.2400   -25.0364  -108.7940   163.7610   -73.1082
   485.0000     0.0001     0.9672   100.7040   -26.4437   -71.1843   220.4750  -193.5920
   485.0000     0.0001    14.8859   112.5690   -32.2729   -20.8022   242.6730  -230.3310
   485.0000     0.0001   224.1810   302.7680   118.4040   150.3390  -116.1940    51.6664
   485.0000     0.0001    38.6239    69.8511    24.4340  -153.3140   119.4400  -233.5640
   485.0000     0.0001    14.8254   144.0350   -25.2561    12.4398   181.3230   -26.1520
   485.0000     0.0001     0.7773   119.5420   -30.5876   -87.5729   223.4530  -128.8980
   485.0000     0.0001   135.8160    98.8155    89.1975     4.0898  -178.6060     9.1105
   485.0000     0.0001    40.6562   192.3440   -35.6795    97.9021    93.7163    58.5395
   485.0000     0.0001    -8.6587   126.2400   -37.0164   -46.9089   201.5300  -176.9790
   485.0000     0.0001    21.8229   155.0840   -18.8237    49.0751   188.5830   -19.3838
   485.0000     0.0001     2.7197   121.5690   -38.6935   -98.0898   238.1030  -164.1920
   485.0000     0.0001    -1.2987   119.0750   -29.8036   -71.0339   230.4790  -127.8780
   485.0000     0.0001    19.2220   122.2970   -34.7322    34.8456   269.3300  -177.3550
   485.0000     0.0001     5.2844    63.8038   -12.2520   -76.6398   118.9360  -178.5130
   485.0000     0.0001    29.4618   146.4350   -11.1590    58.1799   198.2590     7.5060
   485.0000     0.0001    13.3903   125.8630   -39.4763    -2.0698   211.3910  -130.5970
   485.0000     0.0001    -9.6820   177.2530   -23.1901   -12.8634   117.0490    70.6788
   485.0000     0.0001    31.5700   145.8910   -14.5971    54.0786   197.4840    11.7672
   485.0000     0.0001    91.7390    39.5599    89.0462   -58.7101   -39.2210  -180.9000
   485.0000     0.0001    -0.5849   128.7290   -16.7331   -17.0489   273.9520   -88.5278
   485.0000     0.0001     1.0118   122.9870   -23.6234   -46.0058   240.3080   -84.0038
   485.0000     0.0001   204.8680    20.2337   166.8320   -13.5547  -149.7850    23.5076
   485.0000     0.0001   -48.3751   113.5220   -90.1343    28.3711   -10.6362    59.2945
   485.0000     0.0001   222.1090    25.2406   126.0570   -12.1183  -160.6660    12.1385
   485.0000     0.0001   -51.9822   103.0790  -109.8420    21.6953   -18.8944    40.2980
   485.0000     0.0001   152.0000    58.4647   198.0130   -27.8179  -125.7830   -27.1849
   485.0000     0.0001    10.5442   191.4310   -14.7070    60.5855   131.6330    85.8751
   485.0000     0.0001    70.6535    28.1206   125.4530   -91.2014   -79.5397  -128.1450
   485.0000     0.0001   115.3020    16.8478   149.3580   -68.3657   -91.2176   -68.9206
   485.0000     0.0001    28.3968   130.6370   -10.4657    17.1324   222.9790   -87.2588
   485.0000     0.0001     6.8542   115.6440   -31.5712   -87.7859   238.8920  -134.8390
   485.0000     0.0001    61.6099    31.7672   125.0570   -87.8588   -72.6947  -138.0240
   485.0000     0.0001     2.4271   100.2710   -13.5364   -77.4822   212.5100  -227.2870
   485.0000     0.0001     5.8013   124.0310   -37.4418   -97.5594   221.3210  -172.1980
   485.0000     0.0001   122.4140    53.8227   100.9910    58.2983    40.4280    85.2790
   485.0000     0.0001    33.4405   136.5330    -5.0009    78.5879   193.5910     8.3088
   485.0000     0.0001     3.5256   114.7560   -32.0925   -81.0325   218.3120  -105.9850
   485.0000     0.0001    22.6132    37.4970    52.1451   -85.4195     4.6413  -231.6200
   485.0000     0.0001    31.9713    64.3981    45.7701   -81.8038    91.7305  -261.6560
   485.0000     0.0001    23.4842   139.7310   -10.8098    48.2610   254.0910   -64.1014
   485.0000     0.0001    88.6978    30.9650   122.8560   -72.7806   -53.4571  -129.1360
   485.0000     0.0001    28.1395   136.3640   -12.8693    54.4355   237.4610   -87.8477
   485.0000     0.0001    47.5102    30.4289    88.0057   -92.9125    -9.2941  -175.3040
   485.0000     0.0001    23.8976   101.5740   -14.3518   -35.8146   231.9110  -218.4550
   485.0000     0.0001    31.3891   140.6730   -10.3928    20.8077   200.5410    -4.7427
   485.0000     0.0001    89.4206    26.2790   120.6050   -94.5268   -62.0065  -112.6760
   485.0000     0.0001    28.1080   159.4890   -12.9539    52.7138   184.6380    -0.4729
   485.0000     0.0001    31.3089   141.1180   -12.5206    82.0332   184.6030   -11.0804
   485.0000     0.0001    24.2716   136.6500    -7.6901    46.3330   233.6050   -50.4020
   485.0000     0.0001     0.3354   123.4260   -21.2617   -38.7359   264.6080  -112.8740
   485.0000     0.0001    -5.4126   101.1580   -23.6450   -81.0095   194.4730  -234.5020
   485.0000     0.0001    20.8750   122.2280   -33.7697    26.5586   213.1260  -129.4360
   485.0000     0.0001     0.3448   122.3280   -23.5497   -41.6392   225.4190   -68.6051
   485.0000     0.0001    30.5105   135.3920    -7.0507    72.0594   184.1730   -17.2822
   485.0000     0.0001    60.4643    28.8786   108.3510   -78.9555   -32.9104  -156.3870
   485.0000     0.0001     3.8410   192.9910   -44.2978    21.1730    33.8427    74.2924
   485.0000     0.0001    20.6197   109.0660   -27.3828   -31.9719   218.9240   -94.4818
   485.0000     0.0001    23.8133   123.6380    -8.2262    69.5407   157.3460   -49.4321
   485.0000     0.0001   199.0600    80.8444   240.7770    19.6737  -127.6600    23.5097
   485.0000     0.0001   -15.0841   195.2220   -37.4981    61.5902    54.7226    80.7541
   485.0000     0.0001     5.2624   120.4630   -27.5801   -60.2764   247.7600   -89.3601
   485.0000     0.0001   110.0960    37.5093   103.9670   -88.2980   -87.5297  -132.7880
   485.0000     0.0001    56.8837    49.3241    88.0152   -77.6178    -9.2428  -211.7220
   485.0000     0.0001     5.0132    95.2051   -11.3679   -95.5852   191.2590  -228.9550
   485.0000     0.0001    -1.6072   121.2260   -31.5956   -85.7737   232.6570  -116.2750
   485.0000     0.0001     3.4770   113.3940   -32.2693   -98.7292   249.4260  -163.2130
   485.0000     0.0001   102.6340     8.1420   165.5520   -43.4771   -90.3087   -73.5793
   485.0000     0.0001   -34.6541   176.8480   -42.7699   -23.9666    59.6005    40.5036
   485.0000     0.0001     5.5855   126.6700   -33.7416   -71.8018   285.2650  -184.1560
   485.0000     0.0001    22.8074   157.4110   -38.5299    64.9277   168.1950   -24.3087
   485.0000     0.0001    28.2081   136.5630   -17.1487    48.7374   156.7890   -11.3191
   485.0000     0.0001    23.7663   184.8560   -12.2675    42.5443   143.3830    83.3673
   485.0000     0.0001    70.1648    28.0776   109.8220  -102.9730   -79.8260  -138.6180
   485.0000     0.0001   132.1710    73.5260    91.9379    53.3254    38.3604    86.1279
   485.0000     0.0001    30.5902   157.6910     3.1029    89.5664   166.2920    80.8783
   485.0000     0.0001    28.9863   136.6650    -7.5638     6.8054   179.6140    33.0524
   485.0000     0.0001    16.3807   123.9740   -33.2722   -90.5625   262.6460  -181.6150
   485.0000     0.0001    17.2485   166.4570    -4.8123     6.8486   154.8940    81.5412
   485.0000     0.0001     0.5194   125.6770   -20.1724   -29.8864   230.2890   -58.1064
   485.0000     0.0001     9.0275   112.6020   -26.9208   -42.4356   263.6690  -201.3550
   485.0000     0.0001     6.5194   122.1860   -30.0734   -68.6934   210.2380   -93.6530
   485.0000     0.0001    34.3087    60.5979    53.1407  -128.2110    66.7094  -231.1260
   485.0000     0.0001   123.0990    61.3513   187.3370   -22.9434  -110.7470   -63.6708
   485.0000     0.0001   103.0470    20.2546   148.4960   -73.6149   -83.4991   -77.8474
   485.0000     0.0001   102.4390     1.7265   142.9450   -88.1507   -96.3286   -50.5259
   485.0000     0.0001    19.4800   151.2630   -30.8744   -16.7582   166.0700    -5.3109
   485.0000     0.0001   114.1620    36.8905   157.3660   -65.7956  -101.6880   -75.4546
   485.0000     0.0001   234.7900    36.7522   232.1380    32.1217  -140.8550    46.0411
   485.0000     0.0001     9.1418    98.8078    -3.7664   -83.6624   241.6140  -184.3930
   485.0000     0.0001    28.5159   146.0940    -1.2357   126.2360   188.6790    37.5117
   485.0000     0.0001   114.4650    27.9269   140.5680   -68.3644   -95.2601   -89.4917
   485.0000     0.0001    72.8660    30.0552   131.8450   -70.1978   -58.3987  -130.8610
   485.0000     0.0001    20.4969   107.3130   -16.7658    -5.5868   265.8910  -163.3400
   485.0000     0.0001    42.1226   125.1360    48.8881     6.6084  -137.9960  -371.6090
   485.0000     0.0001    18.5968   106.5010   -18.8057     5.6015   248.1650  -198.7130
   485.0000     0.0001    32.8046   143.9050   -10.4689    53.8982   210.4380   -10.7246
   485.0000     0.0001    23.9913   103.9010   -13.7652   -73.9066   228.7180  -103.4120
   485.0000     0.0001     8.1953   113.8200   -19.9481   -41.3041   222.6840   -89.8385
   485.0000     0.0001    43.4317    70.6694    16.5541  -138.8070    82.4873  -251.6650
   485.0000     0.0001   176.6480    35.5242   235.1300     7.9891  -121.6110     6.4822
   485.0000     0.0001     5.2214    92.8710   -13.8263    -1.7851   171.6990  -259.5010
   485.0000     0.0001    58.1986    31.2527   110.0570   -99.9592   -60.1085  -151.3180
   485.0000     0.0001    19.1346   109.1250   -30.5535   -70.1094   235.4520  -211.9610
   485.0000     0.0001    12.2961    88.4906   -11.6641    27.1014   175.3120  -250.7840
   485.0000     0.0001    31.3680   151.3960    -4.3244    49.4507   207.7020    37.6265
   485.0000     0.0001    30.5818   156.0820    -4.1471    36.8896   204.7000    17.5510
   485.0000     0.0001   -27.5772   189.2110   -24.5571    64.0964    34.0062    73.4620
   485.0000     0.0001    21.3761   138.0440    -9.2617    45.8401   250.6970   -65.4400
   485.0000     0.0001     9.1963   152.5810   -16.7429    24.8790   167.9970     1.7650
   485.0000     0.0001     2.5738   114.5200   -25.9368   -10.7801   239.5420  -202.3960
   485.0000     0.0001    12.9892    99.7354   -12.5208   -77.7748   229.5730  -210.2670
   485.0000     0.0001     5.0447   152.7040   -22.0477     7.4086   172.2480    27.8646
   485.0000     0.0001     1.5325   124.3650   -23.9532   -19.8802   249.9040  -101.3350
   485.0000     0.0001    57.7026    45.2821    63.0126  -147.0810     3.6836  -185.9360
   485.0000     0.0001    -6.3632   114.8010   -21.7110   -45.7106   241.0980  -133.9060
   485.0000     0.0001   137.0020    70.6406     3.3913   103.8330   -48.1244    25.6385
   485.0000     0.0001    16.5757    86.9675   -15.5325   -24.7510   205.4760  -176.2730
   485.0000     0.0001   222.1090    25.2406   126.0570   -12.1183  -160.6660    12.1385
   485.0000     0.0001    29.1118   128.5230    -8.3059    26.9933   174.1330   -22.9415
   485.0000     0.0001    24.8614   114.7060   -31.8150    15.1214   130.5100  -165.5710
   485.0000     0.0001    21.2153   108.6880   -18.7587   -25.8819   245.0200  -114.2540
   485.0000     0.0001    11.9159   143.0250   -24.1415   -31.9282   187.4610   -57.1672
   485.0000     0.0001   107.3640    60.2109    90.2863   -43.5389  -160.0740    -9.7037
   485.0000     0.0001     1.0820    75.9587     7.0251   -72.7017   125.0840  -255.0510
   485.0000     0.0001   245.6560   249.6660   125.3640   132.8020  -137.4620    45.2209
   485.0000     0.0001    77.1138    12.1336   125.3850   -61.1001   -59.7882  -123.8370
   485.0000     0.0001     6.9285   108.3990   -17.9190   -16.6027   228.0310  -216.1350
   485.0000     0.0001     0.7509   113.2730   -31.5849   -87.6896   221.9160  -143.2060
   485.0000     0.0001    26.0333   124.4250   -32.7861    34.6039   287.7090  -187.9540
   485.0000     0.0001   137.4530    34.1887   157.9090   -46.1583  -100.6370   -67.9512
   485.0000     0.0001    24.9850   144.0450    -9.7734    65.2786   174.6680    11.4465
   485.0000     0.0001    28.5894   156.3380    -1.1898    99.9202   168.8250    50.8490
   485.0000     0.0001   223.1010    11.6452   224.8050    19.8433  -144.1880    49.8922
   485.0000     0.0001    18.9744   104.4140   -16.8382   -90.8658   212.7330  -213.4660
   485.0000     0.0001    87.7445    49.6166    88.4446   -44.7241  -125.4000   -51.4860
   485.0000     0.0001     9.1464   119.2420   -36.4735   -62.7776   205.8210  -119.5640
   485.0000     0.0001   165.3470    22.1138   199.7540   -11.3903  -123.1500   -18.6695
   485.0000     0.0001    26.8704   129.0590    -0.1094    96.2525   241.2950     7.0271
   485.0000     0.0001    12.5783   127.8390   -34.0646   -13.1675   194.2270   -67.9028
   485.0000     0.0001    73.9980   105.0690    65.8511    97.9817   -41.0917    32.3340
   485.0000     0.0001    -1.1768   123.3730   -22.9600   -29.1017   270.2760  -115.0990
   485.0000     0.0001   160.9200    30.2012   193.6190   -22.1189  -111.7970   -24.1193
   485.0000     0.0001   147.2290    85.5908    65.9792    57.5749    40.5248    89.0342
   485.0000     0.0001   121.5820    62.7710    94.1130    50.4334    43.8039    74.4194
   485.0000     0.0001     8.3744   112.3450   -23.0971   -17.6652   242.9150  -196.0470
   485.0000     0.0001   -18.0372   182.2490   -53.8278    46.1502    31.7336    63.5961
   485.0000     0.0001    97.7720    32.7770   134.0880   -76.3842   -71.5406  -109.7830
   485.0000     0.0001     3.3043   119.3740   -22.6751   -75.6817   293.6510  -140.5140
   485.0000     0.0001     3.4626    89.8605   -10.5564   -62.5153   201.3320  -140.1450
   485.0000     0.0001   131.8230    80.3504    84.5747   -12.3595  -172.5160    -3.1378
   485.0000     0.0001     7.3387   127.8040   -36.5683   -93.3239   228.2390  -150.3640
   485.0000     0.0001   116.9110    33.9127   183.9440   -46.6384  -128.9860   -49.1190
   485.0000     0.0001   122.9220     8.2239   154.2750   -56.2341   -98.2025   -60.8963
   485.0000     0.0001    15.2595    88.6882   -26.8699   -74.7814   163.4170  -146.5930
   485.0000     0.0001    19.8890   127.5910     4.5273    48.3707   218.2530     9.5985
   485.0000     0.0001    26.8593   138.6760     0.1186   125.5260   196.5700    27.3827
   485.0000     0.0001    -3.4792   184.7230   -53.0573    -1.7102    33.2026    43.1784
   485.0000     0.0001   112.6680    74.3487   114.6700    46.3785    85.3405    71.2386
   485.0000     0.0001    70.6535    28.1206   125.4530   -91.2014   -79.5397  -128.1450
   485.0000     0.0001   125.5000   383.4490    97.4557   182.1620   -54.9500    67.3689
   485.0000     0.0001    14.4415   158.1570     3.7708    34.1655   179.9060    68.8742
   485.0000     0.0001     7.2991   153.5230   -15.2512     9.0653   174.8530    49.2135
   485.0000     0.0001   208.5900    42.2656   207.5680     8.2209  -145.7920    29.2337
   485.0000     0.0001    57.5306    62.9021    25.8873  -127.4290    55.9916  -246.8080
   485.0000     0.0001    23.7048   112.9160   -18.1895   -19.6685   280.4190  -174.8740
   485.0000     0.0001   288.6220   100.3470   162.5140    61.9523  -148.1690    46.5097
   485.0000     0.0001   167.2140    27.5360   193.6650   -18.9211  -119.5560   -20.1606
   485.0000     0.0001    19.4085   139.0780    -3.9971    27.5015   223.3600   -38.6774
   485.0000     0.0001    -4.4027   122.4630   -30.1808   -34.5187   251.2790  -182.6260
   485.0000     0.0001    34.3129   134.6480    -7.0685    53.8975   211.2920   -22.4782
   485.0000     0.0001    30.3489    47.4659    71.2839   -94.8739    10.8842  -221.0640
   485.0000     0.0001    -1.5292   117.5610   -28.8810   -93.3032   248.7850  -137.8930
   485.0000     0.0001   121.2470   374.6060    92.4396   185.2780   -60.5692    66.2749
   485.0000     0.0001     0.8735   119.0540   -25.7327   -44.9095   240.4930  -121.8930
   485.0000     0.0001    -5.9431   115.8930   -38.5706   -83.5410   223.2020  -231.0360
   485.0000     0.0001     5.8424   112.8160   -35.4726   -65.6679   205.9990  -144.7440
   485.0000     0.0001     5.9002   112.3210   -33.8399   -81.8209   204.5420  -144.6960
   485.0000     0.0001    -3.8538   123.4830   -30.3271  -112.4570   267.4180  -167.7190
   485.0000     0.0001    82.9559    29.5247   102.1640  -107.0370   -68.5726  -138.6640
   485.0000     0.0001    27.8612   130.4500    -0.1909    62.3004   236.7660   -29.0040
   485.0000     0.0001    27.9372   149.0300   -15.9242    53.9257   172.8880    -9.9570
   485.0000     0.0001    -0.8021   118.2640   -28.4601   -29.3539   232.3710  -115.5570
   485.0000     0.0001    59.3144    93.2374   118.0180    60.1587   121.0250     3.9881
   485.0000     0.0001   155.0850    13.8311   175.1840   -43.1223  -135.1020   -10.2575
   485.0000     0.0001    43.9361    43.2425    58.0125  -138.3280    15.8604  -196.4290
   485.0000     0.0001    11.7034   117.6730   -42.2275   -60.3754   196.8000  -161.0180
   485.0000     0.0001    14.6801    69.7489   -28.0126   -76.5504   134.3680  -231.4830
   485.0000     0.0001   110.0920    67.1971    88.6814    28.3831    60.8916    65.7252
   485.0000     0.0001    12.0917   149.7050   -11.8954    -9.1745   183.2130   -22.2433
   485.0000     0.0001     8.1079   110.4810   -24.3818   -60.2941   242.3760  -164.6490
   485.0000     0.0001    30.4766   130.0320    -9.6593    54.1649   195.5610   -51.7337
   485.0000     0.0001    32.4657   138.3540    -6.6744    45.9713   196.5720     8.5272
   485.0000     0.0001    30.0561   154.0990   -15.4655    77.9722   182.1430   -22.5662
   485.0000     0.0001     3.9361   122.1750   -28.2866   -62.5324   246.2470   -96.0169
   485.0000     0.0001    57.1778    51.7493    32.9050  -140.4640    38.3158  -220.4950
   485.0000     0.0001    -3.0503   101.7810   -20.0187   -69.8324   216.6360  -201.8740
   485.0000     0.0001    25.2710   144.3640   -12.6262    70.7343   217.4080   -86.5144
   485.0000     0.0001    16.5695   172.5140   -15.3772     5.8914   166.6310    65.4051
   485.0000     0.0001    34.0874   151.6880    18.8578   101.6040   206.7860   135.0510
   485.0000     0.0001    12.2336   125.9220   -39.8376   -68.3623   256.3050  -201.5370
   485.0000     0.0001    18.7468   131.8810   -35.0767    19.2030   175.4160   -60.4988
   485.0000     0.0001    35.6469   154.4070    11.3052   117.3510   182.5760   101.2480
   485.0000     0.0001   -45.4609   168.8840   -22.7450    66.7635    -1.4763   104.6290
   485.0000     0.0001    35.7898   144.0520    -0.7422    73.3853   220.4030    22.5359
   485.0000     0.0001    23.9925   169.4510    -9.8372     4.6898   160.2180    41.9606
   485.0000     0.0001    26.2649   136.7400   -17.5931    23.5516   170.6360   -18.2124
   485.0000     0.0001     0.3430   122.3750   -20.7064   -59.3673   207.0250  -100.9970
   485.0000     0.0001     3.5972   130.1320   -33.4666   -69.5545   284.5320  -150.3450
   485.0000     0.0001     7.8789   110.5880   -24.1962   -22.9091   255.3950  -140.2830
   485.0000     0.0001     3.3356   200.4090   -11.5139    56.5101     0.9038   118.1800
   485.0000     0.0001    14.2179   110.9020   -14.3014   -75.3668   261.2980   -72.2689
   485.0000     0.0001   -18.9046   177.4590   -28.5104   -32.2135    95.8364    56.7847
   485.0000     0.0001     0.6253   123.8590   -29.0364   -42.2382   244.8670  -103.7880
   485.0000     0.0001    40.7337    74.4494    18.8564  -156.5400   136.9040  -232.0620
   485.0000     0.0001     1.3969   110.5070   -23.7365   -46.8151   234.4110  -179.2570
   485.0000     0.0001   144.5460    28.2723   194.9790   -26.2179  -110.2540   -33.4332
   485.0000     0.0001    21.9884    79.2871     7.0214  -152.3170   163.1610  -212.3660
   485.0000     0.0001    -2.0213   129.8530   -22.8344   -74.0406   283.2170  -119.5900
   485.0000     0.0001    21.7641   116.1690   -28.1796   -55.7920   265.5610  -198.8530
   485.0000     0.0001    27.6385    15.5222    76.2159   -86.3830   -38.1666  -183.1330
   485.0000     0.0001   121.1700    57.9381   106.0260    61.0257    31.8617    80.3089
   485.0000     0.0001     8.9608    68.6678   -12.0085   -35.2578   121.4500  -257.2170
   485.0000     0.0001    21.8883   188.9270    12.6546    38.2517   115.9580    85.4387
   485.0000     0.0001   147.7860   124.0680   -33.7488    46.0833    -0.4187    51.8568
   485.0000     0.0001     1.8763   126.9910   -29.2981    -9.6091   233.5040  -100.8210
   485.0000     0.0001    12.4701    71.9745   -26.8122  -142.6220   128.1450  -183.4670
   485.0000     0.0001   -84.5480   130.5740   -40.8589    58.7167    -9.5286    72.1034
   485.0000     0.0001    43.8152    62.2588    37.6500  -153.3270    81.4444  -228.0490
   485.0000     0.0001    46.4076    49.6096    81.6501   -95.1230     1.1339  -212.3840
   485.0000     0.0001    89.4206    26.2790   120.6050   -94.5268   -62.0065  -112.6760
   485.0000     0.0001    13.3980   102.9450   -34.1506    18.9055   192.1640  -249.5970
   485.0000     0.0001   -13.9899   192.2430     2.4497    16.1176    82.8025    94.5900
   485.0000     0.0001   155.1440    65.5785   180.7530    -9.0427  -120.9050   -55.7176
   485.0000     0.0001    -0.8662    84.3004   -34.0953  -105.9980   140.1320  -168.0600
   485.0000     0.0001   163.8130    19.0876   189.5000   -20.8350  -130.8370   -21.9665
   485.0000     0.0001    41.0723   165.4660    10.6758    86.9946   173.5010   106.8750
   485.0000     0.0001     8.2609   123.4860   -32.4247   -73.9127   222.1130  -104.8110
   485.0000     0.0001   -10.8596   191.1800   -25.1227    20.0281    80.9182    83.6650
   485.0000     0.0001   131.0090    25.2039   196.7520   -25.5291  -112.4830   -35.3493
   485.0000     0.0001    13.8319   100.8040   -34.1779   -40.0018   189.2610  -132.5860
   485.0000     0.0001    10.1582   105.0400   -18.9273   -51.1038   256.9740  -180.8320
   485.0000     0.0001   128.0490    16.0696   166.6240   -43.6315   -96.5561   -57.6822
   485.0000     0.0001    29.0450   149.3590    -6.4130    74.8945   176.7330    50.0605
   485.0000     0.0001    64.0863    27.1230    92.2010  -110.7310   -18.4595  -143.7160
   485.0000     0.0001    13.9881   116.8940   -33.6656   -19.4958   207.9320   -70.9759
   485.0000     0.0001    -0.9031   130.0550   -21.4673   -67.8656   259.4330   -71.6343
   485.0000     0.0001    89.9091    62.0876   106.5550    50.1424    94.4709    43.8219
   485.0000     0.0001    -0.9861   121.7930   -29.5639   -61.2305   241.8450  -115.6730
   485.0000     0.0001    35.8456    90.6112     7.3100   -94.1136   187.1000  -257.2410
   485.0000     0.0001    11.0846   205.7400   -20.6598    63.2921    52.0146    94.6542
   485.0000     0.0001    86.7830    74.3276   155.8890   -43.1184  -104.9880  -120.9470
   485.0000     0.0001   165.6550    33.9211   203.0410   -17.1127  -123.4800   -14.5864
   485.0000     0.0001    50.4299    19.8523    79.5293  -147.2170   -23.0051  -118.7910
   485.0000     0.0001   -33.9571   192.4520   -14.1214    48.0810    53.5763    70.8383
   485.0000     0.0001    26.9496   166.2920   -12.2324    99.7008   163.4200    41.0463
   485.0000     0.0001    16.3355    93.4317   -18.2784   -76.6724   203.7970  -191.4650
   485.0000     0.0001   209.3010    35.9687   194.8160     2.2546  -141.7290    21.0559
   485.0000     0.0001    28.4580   144.6480   -16.3972    35.1807   169.2940    -7.0629
   485.0000     0.0001    25.2912   154.1430    -3.5639   118.0170   184.6960    35.3583
   485.0000     0.0001    33.5273   140.1610    -0.8091    90.1304   196.8790    37.2651
   485.0000     0.0001    -3.8555   102.5340   -29.4384   -74.2111   209.9250  -223.4650
   485.0000     0.0001   107.4640    20.5348   151.0350   -52.4440   -79.0496   -88.0579
   485.0000     0.0001    38.3485    72.0913    36.3121   -99.3381   110.5910  -278.5490
   485.0000     0.0001    18.9985   141.5880   -10.1646    46.7622   235.1440   -60.2593
   485.0000     0.0001   134.9830    37.5194   164.5030   -61.7255  -119.8710   -45.2514
   485.0000     0.0001    27.4665   134.1280    -7.9085    15.1519   261.1090   -83.1217
   485.0000     0.0001   110.7100    25.2381   137.9390   -72.2029   -87.9174   -91.0132
   485.0000     0.0001    -2.8082    84.9849    -2.0319   -95.4371   160.3240  -227.0040
   485.0000     0.0001    11.1687   106.6440    -8.9868   -15.3311   272.9030  -171.1860
   485.0000     0.0001    24.6483    79.2415     8.5649  -126.5650   153.6040  -242.7380
   485.0000     0.0001   -45.5650   165.3880   -39.1349    57.6577     1.5612    74.1252
   485.0000     0.0001    -0.0393   122.0800   -29.9396   -47.2066   225.3380   -98.2427
   485.0000     0.0001    14.0838    71.1541    24.7535   -62.4844    96.7048  -280.8350
   485.0000     0.0001    18.9487    90.6203    -3.4764   -60.7248   207.0490  -220.8580
   485.0000     0.0001    10.2794   169.2910    -7.0057    -3.9722   161.6090    51.2990
   485.0000     0.0001     7.0702    75.7512   -13.5234   -95.1310   118.7080  -240.1700
   485.0000     0.0001   137.1700    32.2579   143.7780   -77.6151  -147.8610   -42.8509
   485.0000     0.0001     7.4827   104.4640   -17.6039   -52.4897   257.6380  -141.3340
   485.0000     0.0001     4.9051   110.7370   -24.8424   -81.2896   247.3620  -111.8490
   485.0000     0.0001   169.7830    28.1127   180.5410   -30.5474  -128.7650   -11.9991
   485.0000     0.0001    25.2295   143.7670   -13.7543     2.3559   259.4310   -55.2013
   485.0000     0.0001     5.7923    85.0485   -16.6964  -112.6010   162.7670  -228.6340
   485.0000     0.0001   124.0380    57.9723    90.1048    51.0323    46.5590    83.3535
   485.0000     0.0001    26.9496   166.2920   -12.2324    99.7008   163.4200    41.0463
   485.0000     0.0001   223.4500    45.4029   211.9170    17.7446  -138.4140    27.8122
   485.0000     0.0001    77.0645    50.6612    67.9604   -81.2891   -14.7939  -218.9400
   485.0000     0.0001     7.8138   128.4650   -34.2185   -98.2490   244.4440  -135.7480
   485.0000     0.0001    57.5061   155.6640    17.7699   145.1460    97.3307   177.8030
   485.0000     0.0001   -75.2710   141.0390   -43.3533    57.4716    -6.8916    79.6128
   485.0000     0.0001     3.2612   116.6900   -22.7974   -12.1880   270.8240  -126.8770
   485.0000     0.0001    29.1604   144.8470   -15.0519    58.0662   201.3350   -25.6017
   485.0000     0.0001    12.2756   117.4760   -30.8719   -73.9826   272.8110  -203.4590
   485.0000     0.0001     3.4073   113.0470   -22.8687   -24.9826   251.9260  -173.6240
   485.0000     0.0001    34.3537   130.0890    -6.7737    70.0364   219.9170   -23.3933
   485.0000     0.0001   233.8340    38.1273   142.1750    13.9372  -165.4420    25.7704
   485.0000     0.0001    29.0031   177.9470   -44.1283    47.3165   139.8900    37.0071
   485.0000     0.0001    25.2912   154.1430    -3.5639   118.0170   184.6960    35.3583
   485.0000     0.0001   275.5580   171.2430   162.0250    92.3523  -146.9680    58.6172
   485.0000     0.0001    31.2107   143.9210    -7.3117    29.7021   206.1070     5.0366
   485.0000     0.0001    29.2949    86.1544    35.9702    47.2543   116.5120  -220.1560
   485.0000     0.0001    20.4969   107.3130   -16.7658    -5.5868   265.8910  -163.3400
   485.0000     0.0001   127.5630    38.4681   193.5900   -33.6669  -107.1580   -47.8855
   485.0000     0.0001    17.3169   115.2510   -11.2954    -7.8464   200.6170   -69.2637
   485.0000     0.0001    24.9680   137.5000    -9.9326   -20.4384   182.9220     5.5959
   485.0000     0.0001    18.9673   153.3170   -16.2570     1.8484   172.5850   -10.3276
   485.0000     0.0001     3.9560   111.9590   -31.2309   -79.7551   219.4280  -142.8280
   485.0000     0.0001    48.4425    45.3674    45.8938  -154.0780     8.6580  -196.6990
   485.0000     0.0001    13.1056   128.0650   -36.0649   -47.7275   216.0680  -128.4120
   485.0000     0.0001   108.3360     0.9308   160.4590   -55.5878  -101.2800   -62.9738
   485.0000     0.0001    91.6545    40.0920   157.4480   -49.8284   -76.1587  -106.0310
   485.0000     0.0001     6.9355   112.5680   -29.6131  -113.2130   237.2920  -156.0300
   485.0000     0.0001    41.8277   142.6840    18.1387    95.8530    97.7765  -179.8580
   485.0000     0.0001    59.4614    48.6703    50.5951  -145.5170   -22.4484  -208.1110
   485.0000     0.0001     3.6027   122.3520   -34.3797   -75.0285   217.3590  -125.1860
   485.0000     0.0001    17.5722   164.3480   -12.6841    44.4920   175.6700    66.1747
   485.0000     0.0001   -32.4381   166.6690   -28.1382   -46.7229    74.3364    41.5094
   485.0000     0.0001   124.6020    36.2728   191.0900   -29.5910  -101.4540   -54.7114
   485.0000     0.0001   151.0130    99.9249    57.1495    42.6844    35.4270    80.0165
   485.0000     0.0001   -38.3122   185.0480   -28.9253    53.2354    29.7869    86.8898
   485.0000     0.0001    23.1537   144.3320    -4.8320    39.3378   203.2500    12.9001
   485.0000     0.0001    26.2478    70.0944    36.6913  -141.1120   138.8230   -65.2222
   485.0000     0.0001    31.8147    87.4388   -12.1011  -133.2080   146.6180  -214.3680
   485.0000     0.0001     8.6047   104.8900   -18.7958    -3.2519   246.6380  -184.3610
   485.0000     0.0001   101.0200    66.9349    81.9342   -58.7804  -168.1620   -17.0457
   485.0000     0.0001   -29.9476   124.3380   -62.2694    86.1756   -33.3972   132.2070
   485.0000     0.0001     4.9553   108.0810   -23.5299   -56.6161   244.3160  -184.1930
   485.0000     0.0001     6.1059   174.5350   -12.4674    10.7601   151.8420    69.3821
   485.0000     0.0001    -0.3902   193.7020   -17.9594    47.1361     1.0092   123.3210
   485.0000     0.0001     8.0501   127.5370   -34.9848   -98.6616   243.7290  -144.9490
   485.0000     0.0001    11.3137   105.9410   -14.8976    42.3858   237.1660  -201.7400
   485.0000     0.0001   163.8130    19.0876   189.5000   -20.8350  -130.8370   -21.9665
   485.0000     0.0001    75.9508    28.1896   132.0680   -80.2653  -102.4350  -122.4860
   485.0000     0.0001     3.9936    83.2529   -19.7157   -35.9606   166.7900  -233.4080
   485.0000     0.0001    22.7622    99.3575     1.1664   -90.9443   240.7220  -175.2050
   485.0000     0.0001   127.7040    26.7088   160.9640   -58.9052  -105.8770   -58.8829
   485.0000     0.0001    82.1144    43.7919    79.9643  -106.3200   -24.8803  -181.9520
   485.0000     0.0001   -32.1577    28.9140   -45.7330    64.1452     7.1931    97.4024
   485.0000     0.0001     4.5896   119.2530   -30.0707   -93.1666   235.1160  -116.6190
   485.0000     0.0001   141.6840    28.6229   170.5910   -43.5249  -107.1620   -50.4217
   485.0000     0.0001    81.6385   128.0750     8.8099   200.2180  -134.2750   -55.6649
   485.0000     0.0001     7.6049   164.0790   -19.1242    -4.5122   156.2820    57.2668
   485.0000     0.0001    66.3063    47.2110    41.4552  -127.8950    12.6111  -218.1110
   485.0000     0.0001     3.4673   101.3940   -26.1172   -63.6089   210.2370  -169.9100
   485.0000     0.0001    53.5172    58.8659    44.1841  -145.4570    52.0110  -229.3810
   485.0000     0.0001   -76.1917   132.0620   -42.2843    56.5761    -8.4523    85.5220
   485.0000     0.0001   124.6430    25.6951    45.0642    58.5881   -53.9991    44.9377
   485.0000     0.0001    16.1857   125.7560    -3.9216    -0.8305   245.4160   -31.7634
   485.0000     0.0001   -45.4708   127.1510   -71.8970    35.5575    -3.3663    76.1484
   485.0000     0.0001    -0.6234   121.9130   -32.3266   -80.3339   238.2080  -124.4300
   485.0000     0.0001    30.6606   135.1140   -10.8241    38.0226   213.5800   -49.9155
   485.0000     0.0001   131.1860    79.8648    76.7179    41.2795    36.2613    78.5014
   485.0000     0.0001     1.8763   126.9910   -29.2981    -9.6091   233.5040  -100.8210
   485.0000     0.0001    27.1972   116.7410   -24.9106   -35.0828   240.7730  -225.7850
   485.0000     0.0001    22.1729   146.4190    -1.0037    58.4781   206.5330   -15.1291
   485.0000     0.0001    -0.0924   108.4570   -32.8051   -65.0756   210.7440  -247.5930
   485.0000     0.0001     5.9209   109.6890   -24.6362   -22.9615   250.0250  -159.5870
   485.0000     0.0001     3.9524   176.8330   -20.1528    53.7614   154.2930    66.3351
   485.0000     0.0001   214.5600    49.4271   222.2220    16.9440  -142.8320    36.9093
   485.0000     0.0001    52.9152    93.6037   101.1060    61.2777   161.5340   -21.7429
   485.0000     0.0001     1.6521   128.9910   -36.3316  -104.2430   260.5960  -167.6740
   485.0000     0.0001    28.0187   140.5380   -12.2425    -0.3301   185.6330     3.3827
   485.0000     0.0001    21.5790   106.9580   -14.7887   -18.7935   274.7770  -160.4990
   485.0000     0.0001    36.8196    66.5468    55.6482   -89.8170    57.4035  -270.0280
   485.0000     0.0001    53.1315   111.1860    39.7649   214.3520  -188.3230   -58.2137
   485.0000     0.0001   -25.5950   169.6300   -37.4327    66.3517    -9.5927   112.3310
   485.0000     0.0001   126.8060    47.6611   180.8210   -45.0200  -118.0590   -55.7205
   485.0000     0.0001    28.1072   127.5170   -11.4179    -2.0054   177.2840   -42.6210
   485.0000     0.0001    33.3538   147.3870    -6.4868    44.4269   211.6050    11.8696
   485.0000     0.0001     2.4399   198.3130    16.9997   105.7800   -51.3293   117.5870
   485.0000     0.0001     5.0423   117.3050   -27.4583   -74.8024   258.2740   -93.8297
   485.0000     0.0001     3.9560   111.9590   -31.2309   -79.7551   219.4280  -142.8280
   485.0000     0.0001   153.7520    77.0081    65.0040    62.9548     3.0865    72.7356
   485.0000     0.0001    27.6359   142.9160   -12.7126    21.9562   184.5860   -27.4648
   485.0000     0.0001    57.7905    49.3861    54.8527  -139.4100    26.1337  -204.6290
   485.0000     0.0001    94.5539    32.5910    47.5656   118.5180  -175.5350    64.1301
   485.0000     0.0001     7.6530   182.1690   -12.3096    25.9942   139.0720    73.7909
   485.0000     0.0001     6.5694   119.2430   -27.6870   -43.5528   239.2420  -107.1850
   485.0000     0.0001   154.2710    66.8746    71.3384    55.0009     3.6380    69.0907
   485.0000     0.0001    13.1956   101.0480   -28.7885   -54.2539   211.5850  -186.1330
   485.0000     0.0001    51.1297    14.6629   129.6130   -91.1862   -69.9818  -112.0940
   485.0000     0.0001   136.4580     8.7643   161.3530   -46.9967  -106.6590   -49.4018
   485.0000     0.0001    71.9793    86.3808    97.7481  -129.6820   -82.3606  -195.6310
   485.0000     0.0001    15.3874   192.6350   -12.8208    36.6966   119.0520    83.3076
   485.0000     0.0001     8.3710    81.5977     9.9408   -59.8498   163.6120  -254.9590
   485.0000     0.0001     9.9409    93.5812   -10.3065  -123.1210   194.6790  -211.8360
   485.0000     0.0001     8.7824   118.1720   -38.5080   -54.8461   256.9850  -209.2920
   485.0000     0.0001    32.3239   160.2240    -9.3563    59.5815   183.1870    34.6738
   485.0000     0.0001    11.7038   114.6620   -24.5571   -32.8078   272.3580  -188.1730
   485.0000     0.0001     4.1905    87.2050    -6.0408   -89.5996   183.6920  -226.7890
   485.0000     0.0001    22.3445   110.9790   -15.5914   -83.2157   265.0690  -182.9650
   485.0000     0.0001     3.6151   114.9170   -25.4931   -78.4906   219.6920  -115.2800
   485.0000     0.0001     1.2377   124.6100   -23.5851   -48.7622   249.7080   -64.5448
   485.0000     0.0001     0.9898   103.8110   -12.9601    -2.6910   203.2220  -243.9410
   485.0000     0.0001    43.3200    42.2568    67.4189  -121.4740    26.3426  -190.9700
   485.0000     0.0001    25.7117   136.2700   -13.0848    52.0140   231.5240   -70.9551
   485.0000     0.0001     8.3721   113.1690   -26.8071   -62.0984   189.3820  -121.8870
   485.0000     0.0001    -6.9687   111.3770   -66.2931    38.5851    -4.3529   105.8920
   485.0000     0.0001    48.9425    65.4071    93.7467   -62.7088   -58.7224  -230.8310
   485.0000     0.0001   160.6650     7.4745   218.2720   -15.3449  -142.1970    13.7050
   485.0000     0.0001    -2.0574   119.9400   -32.4369   -73.6985   232.0080  -125.1450
   485.0000     0.0001     8.6210   151.8240   -16.4998    53.0673   180.7830    13.4431
   485.0000     0.0001    22.4857   112.7620   -22.2037     8.3970   268.1010  -198.8570
   485.0000     0.0001     1.4836   113.2760   -28.5715   -79.5591   212.4020  -133.0280
   485.0000     0.0001    23.5102   115.2240   -19.4210     0.0408   194.1910  -102.7810
   485.0000     0.0001     0.0556   163.6370   -13.0901   -19.4521   147.9450    77.5587
   485.0000     0.0001   227.1120   285.1170   122.2850   148.7540  -123.9310    56.8473
   485.0000     0.0001     1.0375   129.5670   -23.8215   -53.5156   284.0630  -107.3120
   485.0000     0.0001     6.7673   157.8140   -18.2006     2.2988   160.6780    17.4062
   485.0000     0.0001   164.1950    20.4821   257.4970    18.5774  -125.5340    18.0428
   485.0000     0.0001   131.0080    60.4757    85.5504    56.5814    35.0351    86.6677
   485.0000     0.0001    82.1534    20.1786   141.0070   -66.5435   -70.4685  -108.3360
   485.0000     0.0001     2.9187   136.2270   -13.9027   -24.3224   237.1930   -95.5399
   485.0000     0.0001    26.2458   130.0960    -9.6273    18.2650   185.0100   -47.4012
   485.0000     0.0001     3.0300   118.1690   -32.4087   -92.6692   230.0270  -116.1170
   485.0000     0.0001    57.3311    62.9659    38.1086  -183.3840    13.4788  -215.4160
   485.0000     0.0001   114.4650    27.9269   140.5680   -68.3644   -95.2601   -89.4917
   485.0000     0.0001   -11.8168    86.8254   -12.4768  -100.5910   158.8980  -216.9860
   485.0000     0.0001    30.6872   136.5220    -8.1666    35.5791   207.3590   -27.8511
   485.0000     0.0001    26.3779   135.0310   -11.8320     0.7797   245.6050   -80.1260
   485.0000     0.0001   107.5880    12.7825   133.8810   -73.5875   -81.4924   -86.6549
   485.0000     0.0001   218.2780    45.5549   172.3250    -7.5653  -151.6100    19.4428
   485.0000     0.0001     0.1833   113.6270   -36.8677  -100.8330   239.4120  -173.4910
   485.0000     0.0001     1.0742   124.0530   -28.1170   -63.1838   245.8110   -96.2274
   485.0000     0.0001     6.1042   112.5670   -22.7094   -61.6315   205.3530  -102.6790
   485.0000     0.0001     1.2350   119.0420   -35.5573   -68.3517   212.0020  -118.7270
   485.0000     0.0001    33.2574   137.4110   -11.9508    56.2343   214.1340   -55.1449
   485.0000     0.0001     5.1815   113.8000   -32.3921  -123.2090   240.2310  -186.1680
   485.0000     0.0001   -48.1340   114.5850   -85.5610    39.7438   -24.2858    78.8488
   485.0000     0.0001     7.4524    99.5817   -34.3479   -14.7092   193.9090  -122.3940
   485.0000     0.0001   100.1160    54.6798   102.7680    54.2624    76.7350    66.7868
   485.0000     0.0001    25.5901   132.2920    -9.3983    57.9905   149.6750   -23.7680
   485.0000     0.0001    26.8190   143.1800    -7.0635    19.3175   259.4190   -21.2718
   485.0000     0.0001     2.9458   103.2730   -27.3854   -41.4141   229.7250  -181.5190
   485.0000     0.0001   140.1010    21.2404   178.6720   -37.9877  -102.1640   -41.6432
   485.0000     0.0001   144.5100    27.7211   190.2380   -26.6395  -109.3020   -35.6812
   485.0000     0.0001   278.1760    42.7438   218.5480    61.0760  -148.0160    62.6722
   485.0000     0.0001    18.0296   104.3760   -21.6020  -121.3100   193.8170  -205.9550
   485.0000     0.0001    48.7518    28.4054   107.4210   -96.4579   -53.8951  -155.0590
   485.0000     0.0001    12.1299   113.3450   -27.1861   -12.8090   229.4070  -261.5410
   485.0000     0.0001     1.0182   101.8870   -28.4778   -73.5106   199.6470  -159.2460
   485.0000     0.0001    49.2073    57.2389    62.0573  -104.3640    37.0458  -237.6850
   485.0000     0.0001    30.4770   147.9840    -4.6237    28.4622   219.4850     8.9741
   485.0000     0.0001    -0.9577    97.4384   -19.8825  -114.1750   197.8690  -215.1700
   485.0000     0.0001    56.9377   111.3650    96.5514    67.4048   165.6480   -86.2541
   485.0000     0.0001    28.8362   144.2340    -9.0203    66.9643   180.7060    24.2515
   485.0000     0.0001    96.6204    57.8115   100.5490    42.7820    65.1232    64.9246
   485.0000     0.0001     3.5534   118.4780   -18.1558   -45.9229   256.8360   -55.8188
   485.0000     0.0001     9.2508   118.4290   -30.9222   -74.6984   151.1850   -20.7425
   485.0000     0.0001    19.7320   142.9500     4.6614    34.3795   183.5580    74.4817
   485.0000     0.0001    66.8745    52.4142    57.5104  -128.8480     9.8752  -214.7210
   485.0000     0.0001   259.5730   251.7370   126.8160   134.9680  -122.7180    61.6508
   485.0000     0.0001    -3.5382   103.2750   -25.2329   -67.7710   223.6630  -180.8010
   485.0000     0.0001     9.1066    98.0054   -29.2758   -32.9954   201.6020  -125.1170
   485.0000     0.0001    13.8340   109.8990   -17.8636   -87.3399   235.8080   -93.3445
   485.0000     0.0001   -32.1577    28.9140   -45.7330    64.1452     7.1931    97.4024
   485.0000     0.0001   106.5310    80.9281    81.3969   -52.3579  -171.4530   -37.1312
   485.0000     0.0001     4.8205    98.9089   -12.8241   -38.0638   242.8300  -133.4930
   485.0000     0.0001     0.3634   160.9000   -28.0158    -1.6685   154.7870    55.4791
   485.0000     0.0001     9.8198   121.6700   -32.9914   -74.4712   225.4130  -115.6150
   485.0000     0.0001    10.8459   111.4710   -12.7900    -0.7560   234.3810  -234.6980
   485.0000     0.0001    30.6948   136.2130   -14.6195    61.0201   180.8820   -64.2458
   485.0000     0.0001    78.4732    -6.9477   134.8980   -80.8654   -88.0332   -78.5183
   485.0000     0.0001    34.3050   168.6440    -4.2075    98.3135   160.8020    66.9139
   485.0000     0.0001    12.7742   101.9950   -17.6208   -51.2465   232.0150  -209.2510
   485.0000     0.0001    26.1954   150.9210    -4.0418    60.7621   181.7770    54.4656
   485.0000     0.0001    10.4767   103.2780   -16.5258   -21.1628   221.0930  -220.6840
   485.0000     0.0001    68.0978   160.9980   -87.4893    38.6134    24.5417   -22.6227
   485.0000     0.0001     3.2569   206.1160    -6.8665    48.8974    49.8376    70.9702
   485.0000     0.0001   -31.7126   129.7900   -83.7905    40.1496    -4.3421    74.6728
   485.0000     0.0001    74.8378    20.5835    93.5748  -143.5920   -64.5594  -101.7900
   485.0000     0.0001    11.2997   106.1220   -31.6122   -62.0712   206.1100  -129.3770
   485.0000     0.0001    67.1006    40.8943    82.1914  -131.1700   -29.9223  -167.1180
   485.0000     0.0001   108.7360    23.8300   130.5050   -74.0613   -78.9758   -99.4887
   485.0000     0.0001     6.7687   166.6470   -60.6115   -22.7198    60.9527   -23.0470
   485.0000     0.0001     8.5636   169.8610   -11.2349    23.5072   170.2660    64.8747
   485.0000     0.0001     2.2096    78.5945    76.0046  -117.6560  -160.6410   187.0050
   485.0000     0.0001   275.7830   125.8130   145.0310    64.1715  -155.8570    47.2671
   485.0000     0.0001     5.4559   117.2670   -29.6635   -67.6845   265.9960  -150.2970
   485.0000     0.0001    13.0166   182.7180   -19.4962    33.1338   144.9260    53.5601
   485.0000     0.0001    -2.8639   130.3600   -31.5247   -80.2627   275.2490  -161.6710
   485.0000     0.0001    63.0086    50.7560    60.0360  -137.0790     9.5611  -205.5510
   485.0000     0.0001     4.5155   185.3840   -29.0425     6.4732   112.2060    56.3304
   485.0000     0.0001   264.4300   181.7990   124.0790    82.5787  -157.8420    43.7312
   485.0000     0.0001    29.7002   135.4180   -16.2081     1.2396   181.3620   -50.0726
   485.0000     0.0001   -10.8983   129.7880   -12.8398   -41.2630   176.1840    20.2073
   485.0000     0.0001    28.8737   133.1030   -26.4062    24.7053   258.1840   -85.7318
   485.0000     0.0001   164.6610    24.6455   197.8820   -11.9535  -119.1580   -22.4161
   485.0000     0.0001   111.8880   349.2740    69.6591   194.8520   -68.2881    75.0412
   485.0000     0.0001   186.4440    58.8445   224.3690     5.1520  -126.2650     5.6522
   485.0000     0.0001     5.4647    71.9471     9.3917  -116.2360   139.7730  -219.7440
   485.0000     0.0001    86.4624    39.1596    56.5397  -102.0320   -67.2768   -49.2416
   485.0000     0.0001    16.0528   139.5610    -4.1566    14.3911   252.2430   -30.3277
   485.0000     0.0001    13.0503    96.7743   -23.2355  -136.5850   145.0480  -203.8140
   485.0000     0.0001    -0.7945   123.0820   -26.4125   -63.0514   230.3110   -80.5660
   485.0000     0.0001    12.2576   156.5330   -28.4095    16.4555   173.3490     3.3759
   485.0000     0.0001    22.4864   159.7520    -3.4616    23.3591   201.7190    37.3800
   485.0000     0.0001   102.9770    35.2452   144.5060   -79.2846   -92.6201   -90.9397
   485.0000     0.0001    20.6987   144.9010     0.4190   -19.9633   184.8480    80.8686
   485.0000     0.0001     0.0105    85.5301   -31.6695  -109.9590   159.4130  -224.9010
   485.0000     0.0001   280.9080    64.5553   169.7230    50.3442  -149.2760    45.2363
   485.0000     0.0001   127.6870    39.2266   151.6010   -57.2355  -116.6300   -78.2962
   485.0000     0.0001     6.3481   115.1040   -37.1413  -110.2270   240.4670  -177.3670
   485.0000     0.0001    50.4299    19.8523    79.5293  -147.2170   -23.0051  -118.7910
   485.0000     0.0001    14.0935    95.0799   -10.2395   -72.3254   227.9020  -195.5030
   485.0000     0.0001    23.7365   138.3670   -12.5036    43.3223   304.7900   -35.2533
   485.0000     0.0001   -14.0321   169.7940   -48.4805    25.9190    22.0355    83.3835
   485.0000     0.0001    20.2148   137.6740    -9.4360    33.8556   166.7730    -5.2907
   485.0000     0.0001    32.1645   150.4630   -12.6879    57.3933   185.8440    24.7913
   485.0000     0.0001   123.1870    91.9239    80.5022   -29.5942  -182.1230   -16.8837
   485.0000     0.0001    26.8190   143.1800    -7.0635    19.3175   259.4190   -21.2718
   485.0000     0.0001     5.0263   116.8490   -22.0310   -36.5398   280.6140  -104.5760
   485.0000     0.0001    11.8584   184.3350    -6.0541    42.7920   136.0030    79.6006
   485.0000     0.0001     1.7801   117.6110   -23.1907   -78.9313   255.8850   -88.8270
   485.0000     0.0001    31.1936   134.3400   -11.6938    56.7200   185.6720   -35.4908
   485.0000     0.0001    11.7685   102.9760   -17.7938   -79.6330   245.5510  -171.1410
   485.0000     0.0001   -10.6285   176.6310   -69.4611    43.7439    22.5075    73.5694
   485.0000     0.0001   186.5700    15.2930   157.9450   -32.5737  -152.7360     6.8847
   485.0000     0.0001     3.7811   124.5990   -27.9148   -85.3125   256.6510  -102.0680
   485.0000     0.0001     2.3962   124.7350   -30.3449   -74.9909   264.1040  -116.6000
   485.0000     0.0001    12.0770   132.4270   -34.4050   -71.5095   237.0740  -142.4250
   485.0000     0.0001     6.5457   117.1020   -26.7164   -59.5903   273.5310  -131.8190
   485.0000     0.0001   213.4600    44.3242   200.5100     8.6982  -141.9770    20.4250
   485.0000     0.0001     6.8507   119.7850   -29.7028   -99.9274   211.5700  -117.3390
   485.0000     0.0001    50.8900    57.6827    48.5367  -135.6180    46.1878  -232.7350
   485.0000     0.0001    19.9732    87.5026     5.7136  -126.1360   185.0440  -231.9340
   485.0000     0.0001   151.7100    24.5200   179.9000   -32.7656  -111.5560   -36.6021
   485.0000     0.0001   -25.5950   169.6300   -37.4327    66.3517    -9.5927   112.3310
   485.0000     0.0001    31.6472   154.7720   -13.7092   109.8840   201.6680   -57.6393
   485.0000     0.0001   -37.2030    75.2904  -117.2030    10.6183   -31.0741    36.3869
   485.0000     0.0001    24.0689   140.1060   -14.4771     1.9253   270.6150   -61.0741
   485.0000     0.0001   139.0510   339.0640    94.5972   187.7200   -91.4948    65.9397
   485.0000     0.0001    30.9529   152.6030    15.4625    43.0496   198.9430   135.3940
   485.0000     0.0001    -2.6834    69.3475   -16.0917  -112.4780   131.7160  -164.8160
   485.0000     0.0001    23.3135   112.3750   -17.4014   -48.1049   233.7200   -57.8484
   485.0000     0.0001     6.4331   139.6380   -17.4943    18.0977   268.3390  -128.6780
   485.0000     0.0001   -25.8640    98.9007    22.8377  -202.7340   -67.0307   -28.9910
   485.0000     0.0001    18.7283   194.3990   -19.0617    47.0403   127.3690    69.0087
   485.0000     0.0001    24.0819   144.3770   -15.4189    -4.9883   218.9310   -56.3679
   485.0000     0.0001    42.9070    54.7095    61.6210   -90.7757    49.5029  -234.7750
   485.0000     0.0001   255.7420   147.8550   131.8040    70.8857  -169.6700    39.4966
   485.0000     0.0001    11.6684   118.6150   -34.2740   -31.7628   205.8620  -134.2460
   485.0000     0.0001   252.7760   165.7250   122.8440    78.4785  -168.9050    38.1552
   485.0000     0.0001    38.2954    37.7182    84.3682   -86.1087    -0.1908  -192.7350
   485.0000     0.0001    17.2572    30.7381    73.0582   -73.5313   -15.1228  -205.5210
   485.0000     0.0001    73.6939    14.8951   124.6160   -75.8533   -52.8049  -116.3700
   485.0000     0.0001    14.8289   147.3430   -22.3521    28.9749   159.8080     7.2825
   485.0000     0.0001    31.1228   187.2920   -39.5797    64.5467   121.0790    54.6924
   485.0000     0.0001    27.7418   129.5540   -11.9630    48.8056   185.1390   -85.4467
   485.0000     0.0001    27.8394   135.1710    -5.7707     2.2348   198.1270     3.2620
   485.0000     0.0001    -1.5823   117.6080   -30.4974   -84.2055   254.6800  -161.3620
   485.0000     0.0001    16.3354   149.7550   -23.3823    31.5008   166.9290   -58.5964
   485.0000     0.0001    -0.1208   116.1870    24.4956  -289.8210    17.7711   -70.1023
   485.0000     0.0001    56.5163    52.5311    49.2781  -124.4570    49.6053  -219.8930
   485.0000     0.0001     0.4661   123.4470   -25.4635   -35.7240   264.8590  -107.8380
   485.0000     0.0001    12.1340   180.3360   -12.2922    14.7409   150.4110    56.9303
   485.0000     0.0001    62.5671   111.9740    83.3936    40.5423   210.6940  -107.2510
   485.0000     0.0001   134.2040    45.5038    93.8861    81.3018   -26.2558    85.2682
   485.0000     0.0001    24.4590   193.9940     5.9861    58.0532   110.9970    71.9919
   485.0000     0.0001    14.5320   111.2170   -16.9828   -49.5961   269.8670  -125.9320
   485.0000     0.0001    60.6757     8.4074   121.1570  -105.9860   -72.9317   -98.8778
   485.0000     0.0001    10.2378   122.1850   -37.9288   -95.0141   257.5620  -166.2530
   485.0000     0.0001    20.9355   106.4420   -16.1910    -5.4292   266.5210  -153.9650
   485.0000     0.0001   -61.5082    95.9534   -31.1218   110.0830   -21.0247   108.9560
   485.0000     0.0001    25.2197   164.3510    -0.9972    82.9219   172.8890    26.5370
   485.0000     0.0001    32.3035   139.3330    -6.4698    72.2650   215.0620   -24.9021
   485.0000     0.0001   168.8050    39.8537   213.5080    -8.2837  -118.8980   -10.3726
   485.0000     0.0001    29.0661   138.9830   -12.6656    -0.6580   248.8120   -43.2192
   485.0000     0.0001   149.7070    -0.6521   193.2880   -19.7584  -111.3990   -22.0376
   485.0000     0.0001    57.7107    57.0506    99.5229   -99.9991   -27.6388  -195.0110
   485.0000     0.0001     3.6151   114.9170   -25.4931   -78.4906   219.6920  -115.2800
   485.0000     0.0001    -0.0321   118.5350   -26.6573   -70.3633   245.8770  -129.2810
   485.0000     0.0001    30.1909   137.6990     3.6324   155.4810   126.0800   108.9690
   485.0000     0.0001   267.2740    98.6780   148.6740    65.0622  -155.9750    44.7949
   485.0000     0.0001   -45.9002   119.6440   -86.1404    32.3426    -8.6599    66.8042
   485.0000     0.0001    89.2549    79.7247   132.4340    55.6855    84.4209    58.3790
   485.0000     0.0001     2.9305   138.0240   -19.9802   -20.5813   248.3920  -100.6920
   485.0000     0.0001    10.6140    98.0246   -15.8091    -9.1471   228.7980  -201.4290
   485.0000     0.0001    17.7723   102.8630   -17.8547    -9.5026   251.6830  -157.4490
   485.0000     0.0001    17.9415   144.1140    -8.3367    35.3364   286.0730   -76.8633
   485.0000     0.0001     1.3499   105.3640   -25.2250   -53.1177   233.8830  -149.4790
   485.0000     0.0001    71.1878    27.5408    85.4417  -114.4890   -40.7061  -154.9770
   485.0000     0.0001   -53.9743   170.4360   -36.2802    74.7782    -6.4716    96.9200
   485.0000     0.0001    16.5737   126.5860   -36.5518   -69.1314   264.6660  -184.3350
   485.0000     0.0001   198.8170    25.4342   187.8750    -7.8105  -128.5340     3.1273
   485.0000     0.0001    15.1598    94.7341    -4.2338   -16.2164   188.5300  -269.3910
   485.0000     0.0001     3.6619   129.9090   -28.9468   -37.0753   276.8880  -106.1960
   485.0000     0.0001    44.1919    61.4670    59.8770   -79.4183    -9.7759  -266.9670
   485.0000     0.0001    23.9925   169.4510    -9.8372     4.6898   160.2180    41.9606
   485.0000     0.0001    46.5527    85.2187    54.9126  -120.0390   -14.0399  -315.5970
   485.0000     0.0001     3.6990   110.5850   -23.1086   -65.0952   255.6490  -118.2930
   485.0000     0.0001    49.2073    57.2389    62.0573  -104.3640    37.0458  -237.6850
   485.0000     0.0001     8.0023   103.3240   -23.3203    27.7522   214.7380  -159.2860
   485.0000     0.0001   269.8140    79.0582   174.8390    44.9260  -150.4020    47.6966
   485.0000     0.0001    13.4283    96.6749   -16.2364   -19.7503   197.6080  -248.8270
   485.0000     0.0001    63.7696    -0.6142   146.9330   -63.0889  -121.4030   -93.4608
   485.0000     0.0001    10.1600   116.8150   -34.0966   -74.0622   195.6250  -151.9920
   485.0000     0.0001    10.0645   120.2920   -31.4125   -81.0964   224.6280  -114.0380
   485.0000     0.0001    28.4515   156.2840   -34.5821    61.6706   183.1300   -27.7982
   485.0000     0.0001    34.7093   190.8890   -46.2567    71.9134    97.3197    57.7771
   485.0000     0.0001    28.5346    74.5231   -14.9909  -121.6550   122.3980  -223.8970
   485.0000     0.0001     9.7331   152.1090   -19.6103    -5.2567   175.7760    43.1430
   485.0000     0.0001    85.7475    35.1459   201.1850   -47.6157  -105.7820   -47.6162
   485.0000     0.0001    41.9800    18.8658    92.3681  -101.7160   -45.6674  -158.5660
   485.0000     0.0001     1.1036   120.7120   -34.2136   -67.4501   215.5990  -112.1390
   485.0000     0.0001     9.6570   177.2390   -19.2752    15.3174   149.3730    51.9110
   485.0000     0.0001   -79.7970    91.3773   -62.0176    43.1068   -26.0033    71.2022
   485.0000     0.0001    33.2574   137.4110   -11.9508    56.2343   214.1340   -55.1449
   485.0000     0.0001   112.2400    80.5394   119.9580    41.2904    85.9630    61.1773
   485.0000     0.0001    63.8396    39.1967   102.2150   -94.5475   -33.6033  -169.2130
   485.0000     0.0001   134.9830    37.5194   164.5030   -61.7255  -119.8710   -45.2514
   485.0000     0.0001    19.7387   146.1230   -25.3417     3.4483   182.9670    10.7152
   485.0000     0.0001     4.0796   100.5870   -26.8569   -81.3539   222.4410  -183.3060
   485.0000     0.0001   232.6180    37.8512   196.9900    14.5651  -150.3610    40.2499
   485.0000     0.0001    80.3917     4.9332   151.0060   -43.0278   -86.0661  -100.6570
   485.0000     0.0001   106.9330    63.6491   101.5590    32.1766    43.2608    47.9588
   485.0000     0.0001    -1.3060   200.9580   -21.8444    12.4091    71.9452    81.2208
   485.0000     0.0001     1.1925   132.6420   -17.1340   -34.1729   237.9150   -78.1825
   485.0000     0.0001    31.2472   134.7990   -10.7732    53.7600   185.4940   -14.1247
   485.0000     0.0001    13.4991    84.1540    -1.6966  -120.7600   168.6640  -227.6890
   485.0000     0.0001    26.7218   131.2110    -6.3408    72.5773   271.6010   -52.7729
   485.0000     0.0001    -8.2366   184.8380   -13.1776    -5.1767   105.2390    85.2187
   485.0000     0.0001    20.7767   112.4490   -19.7670   -33.9617   277.9960  -192.3610
   485.0000     0.0001     8.3431   161.7020   -36.7760   -34.3477   135.3890    20.0004
   485.0000     0.0001    28.8381   132.1610   -10.3991    16.0306   203.8030   -47.3610
   485.0000     0.0001     3.0738   107.7070   -16.3662    -3.0509   248.6260  -162.6740
   485.0000     0.0001   161.3170    86.4244     6.9497    91.4427   -13.8126    46.4440
   485.0000     0.0001   148.0190     7.0981   173.4990   -31.1238  -110.3200   -39.0097
   485.0000     0.0001    12.9167   155.5420   -17.6909    18.9543   166.3200    39.3324
   485.0000     0.0001   118.5320     0.7866   157.2620   -45.2602   -93.1446   -64.7534
   485.0000     0.0001   266.4150    98.6808   162.5380    35.6596  -150.1700    34.7186
   485.0000     0.0001   191.9860    48.9128   235.6250    11.7320  -120.0830    25.3708
   485.0000     0.0001    80.4025    46.0986    57.9202  -111.0070   -37.6964  -206.6750
   485.0000     0.0001     2.3634   124.0420   -25.7069   -16.6691   248.5800  -110.7900
   485.0000     0.0001   139.2030    19.7458   223.4780    -5.8794  -114.0120   -17.8070
   485.0000     0.0001   197.5440    43.1590   206.0590    -5.1578  -127.2690    10.6935
   485.0000     0.0001    -3.9512   108.0420   -25.0814  -106.4800   225.8340  -158.8150
   485.0000     0.0001   267.5400   177.1010   128.9390    79.4908  -157.0170    42.2801
   485.0000     0.0001     6.4686   106.2490   -12.5571   -29.9046   267.3730  -120.0120
   485.0000     0.0001    33.6715   146.6470   -11.3490    63.7990   213.5570   -51.4234
   485.0000     0.0001    16.5695   172.5140   -15.3772     5.8914   166.6310    65.4051
   485.0000     0.0001   152.6060    55.9033   172.6660   -34.1266  -131.3970   -47.0581
   485.0000     0.0001   -87.0941   100.0750   -75.6915    34.6703   -18.0941    52.4034
   485.0000     0.0001    24.7721   133.7600    -7.8922    33.2432   252.6120   -48.6348
   485.0000     0.0001   166.8560     9.7633   235.7460     1.8957  -124.0490    13.3015
   485.0000     0.0001     3.5490    72.8059   -32.4207  -132.3690   116.8290  -192.4650
   485.0000     0.0001    85.3903    35.8769   136.1120   -86.7905   -77.7117  -112.1140
   485.0000     0.0001    93.3890   142.7690   -81.8801    65.0363    13.5869   -38.4584
   485.0000     0.0001   291.6590   105.3400   159.9550    66.1097  -145.9860    49.5511
   485.0000     0.0001   104.9930    35.9444    96.3724  -100.3290   -70.5973  -135.7340
   485.0000     0.0001    54.3939   126.2860    72.7481    68.4948   217.2780  -182.7950
   485.0000     0.0001    90.7520    42.7383    83.4120   -48.4775  -122.5200   -40.9742
   485.0000     0.0001   133.0740    31.8255   205.3060   -16.8396  -111.7220   -39.2351
   485.0000     0.0001    26.7372   133.6050   -12.6713    34.6594   219.9410   -99.2177
   485.0000     0.0001    28.1890   197.5960   -25.2993    67.7085   104.4570    76.3199
   485.0000     0.0001    29.0632   146.1400    -4.9403    58.5308   237.4260   -25.4349
   485.0000     0.0001    35.8842    76.5494    14.5844  -116.2960   141.1130  -262.9460
   485.0000     0.0001     8.3747   196.0360   -25.0107    64.2973   102.0390    78.8328
   485.0000     0.0001    20.0087    81.9703    17.7206   -62.2767   179.7590  -261.4360
   485.0000     0.0001    18.1957   145.0430   -19.1382    37.2604   164.2570   -39.4678
   485.0000     0.0001     1.5127   119.8970   -26.8725   -49.4287   237.7010   -80.2632
   485.0000     0.0001   148.1520    46.5982   195.0890   -30.1022  -131.7350   -25.9487
   485.0000     0.0001    70.8014    -2.4779   108.2150   -80.6535   -94.2413  -125.5330
   485.0000     0.0001     1.8145   119.2760   -25.6824    -7.8667   242.7220  -101.7930
   485.0000     0.0001    25.0056   152.3200    -9.8348    27.5626   175.6880    35.7421
   485.0000     0.0001   123.3170    37.8207    89.3132    75.3066   -34.9441    84.1186
   485.0000     0.0001    27.6360   134.9650   -11.5551    39.7104   201.2960   -80.4310
   485.0000     0.0001   140.5220    60.6034    29.5758    73.0427   -17.1920    58.0773
   485.0000     0.0001   -15.6652   169.2800    15.0486   137.7460   -71.7333   124.2260
   485.0000     0.0001    66.8745    52.4142    57.5104  -128.8480     9.8752  -214.7210
   485.0000     0.0001    29.5543   126.0180    -3.3394    49.1532   191.9620    -1.5748
   485.0000     0.0001   -45.9464   183.0020   -56.6313    41.7800    46.1932    58.9268
   485.0000     0.0001    16.1311   133.1140   -35.1962   -50.3080   270.3690  -166.4220
   485.0000     0.0001     5.4831   160.1950   -23.1028     5.5319   168.7400    27.7000
   485.0000     0.0001     3.5511   121.2660   -26.6163   -69.0166   270.5890   -90.1856
   485.0000     0.0001    32.7838    74.5995    -8.7389  -161.4200   132.8480  -194.5040
   485.0000     0.0001   105.7820    55.1639    82.6572   -50.7650  -163.2490   -15.2510
   485.0000     0.0001     1.8257   136.4600   -23.8876   -58.0031   264.8780  -108.5940
   485.0000     0.0001     5.5943   123.2790   -37.4751   -96.8616   223.2800  -158.8980
   485.0000     0.0001    -9.7423   206.5950   -46.0059    66.8115    32.1390    75.2299
