#         t          m          x          y          z         vx         vy         vz
   480.0000     0.0001     9.6654   100.7930   -14.6357   -78.6690   248.8120  -136.1900
   480.0000     0.0001    38.3214   135.0690    34.6562    51.1292  -325.1470   248.8330
   480.0000     0.0001    55.2859    64.1562    75.9949  -104.4250    -9.1660  -232.2260
   480.0000     0.0001    25.7368   106.2950   -19.3052   -59.6101   211.0170  -191.5690
   480.0000     0.0001    79.4148    42.6604   104.7900  -111.2760   -72.8406  -137.7420
   480.0000     0.0001     8.6452    79.1923    12.9057  -116.1950   169.2640  -205.9300
   480.0000     0.0001   148.2020    47.7688   155.8800   -18.8791  -117.1940   -68.1152
   480.0000     0.0001    25.2145    73.9926    24.3812  -138.6750   102.4410  -267.6310
   480.0000     0.0001   121.6780    76.6228    60.0156    59.0721    42.1795    89.0591
   480.0000     0.0001   130.1050    93.6213    85.4166    13.1610  -188.3820    13.7062
   480.0000     0.0001     9.8792    89.2837   -21.8906  -137.1940   176.5240  -246.7890
   480.0000     0.0001    76.2704    70.5265   111.5020    56.8191    91.8316    66.0093
   480.0000     0.0001    45.3500   155.7380    12.6825   -37.7654   -43.7117  -232.4050
   480.0000     0.0001    19.5996   100.6650    -0.5594   -87.6838   242.5910  -213.6340
   480.0000     0.0001    27.1353   119.3870    -2.5943    28.2844   205.1430  -102.3450
   480.0000     0.0001    -4.9459   162.1640   -42.8381    46.6778    -6.4051   107.4110
   480.0000     0.0001    25.4284   143.8230   -11.5399    21.4957   212.3940   -52.5963
   480.0000     0.0001    70.8916    41.4500   103.4840  -114.4600   -62.7442  -141.5950
   480.0000     0.0001    27.6272   115.8960    -5.0106   -15.0131   250.0740  -179.4430
   480.0000     0.0001   139.2010    29.1187   163.5160   -47.5660  -110.3470   -38.0557
   480.0000     0.0001     7.2410    98.3182   -15.2644   -39.3382   232.4460  -249.1860
   480.0000     0.0001    19.0873   144.8270   -23.4178   -24.2606   202.9010   -23.4577
   480.0000     0.0001     9.4682   101.2850   -22.4362  -107.2400   197.0770  -193.2210
   480.0000     0.0001   146.0600    86.2734    41.7347    64.7991     1.2604    65.1192
   480.0000     0.0001    10.3218   125.3720   -21.4552    -5.7527   215.0990  -149.9220
   480.0000     0.0001   128.7580    30.7277   207.4620   -18.9164  -111.0740   -23.3924
   480.0000     0.0001    10.1229   102.5050   -18.7953   -84.1660   209.9910  -115.4500
   480.0000     0.0001    14.7066    89.6732     7.1787  -115.6580   162.2230  -280.3240
   480.0000     0.0001    13.9251   147.6010    -9.4718    39.9854   221.6710    13.0235
   480.0000     0.0001     4.9576    95.2371   -22.4692   -91.9904   175.0350  -199.0640
   480.0000     0.0001    16.0859   102.6530   -26.3391   -39.1453   188.9680  -134.9260
   480.0000     0.0001     6.9527    99.9369   -22.2509   -91.4536   200.2070  -164.9170
   480.0000     0.0001     6.8600   143.8550   -21.7385    19.7642   189.0070   -54.3436
   480.0000     0.0001     7.5922   143.6560   -16.5920   -14.2324   194.4590   -53.8985
   480.0000     0.0001     3.8974   102.7410    -4.0158   -16.8752   238.3600  -193.9720
   480.0000     0.0001    23.0254    78.2966     4.9023   -43.6237   174.0990  -242.0330
   480.0000     0.0001     8.0351    96.1869   -10.0610   -68.1036   228.8980  -141.7340
   480.0000     0.0001    12.8888   106.1620   -27.5151   -19.2734   217.0410  -210.0120
   480.0000     0.0001   189.2460    60.1738   223.5980    11.6601  -130.3730    16.7036
   480.0000     0.0001   120.3920    43.4185   160.2210   -56.0753  -127.4640   -59.7689
   480.0000     0.0001     7.3882   134.9320   -40.9252   -36.4161   162.0220   -30.5734
   480.0000     0.0001   292.1400   127.5190   158.5560    84.9251  -143.0780    52.4171
   480.0000     0.0001   105.0100    25.1319   176.2340   -24.6896  -100.0060   -69.6947
   480.0000     0.0001    -6.1773   179.8630   -23.9015   -27.8418   124.0920    52.5268
   480.0000     0.0001    16.9028    78.9330     7.7102   -69.1064   155.9530  -263.5100
   480.0000     0.0001     2.6918   104.1870   -18.9818  -103.2910   225.5420  -168.3290
   480.0000     0.0001    30.9621    58.4514    20.7879  -156.0270    68.9493  -232.7340
   480.0000     0.0001   154.7540    50.8077   175.6540   -24.2859  -127.8520   -38.1159
   480.0000     0.0001    -0.7074    78.2869     3.2943  -122.2050   166.7170  -197.3720
   480.0000     0.0001    18.7891    93.1125    -4.5584  -100.8430   211.3990  -185.2500
   480.0000     0.0001    14.7525    99.9942    -1.4010   -18.3617   241.6830  -230.3290
   480.0000     0.0001     4.3113   101.5250   -14.7938   -56.6979   248.9870  -220.3620
   480.0000     0.0001   162.0740    37.3353   244.9320    21.0796  -128.8070    13.3885
   480.0000     0.0001    23.1621   130.7800    -5.5446   -17.4136   271.6510  -116.5600
   480.0000     0.0001    18.7260   130.4180    -3.7120   -48.4883   219.5710   -59.2570
   480.0000     0.0001    39.4023    48.6731    86.7236  -107.0990   -15.1078  -192.9400
   480.0000     0.0001     0.4199   100.2220   -19.0206  -124.8830   211.8240  -203.7790
   480.0000     0.0001   237.0250   297.4300   132.7020   144.5870  -112.2940    60.4497
   480.0000     0.0001    15.9087   100.5440   -25.7166   -92.5306   182.9560  -194.9820
   480.0000     0.0001   274.3870   255.8580   155.5830   127.6630  -113.3710    69.5294
   480.0000     0.0001    12.0233   157.7170   -37.7232   -29.4182   156.2730   -12.0878
   480.0000     0.0001    40.0296    48.9505    46.5121  -138.3650    29.1980  -216.3970
   480.0000     0.0001    58.6561    73.0765    35.3204  -131.3650     5.3438  -272.2530
   480.0000     0.0001    -9.0562   108.4640   -70.4867    21.9366   -15.7635    85.1718
   480.0000     0.0001     5.1293   105.6180   -14.1339   -91.5035   248.9370  -203.9900
   480.0000     0.0001     8.1273   102.8480   -20.7266  -129.5060   204.4280  -190.6960
   480.0000     0.0001   -32.6586   148.9160   -41.0670    59.7173   -17.1917   108.9490
   480.0000     0.0001    23.7112   165.6650   -35.9042    17.1922   178.8120    14.0840
   480.0000     0.0001    14.9102    90.5863   -11.0114   -32.5060   217.9650  -215.9290
   480.0000     0.0001   204.7480    46.9996   205.6540    10.2950  -145.6770    29.3049
   480.0000     0.0001    12.6279   152.4670    -0.7673   -44.0089   208.4530    49.4075
   480.0000     0.0001    13.8513   128.4790   -20.6476    -3.2712   202.4620   -98.4063
   480.0000     0.0001    13.0016    72.2039    -1.7149   -51.9256   142.0650  -211.4250
   480.0000     0.0001    53.7991    24.2753   142.6500   -54.9594   -69.4930  -114.0420
   480.0000     0.0001   -10.3188   179.3360   -39.9136   -33.4794    96.4946    25.1658
   480.0000     0.0001    -2.2439   196.5600   -27.5112    33.5389    48.5315    88.8257
   480.0000     0.0001    30.3533   128.5870     0.7898   -20.7534   255.2190   -51.0995
   480.0000     0.0001    27.8243    71.6311     6.0604  -135.5750   121.9000  -245.0370
   480.0000     0.0001     4.3080   104.9230   -17.6072   -69.0851   234.1410  -165.4160
   480.0000     0.0001   -34.2413   166.9570   -58.8971    20.0258    37.7689    54.1580
   480.0000     0.0001    20.0032   184.2860   -35.1216    51.2374   141.5330    44.4985
   480.0000     0.0001   210.9940    54.2957   208.5440    23.1658  -146.4110    34.4418
   480.0000     0.0001    26.0949   124.4070    -8.7388    13.5993   198.9570  -134.5110
   480.0000     0.0001    19.1037   140.3760   -15.3857    25.6188   221.3580   -79.5500
   480.0000     0.0001     2.8974    96.4203   -12.9551  -138.1760   188.8050  -148.5140
   480.0000     0.0001    59.4383   137.6180    59.9728  -120.8490  -153.9120   -78.2206
   480.0000     0.0001   267.3300   146.8120   124.6800    83.2721  -158.8130    37.4869
   480.0000     0.0001   -33.3610   181.9680    -7.3170    61.5370     5.8318   100.8920
   480.0000     0.0001    12.1001   104.3220   -22.1027   -81.6495   201.6540  -172.3410
   480.0000     0.0001    -2.2016   137.9790   -44.3495    41.7168    -6.3557   124.9320
   480.0000     0.0001     6.0115   109.0970   -20.3914   -28.7100   230.3250  -163.9090
   480.0000     0.0001     9.3469   103.1910   -19.5072  -134.2460   241.0150  -175.5220
   480.0000     0.0001   119.9160    23.2558   124.4590   -89.1056   -99.4372   -62.6675
   480.0000     0.0001    30.1969   131.4570    -0.7685   141.9180   169.6680    24.8939
   480.0000     0.0001    18.5667   173.2130     2.6970    29.9938   183.1350    68.6402
   480.0000     0.0001    19.7685   175.3300     0.7190    18.0755   171.5880    21.0131
   480.0000     0.0001   149.0170     7.6599   155.1990   -53.8588  -132.6130   -10.4861
   480.0000     0.0001   276.3160   149.2210   159.5180    72.0918  -146.0920    47.9125
   480.0000     0.0001    72.7388    71.5813    83.2782    48.9573   149.3990    35.7405
   480.0000     0.0001    30.6715   124.7650    -5.9714    19.2599   226.7940  -116.8280
   480.0000     0.0001     9.1612   120.8650   -17.3998   -50.3761   209.1960  -186.6980
   480.0000     0.0001    26.3310   142.3180    24.9487     0.6255   150.6540  -127.3300
   480.0000     0.0001    27.1228    98.9721    -4.4830   -42.8305   223.0650  -269.0020
   480.0000     0.0001    20.4604   109.4120   -22.5880   -81.9507   206.9860  -179.6970
   480.0000     0.0001     5.7457    87.4220   -10.4835  -105.2090   194.4190  -229.7270
   480.0000     0.0001    27.0143   146.0720    -9.9962    31.4635   227.1940   -27.1903
   480.0000     0.0001     4.4511    99.9242   -14.0443  -109.2090   221.1230  -154.8060
   480.0000     0.0001     7.2781   121.0240    -7.5737   -38.1915   248.0390  -189.2810
   480.0000     0.0001    28.2270   121.3230    -7.3408   -69.0341   230.8170  -113.8720
   480.0000     0.0001    27.8492   112.2390    -2.7367    41.2818   193.1220  -148.2520
   480.0000     0.0001   105.7220    91.8816    97.7341    18.8818    34.1323    46.8120
   480.0000     0.0001    29.3028   129.2540    -8.9625    29.0497   207.0780   -81.2592
   480.0000     0.0001   185.4580    21.4286   243.8590    24.3934  -128.0610    30.9601
   480.0000     0.0001    43.9113    70.6165    14.5359  -132.3750    55.8611  -264.7140
   480.0000     0.0001    -5.7637   188.5740   -36.7901    13.0149    89.0114    55.5565
   480.0000     0.0001   103.8620    51.3353   102.4970    68.1278    23.7626    88.6418
   480.0000     0.0001    39.3394    48.5741    86.1673   -98.5887   -11.1750  -196.6680
   480.0000     0.0001    25.0141    95.8141    -5.1022   -37.6874   250.0260  -227.9700
   480.0000     0.0001     9.6651   106.3670   -24.3288  -106.6910   196.6730  -164.3920
   480.0000     0.0001   -15.0476   179.3810   -43.0424     8.7018   100.0600    52.5822
   480.0000     0.0001     4.9326   105.0920   -18.2874   -53.3572   214.3810  -140.1440
   480.0000     0.0001    18.8739   106.2760    36.2264  -316.6620  -232.2000    67.3456
   480.0000     0.0001    25.0974   127.5550    -8.9526   -24.6937   248.5140  -128.4480
   480.0000     0.0001    28.5830   137.7110    -3.2533    21.3910   243.6900   -36.1907
   480.0000     0.0001    24.6676   128.3140     3.2549    92.0591   232.9880   -35.5545
   480.0000     0.0001   127.8060    31.6818   191.9630   -40.6185  -138.7050   -17.8592
   480.0000     0.0001     4.8664   105.8250   -17.3904   -73.0320   224.0780  -131.9580
   480.0000     0.0001    17.8082   156.1340   -18.2996    -1.6651   199.7450   -48.0086
   480.0000     0.0001    22.1907   127.8790    -4.8878   -29.4988   197.2890   -30.4049
   480.0000     0.0001    87.8974    39.1294   111.7050  -100.3930   -71.2630  -123.4390
   480.0000     0.0001    12.8341    95.6969   -12.3231   -89.6172   241.6940  -165.2690
   480.0000     0.0001     7.6916    89.4113   -15.0676   -57.2329   174.8350  -159.2410
   480.0000     0.0001     2.9457    93.8325   -17.0936   -95.8467   198.8330  -198.0160
   480.0000     0.0001    35.2224   150.3200     4.9613    75.1465   250.1370    46.8490
   480.0000     0.0001    26.0871   134.6330   -10.9969     9.0609   211.1220   -41.9799
   480.0000     0.0001    16.6666   112.5020   -23.3140   -36.4795   193.5310  -105.5330
   480.0000     0.0001    28.1796   113.9320    -4.1069    50.8570   217.8000  -165.8410
   480.0000     0.0001   218.5830    39.8010   224.3470    28.7388  -126.8020    35.3116
   480.0000     0.0001    30.6579   134.2490   -10.1885    49.6847   217.4830   -76.7243
   480.0000     0.0001   -11.8887   168.2820   -71.4278    35.7648    69.3069    -6.6079
   480.0000     0.0001    27.6129   119.7220    -7.1690   -17.7542   242.9130  -175.1980
   480.0000     0.0001    18.4811   128.0200    -2.2886    16.4093   219.4830  -100.7780
   480.0000     0.0001    20.0898   139.2120    -4.0344    73.3097   240.0360   -11.5930
   480.0000     0.0001    33.2851   146.9540     3.2235    97.2167   244.0150    37.7080
   480.0000     0.0001    25.1407   143.6360    -0.4891    60.2221   223.7300    15.3190
   480.0000     0.0001    10.0512   118.2530   -22.0459    24.2516   182.7080  -115.2840
   480.0000     0.0001    38.2019    59.9331    63.8457   -90.9123    35.7385  -242.7200
   480.0000     0.0001   146.1920    37.4885   187.3240   -23.3774  -116.3230   -31.6238
   480.0000     0.0001    26.2011   116.3150   -17.5234   -31.4443   232.8560  -180.8510
   480.0000     0.0001    21.8738   100.0180   -14.9861   -61.7774   195.6790  -179.3400
   480.0000     0.0001   116.7560    10.1395   154.9810   -73.0788  -117.1530   -29.5500
   480.0000     0.0001    68.8987    42.3416    97.6569  -102.4600   -31.0192  -155.7790
   480.0000     0.0001    14.3308   107.7780   -22.5532  -117.9180   187.9520  -166.1670
   480.0000     0.0001    41.6666    62.5187    40.1461  -146.9970    53.0547  -242.9140
   480.0000     0.0001    62.7267   177.5910   -31.3514    11.7229    -8.1298   116.4930
   480.0000     0.0001   135.9620    27.3015   178.2650   -36.8824  -109.3740   -34.6217
   480.0000     0.0001     5.9206   126.8070   -11.4656   -47.2833   189.9240   -27.2895
   480.0000     0.0001   151.4920     6.2032   189.2610   -15.3895  -130.5320   -16.7774
   480.0000     0.0001   110.7580    85.0088    92.7583    25.7320    24.0756    48.7312
   480.0000     0.0001     4.9582    98.7930   -15.0958  -112.0250   216.2590  -181.0860
   480.0000     0.0001   101.3380    25.6045   140.9260   -76.9986  -101.7860   -78.8068
   480.0000     0.0001   103.8770    36.2433   103.0930   -73.3750   -70.2398  -138.4640
   480.0000     0.0001     5.1929    86.4510    -6.9983  -108.0830   154.9060  -284.6810
   480.0000     0.0001    22.0950    84.6340    -1.2702   -39.9525   204.4140  -214.0770
   480.0000     0.0001   -24.7909   124.3070   -52.4823    35.3402    -8.3571    95.8184
   480.0000     0.0001    25.5610   127.8640   -13.6506    36.5628   188.8370   -96.3116
   480.0000     0.0001   106.8310    63.0827    99.5599    64.7624    36.3104   101.2380
   480.0000     0.0001    25.4780   129.4070   -10.6523    43.0614   228.8680  -100.5240
   480.0000     0.0001    31.6848   131.6350     0.2555    76.5684   239.4690   -39.7996
   480.0000     0.0001   147.9290    85.4653    82.6615    17.0408  -154.8320    17.4123
   480.0000     0.0001     1.8295   189.9110   -15.1527    11.8303   128.5630    63.4643
   480.0000     0.0001    23.3448   127.0900    -6.4020     0.8888   247.1740  -163.0960
   480.0000     0.0001     7.0394    95.3610   -15.0776   -72.5648   224.7280  -182.9170
   480.0000     0.0001    35.7074    75.2079    27.1182  -171.2430    98.6875  -250.2590
   480.0000     0.0001    89.6372    42.4239   144.0980   -77.4498   -99.1377   -98.8036
   480.0000     0.0001   164.9460    59.2781    79.0090   105.4570    -2.9053    93.1016
   480.0000     0.0001    17.0125    94.7111   -11.9268  -133.8900   226.3300  -224.5680
   480.0000     0.0001     1.1576   108.1780   -17.1836     4.0946   201.3450  -228.9240
   480.0000     0.0001    -7.6959   158.1940   -77.5448   -17.6857    52.1825   -40.4445
   480.0000     0.0001     7.0825    97.1169   -12.7118  -101.1990   184.5480  -168.6680
   480.0000     0.0001    -3.2447    71.5608   -14.5683  -121.3000   122.4600  -221.7430
   480.0000     0.0001   109.8560    53.8257    73.3615   -57.7660  -135.7390    -6.3323
   480.0000     0.0001   139.1030    46.3607   167.2750   -53.5807  -127.5650   -32.5619
   480.0000     0.0001    11.0726    98.5225    -5.0259   -26.5228   237.8890  -200.6880
   480.0000     0.0001    30.0410   120.3150   -18.5628    23.7891   209.7340   -68.6060
   480.0000     0.0001    14.3103    99.4473   -22.6835   -32.0617   197.0280  -121.4130
   480.0000     0.0001    17.4493   142.6500    -3.2444    18.6882   223.6880    27.7721
   480.0000     0.0001     7.8013    91.9259   -12.4276   -88.2586   204.6630  -228.2350
   480.0000     0.0001    35.2250     8.9706    88.0838   -52.2010   -51.0903  -169.7840
   480.0000     0.0001    29.1768   141.8930    -4.9243    71.6116   237.6090   -31.3530
   480.0000     0.0001    26.7753   132.0560    -7.6371    46.2881   216.3840   -82.6843
   480.0000     0.0001    29.2418   117.6780    -7.1716     8.9829   256.4090  -139.7520
   480.0000     0.0001    25.1182    99.9746    -1.6172   -42.2085   253.5660  -171.5720
   480.0000     0.0001     0.1024   111.8440    -9.9905   -68.6216   239.7390  -170.4690
   480.0000     0.0001    23.9693   108.6640     0.1391    20.8999   241.3890  -169.8660
   480.0000     0.0001    23.1084    97.6030    -3.4517   -27.4638   263.4140  -211.7000
   480.0000     0.0001   228.8280    12.4441   178.7470    20.1520  -157.8080    36.1693
   480.0000     0.0001    19.5317   130.8800    -7.5274    51.9908   226.7500   -93.1341
   480.0000     0.0001     7.0636    98.7562   -23.6131  -102.0270   174.8090  -211.3170
   480.0000     0.0001    14.6054    94.0134   -22.2112   -97.8790   167.7000  -199.8970
   480.0000     0.0001   -35.0316   167.0520   -31.6389   -18.0439   116.4410    32.2482
   480.0000     0.0001    10.6093   105.5500   -22.1176  -144.3640   231.4050  -189.1420
   480.0000     0.0001    20.5526    61.4576    55.7997   -96.4550    34.7027  -252.0750
   480.0000     0.0001    20.5526    61.4576    55.7997   -96.4550    34.7027  -252.0750
   480.0000     0.0001    26.2695   130.4290    -0.3003   -62.9475   246.0090    32.4970
   480.0000     0.0001    -5.0513    87.6566    10.6357   -29.4553   142.8850  -263.1130
   480.0000     0.0001    32.9916    62.6977    -6.1824  -116.2030    70.4164  -259.7330
   480.0000     0.0001   244.8330   257.5490   109.6930   145.4410  -126.4860    48.5226
   480.0000     0.0001   -18.3840   181.8550    -4.7827    83.4144   -30.5712   113.5290
   480.0000     0.0001    59.6753    47.3536   107.6410   -82.2611   -42.2402  -171.6780
   480.0000     0.0001   131.6160    66.5558   212.8650   -11.1901  -108.6460   -26.8541
   480.0000     0.0001    38.5695   130.2300   -32.1125     5.0928    85.6854  -212.2630
   480.0000     0.0001     6.9136    97.3484   -21.5052  -101.4850   216.3420  -269.4470
   480.0000     0.0001    11.9262    95.3809    -9.1175    14.1036   203.6550  -231.3090
   480.0000     0.0001    32.8671   140.4520     0.2327    11.9353   254.8050    15.1621
   480.0000     0.0001   189.9350    78.5246   215.9270    11.7349  -148.3700    35.8243
   480.0000     0.0001    52.9067   106.9620    83.1283    64.4253   197.1810   -73.6466
   480.0000     0.0001    10.8443   102.2850   -22.0792  -126.2960   211.2050  -175.4270
   480.0000     0.0001    14.2967   130.5060   -12.2099    -1.8376   248.0180  -150.8740
   480.0000     0.0001     4.5053   112.4990   -17.6275   -66.8091   211.2260  -156.2230
   480.0000     0.0001    14.9521    96.7686    -1.8891   -72.7471   232.8040  -181.9570
   480.0000     0.0001   117.6190    26.2819   128.3090   -91.3216   -99.1118   -59.3453
   480.0000     0.0001   151.9560    91.2993    16.0822    61.0925     1.7632    60.5283
   480.0000     0.0001    28.1077   111.5210   -17.4473   -28.3332   223.4810  -190.2710
   480.0000     0.0001    29.6622   128.0620    -4.8326    12.7633   234.0680   -78.4733
   480.0000     0.0001    12.2355    91.5963   -17.7243  -120.0620   181.5280  -191.8850
   480.0000     0.0001    20.7370    94.1875   -12.3598   -49.9044   125.9300  -314.7710
   480.0000     0.0001   126.4340    15.0756   155.0210   -23.7634  -110.9830   -75.9525
   480.0000     0.0001     5.9051    89.5524   -11.3488   -83.3802   205.5210  -240.6520
   480.0000     0.0001    11.1740   103.3750   -18.9138  -128.2030   247.8370  -188.2680
   480.0000     0.0001    41.4560    66.0565    21.7230  -174.8560    30.0641  -230.8860
   480.0000     0.0001   120.6010    21.0297   180.9350   -51.2620  -128.9920   -23.9284
   480.0000     0.0001     7.7842    97.7895   -13.4757  -102.3210   192.1850  -171.2750
   480.0000     0.0001   180.0080    45.4603   226.2340     8.5432  -126.5440    13.7585
   480.0000     0.0001   -34.0216    69.7971   -93.4840    11.0250   -38.1253    45.0319
   480.0000     0.0001     7.4206    75.1085   -20.9713  -126.3150   115.1770  -199.6100
   480.0000     0.0001    25.6745    92.7093   -11.1025  -160.7330   117.5950  -243.2480
   480.0000     0.0001     2.8412    99.9001   -13.9410   -61.5228   226.8620  -183.5590
   480.0000     0.0001   148.4070    31.2902   185.6030   -28.3621  -126.0900   -24.5370
   480.0000     0.0001     8.6274    88.3804     3.7860   -88.4618   208.3660  -179.9530
   480.0000     0.0001   -51.4159    77.1038   -99.8829     4.4336   -31.7742    29.6837
   480.0000     0.0001    26.1907   113.2260    -1.1852    47.8949   179.7830  -109.4190
   480.0000     0.0001   111.9430    38.3162   132.8260   -77.1027   -93.2670   -89.1157
   480.0000     0.0001    26.2006   113.3510    -0.9872     3.8344   177.6810   -95.6783
   480.0000     0.0001   -53.1070   110.3440   -47.8627    93.2612   -32.1817   113.1420
   480.0000     0.0001   -36.7996   174.7080   -19.6606    62.9182    -7.4080   101.5000
   480.0000     0.0001   -40.9991   145.2810   -42.2849    47.7521   -13.6857   101.1400
   480.0000     0.0001    10.0893    96.0865   -22.5328  -126.8760   185.8510  -196.2010
   480.0000     0.0001     8.6852    91.9404   -18.1747  -120.4900   193.7200  -200.5940
   480.0000     0.0001    28.1280   143.3310    -8.7074    41.5709   230.8420   -33.4158
   480.0000     0.0001    11.0818   130.3360   -18.5189    -0.5228   220.2220  -135.4620
   480.0000     0.0001   -41.0550   166.4870   -45.2103   -33.3482    55.4620    23.5325
   480.0000     0.0001    23.0684   126.3230    -2.2593   -49.6467   252.5540   -99.3382
   480.0000     0.0001    10.1895   177.7670   -14.6263    21.1022   160.4170    48.2333
   480.0000     0.0001    29.5816   135.2220    -4.8741    32.0986   237.6870   -60.9515
   480.0000     0.0001    84.7245    64.8761    81.5020   -46.7077  -170.5280   -17.9676
   480.0000     0.0001    13.2498   132.6400   -14.7637     9.4538   202.3960   -69.0998
   480.0000     0.0001     8.6958    76.2223   -21.3018   -95.8281   123.2130  -272.2050
   480.0000     0.0001    23.7689   179.0390   -25.8873    45.7077   159.5680    44.2046
   480.0000     0.0001    16.1064    98.7870   -18.5703  -102.9270   193.9380  -178.8220
   480.0000     0.0001   177.8370    63.6361   215.0290    15.8363  -125.5880    -4.2329
   480.0000     0.0001     3.2942   108.0800   -16.6382   -64.9898   237.3200  -179.8240
   480.0000     0.0001    17.1591    86.0643    10.8159  -127.3600   160.0120  -272.8480
   480.0000     0.0001     1.0905   101.4230   -19.4281   -96.5238   216.9480  -189.3470
   480.0000     0.0001   117.0930    28.2430   187.7070   -33.3081  -101.2010   -43.3124
   480.0000     0.0001    43.9113    70.6165    14.5359  -132.3750    55.8611  -264.7140
   480.0000     0.0001    15.4729   163.4360   -22.5431     0.1519   193.3720   -41.4675
   480.0000     0.0001     8.3633   172.5890   -10.8081    -2.8283   166.2880    44.9985
   480.0000     0.0001     4.6803   131.3610   -19.8418    10.8619   210.6060   -48.4244
   480.0000     0.0001   -73.5834    91.9593   -44.8144    73.9760   -26.6649    87.2637
   480.0000     0.0001     4.8730    98.2774    -9.7446   -55.5339   211.3150  -249.6810
   480.0000     0.0001   259.3610    86.3938   131.4460    51.9277  -163.2300    35.8333
   480.0000     0.0001    17.8844   167.6720    -4.7904     0.2526   183.3780    65.5082
   480.0000     0.0001    10.8564    96.8423    -5.9451   -89.5913   226.8980  -215.4140
   480.0000     0.0001    81.1305    69.4642   106.3360    52.5436    94.2738    66.7578
   480.0000     0.0001    13.6683    98.1268   -14.9659   -65.9542   221.9150  -159.0840
   480.0000     0.0001    62.4992    36.3654    91.5505  -120.8090   -37.8635  -148.6510
   480.0000     0.0001   -46.8325   131.8090   -72.3411    30.0076   -12.4026    74.2539
   480.0000     0.0001    21.5700   123.4570   -10.6934   -14.9804   268.5520  -169.1840
   480.0000     0.0001    30.1259   116.5100    -9.2865    38.7023   196.9640  -158.2640
   480.0000     0.0001     2.9126   100.5020   -19.9607  -118.7440   212.0420  -182.5170
   480.0000     0.0001    87.0834    22.9487   141.5170   -60.2620   -77.3376  -100.4720
   480.0000     0.0001    29.5816   135.2220    -4.8741    32.0986   237.6870   -60.9515
   480.0000     0.0001     6.8456   103.0500   -21.7742   -98.3126   202.1780  -151.5560
   480.0000     0.0001   143.4600    34.9911   169.0450   -38.9454  -118.3040   -41.7693
   480.0000     0.0001    31.9937   134.3960    -0.1929    98.0946   247.4060   -14.6258
   480.0000     0.0001   143.3490    35.6595   184.2990   -32.7969  -118.0150   -29.6085
   480.0000     0.0001    17.8618   109.0780   -27.0967   -25.4562   203.2800  -171.8210
   480.0000     0.0001     1.0670   152.1070   -45.2704   -40.1610   132.0670   -35.2779
   480.0000     0.0001    53.7991    24.2753   142.6500   -54.9594   -69.4930  -114.0420
   480.0000     0.0001   -39.7696   156.9890   -61.2633    27.4765    20.3728    63.1660
   480.0000     0.0001   145.2430    86.8342    63.1394    61.0153     0.8572    69.8974
   480.0000     0.0001    10.0169   155.2780   -25.3036   -15.7082   176.8430   -38.8430
   480.0000     0.0001   128.6740    50.8151   216.1390   -11.6459  -116.8020   -14.6121
   480.0000     0.0001   132.4420    19.0840   161.8870   -46.2534  -109.3900   -45.9580
   480.0000     0.0001    24.6033   100.2500    -6.3170   -32.7881   213.7830  -284.5440
   480.0000     0.0001    60.3096    58.1512    83.8789  -137.8310   -49.9230  -183.0040
   480.0000     0.0001    16.3988    91.2237    -9.4088   -75.8384   233.7100  -215.4230
   480.0000     0.0001    37.3861    72.0790    30.8037  -137.0290    78.7528  -271.9120
   480.0000     0.0001    27.7363    92.2972    -5.7107   -68.6166   200.9800  -266.7750
   480.0000     0.0001    84.0287    22.4477   103.6830  -130.0030   -92.1043   -85.8324
   480.0000     0.0001    26.3166   120.7790    -3.4031    61.4958   197.8870   -81.9368
   480.0000     0.0001     9.7195   167.4990   -17.5576     5.8913   175.9190    34.2295
   480.0000     0.0001     9.9576   102.2030   -18.8008  -124.7920   244.0330  -173.5760
   480.0000     0.0001    44.0652    71.1973    35.8188  -135.0830    77.4691  -263.8780
   480.0000     0.0001    28.4818    78.7418    10.1471  -130.0530   129.2510  -273.0970
   480.0000     0.0001     9.9468    94.3751    -7.8322  -125.5190   192.8690  -279.2530
   480.0000     0.0001   -51.6435   138.4920   -60.0288    27.5042     3.7888    57.1112
   480.0000     0.0001   165.9350    31.1057   200.7730    -5.0230  -128.5800    -9.8532
   480.0000     0.0001     8.1454    85.0578    -7.4955   -67.4964   180.2040  -262.8910
   480.0000     0.0001     5.4921    94.4387   -17.4448   -75.5662   207.6790  -212.2170
   480.0000     0.0001    13.5141    83.6010   -15.3471   -59.7782   183.7080  -240.0550
   480.0000     0.0001    19.5716   133.4470    -6.7187     1.4512   210.8920   -57.3993
   480.0000     0.0001    26.6011   106.0700    -3.9598   -62.1024   269.6280  -206.4910
   480.0000     0.0001    19.8237   178.8080     7.2274    18.7682   168.2740    64.9836
   480.0000     0.0001    22.3793   143.1020   -10.7450    32.1490   237.7270   -65.0687
   480.0000     0.0001    18.0777   108.4330   -27.5580   -27.5650   203.2930  -172.0840
   480.0000     0.0001    25.4892   139.2690    -1.7513   -42.4398   243.4880   -16.1041
   480.0000     0.0001     5.4921    94.4387   -17.4448   -75.5662   207.6790  -212.2170
   480.0000     0.0001    -5.4145    87.2329   -10.9288  -114.0430   165.9620  -193.9120
   480.0000     0.0001    13.3228    99.9820    -2.8375   -76.2482   246.5050  -168.6800
   480.0000     0.0001    10.7742    95.6594   -13.0854   -60.6469   239.0020  -204.3110
   480.0000     0.0001    26.8178   121.4080    -3.4955    11.5282   198.9970   -66.0437
   480.0000     0.0001    55.6375    59.6782    78.2628  -123.2410   -66.2946  -209.5980
   480.0000     0.0001   211.5190   287.5160   120.9420   156.3680  -122.7250    49.8546
   480.0000     0.0001    22.0950    84.6340    -1.2702   -39.9525   204.4140  -214.0770
   480.0000     0.0001     7.6796   149.6140   -15.9320   -21.8162   198.2300   -26.2031
   480.0000     0.0001    27.3351   114.2320    -2.0863    73.1235   184.5600  -115.1750
   480.0000     0.0001    16.8545    92.3327    -4.5289  -149.1740   211.9870  -169.4030
   480.0000     0.0001    90.9348     5.7704   206.3190   -28.1414  -117.2640   -24.2849
   480.0000     0.0001     7.8331   103.3420   -15.3100  -138.9850   262.4040  -205.3750
   480.0000     0.0001   157.0270    20.1300   191.1050   -20.4837  -122.1120   -13.2779
   480.0000     0.0001    25.1016   100.5810   -16.2475   -24.0978   163.5900  -137.9160
   480.0000     0.0001    46.9420    15.8009   146.3100   -57.2865   -85.3349  -104.4660
   480.0000     0.0001   151.7260    36.6412   208.9510   -23.9849  -134.2810     5.6994
   480.0000     0.0001    23.1073   125.8380   -16.1807   -59.2206   183.7290   -96.4703
   480.0000     0.0001    56.8169    60.5210    75.9548   -88.2225   -29.0525  -237.6530
   480.0000     0.0001     8.0534   102.0480   -22.8022  -131.4430   208.2660  -195.7780
   480.0000     0.0001    24.8091   101.7750   -13.0478   -48.3022   186.2380  -173.4710
   480.0000     0.0001     7.3812   104.9110   -22.5523   -94.4741   204.5450  -172.6670
   480.0000     0.0001    30.4157    63.3572    35.3274  -170.2520    56.2309  -223.0220
   480.0000     0.0001    34.1760   127.5750    43.3518   -20.5432   178.5960   391.4310
   480.0000     0.0001     1.2168   104.5740    -9.8345  -105.1400   257.5370  -147.0180
   480.0000     0.0001     7.4316   104.9120   -17.8807   -81.7905   220.7030  -116.8570
   480.0000     0.0001   123.9020    29.4310   163.1090   -50.7824   -95.7883   -53.9836
   480.0000     0.0001    48.7596    40.3360    23.8304  -121.1180     4.3869  -227.8030
   480.0000     0.0001    11.6206   106.6670   -21.4072   -57.7349   191.2870  -122.7260
   480.0000     0.0001    14.1399    86.9866     4.7225   -59.0054   176.8910  -267.2330
   480.0000     0.0001    32.2023    54.1266    56.8893  -101.4070    61.3261  -219.0950
   480.0000     0.0001   148.3330    77.1924    59.5962    88.9355    -8.3893    78.5982
   480.0000     0.0001    27.5194   124.8680    -9.1713    10.3568   203.3110  -143.9560
   480.0000     0.0001   -73.6835    81.5238   -95.3785    19.5940   -35.0210    36.8751
   480.0000     0.0001     4.4932   103.7220   -11.9737   -90.8551   242.5400  -160.7340
   480.0000     0.0001     3.6754   122.4580    20.1142  -247.0850   175.8740   -98.0492
   480.0000     0.0001    98.7619    61.4700   102.1660    60.1849    34.4736    87.9924
   480.0000     0.0001    18.4393    82.2887    11.3895   -73.2482   134.2610  -302.0350
   480.0000     0.0001    11.1379   113.3990   -25.4169   -81.8425   206.4510  -168.3870
   480.0000     0.0001     7.9176   129.3310   -38.2838   -77.5257   129.0220   -89.4820
   480.0000     0.0001    15.9190    91.7274   -23.4122   -80.1801   153.2090  -214.0470
   480.0000     0.0001     9.0454    99.3838   -11.9622   -45.7929   240.7080  -161.1990
   480.0000     0.0001   -16.1879   170.6280   -55.9583   -32.1411    74.1233    -8.1498
   480.0000     0.0001    24.3041   153.4610    -5.9063    -8.6099   213.1460    49.3628
   480.0000     0.0001    20.1431   112.9190   -23.7782   -30.7570   277.6120  -211.4350
   480.0000     0.0001    29.8095   127.2290    -6.1969     9.7861   228.7290  -106.9320
   480.0000     0.0001   255.5350   206.1160   115.8940   124.8620  -146.5230    45.7246
   480.0000     0.0001    15.5184   106.2390   -22.0750  -100.3830   202.2770  -183.3220
   480.0000     0.0001   115.3950    43.5216   164.9490   -59.7864  -106.3990   -60.0432
   480.0000     0.0001   102.8960    88.8384    90.3392    13.9963    48.7904    48.1941
   480.0000     0.0001   102.6890    62.0694   103.6250    64.4597    29.5101    98.9516
   480.0000     0.0001   192.9170    51.6407   235.4020    17.6514  -128.8610    27.6194
   480.0000     0.0001   179.2910    37.0607   235.3310    22.6893  -129.9930    17.6234
   480.0000     0.0001    -0.1753    83.5595    -8.8859  -120.9210   160.3470  -258.4870
   480.0000     0.0001    76.4225    26.1814   114.7610   -54.9808   -51.6417  -141.8510
   480.0000     0.0001   104.6040   396.2470    82.5462   187.6720   -35.8373    59.6228
   480.0000     0.0001    16.2923    93.9220     4.4839   -46.0666   205.6660  -287.7490
   480.0000     0.0001   138.4620    27.4555   178.7720   -38.7792  -123.8640   -28.0036
   480.0000     0.0001    17.2902    88.1200   -23.0387   -56.6327   163.2820  -179.6270
   480.0000     0.0001     6.9350    82.5243    -3.3655  -125.1810   151.8930  -269.9190
   480.0000     0.0001    18.0753   179.0270    -3.2999    47.3530   166.1240    55.0503
   480.0000     0.0001    96.1737    37.9724    97.3877   -89.9996   -61.4297  -142.6760
   480.0000     0.0001    47.8905    71.6137    16.5911  -114.2370    79.7197  -272.8460
   480.0000     0.0001    49.6917    57.6838    33.6086  -154.0600    34.8562  -228.9700
   480.0000     0.0001    21.9994   123.9480    -9.7982    12.9457   218.0040  -119.5950
   480.0000     0.0001    22.4207   122.1800    -4.5764   -25.8343   224.5080  -159.4060
   480.0000     0.0001    91.5483    36.7112   131.1450   -86.4294  -114.2620  -101.8390
   480.0000     0.0001    15.7914   101.5900   -23.8786  -149.7030   194.9510  -240.4820
   480.0000     0.0001    29.3651   123.8690    -5.0067    33.3507   227.1850  -136.7020
   480.0000     0.0001     7.0394    95.3610   -15.0776   -72.5648   224.7280  -182.9170
   480.0000     0.0001    19.9574   121.7120     0.4262    80.1141   200.7290   -59.6035
   480.0000     0.0001    15.8126   118.6530   -22.4224   -80.6479   225.8170  -163.8710
   480.0000     0.0001    59.6753    47.3536   107.6410   -82.2611   -42.2402  -171.6780
   480.0000     0.0001   191.4320    44.9562   164.2570   -25.7026  -149.8680    12.3087
   480.0000     0.0001   259.1540   117.1950   117.4140    45.1742  -164.1790    29.6358
   480.0000     0.0001    15.1898   164.7950   -10.3002    39.1679   200.8880    41.8876
   480.0000     0.0001    10.7315    93.4370   -12.3488   -57.2534   221.1410  -190.6770
   480.0000     0.0001    26.2018   105.5750   -17.3151   -53.6203   209.6660  -191.1860
   480.0000     0.0001    18.2467    97.6653     1.7359   -82.5478   200.5970  -278.0100
   480.0000     0.0001     4.4571   103.5660   -17.6694   -88.4682   231.4870  -149.2070
   480.0000     0.0001     7.5234   111.4080   -25.2831   -30.3653    93.6553  -166.7620
   480.0000     0.0001   139.9940    96.9183    97.7822    30.1928  -176.5310    25.6870
   480.0000     0.0001     6.4462   107.3550   -18.5791   -45.4519   209.9540  -126.2010
   480.0000     0.0001     3.7175   184.7730   -42.1015    25.3398    26.9723    83.0856
   480.0000     0.0001     8.3066    99.9313   -16.6527   -52.5333   223.1340  -145.6200
   480.0000     0.0001   216.4020    54.3367   203.7850    18.1470  -144.7840    33.4210
   480.0000     0.0001    67.7368    63.4825    48.8342   146.1870  -270.2850   112.5160
   480.0000     0.0001    10.2812   124.2660   -11.8149   -48.2229   209.2230  -151.4390
   480.0000     0.0001    19.9356    98.3890    -8.1293   -28.1051   265.8860  -123.6330
   480.0000     0.0001    30.4233   115.9050    -7.3535    -7.3842   213.9260  -145.9860
   480.0000     0.0001    13.2633    94.1809   -18.2811   -73.6923   189.6710  -306.9570
   480.0000     0.0001     0.4313    88.7813   -20.1562  -113.8500   174.2450  -265.7900
   480.0000     0.0001    21.4584   101.6710   -17.8922     1.5975   132.7290  -169.1200
   480.0000     0.0001   158.9940     3.2062   213.3520    -0.3439  -126.9290     4.4279
   480.0000     0.0001   -32.5600    36.0879  -120.5900     5.0861   -58.4146    17.3713
   480.0000     0.0001   146.8840    15.6140   181.3810   -28.6362  -117.7380   -22.5365
   480.0000     0.0001     3.8673   103.4610   -18.1776  -110.5900   245.3530  -200.9580
   480.0000     0.0001    20.2761    93.3872    -7.3192   -66.9033   246.2990  -160.2920
   480.0000     0.0001   111.0640    23.3339   184.8520   -30.5232  -107.6130   -52.1745
   480.0000     0.0001    13.3965   177.6170    -5.3567    18.5501   168.8310    64.3411
   480.0000     0.0001    48.7596    40.3360    23.8304  -121.1180     4.3869  -227.8030
   480.0000     0.0001    13.3280   109.1210   -23.6323   -24.2767   193.3310  -207.3390
   480.0000     0.0001    29.5446    73.1393    42.6415   -85.3084    83.3063  -288.5110
   480.0000     0.0001   123.3130   105.3830    89.7417    13.8426  -192.6730     7.1952
   480.0000     0.0001   164.2000    36.2782   168.5070   -36.0384  -123.1190   -17.8622
   480.0000     0.0001     6.5903   103.7660   -15.4187   -81.7050   242.7590  -153.0960
   480.0000     0.0001    21.1756    78.1347   -14.9187   -89.9821   129.7790  -187.6650
   480.0000     0.0001    26.3310   142.3180    24.9487     0.6255   150.6540  -127.3300
   480.0000     0.0001   187.8230    33.5967   176.7540   -13.3760  -131.5580    -0.7590
   480.0000     0.0001    50.0188   123.2650     7.3468   165.4520   -15.1394  -152.5530
   480.0000     0.0001    30.0496   120.6610    -1.5217    80.7194   220.1260   -73.7780
   480.0000     0.0001     4.2551   102.9350   -20.7565  -118.5690   236.8720  -233.3920
   480.0000     0.0001    22.9503   122.0850    -3.0685    60.1543   189.5660   -57.7278
   480.0000     0.0001     4.2944   109.2670   -19.3522  -103.0970   236.4230  -150.7150
   480.0000     0.0001     7.1123   100.0820   -24.0186  -124.0560   219.3460  -202.1590
   480.0000     0.0001    11.8686    75.5396    11.2400  -124.6540   139.3910  -254.6170
   480.0000     0.0001   124.4200    28.4471   129.7370   -82.3443   -89.6893   -59.8788
   480.0000     0.0001   190.8440    67.3198   245.3660    27.7873  -126.9550    27.3940
   480.0000     0.0001   132.3430    78.9302   -17.8335   125.6940   -57.5329    -7.5261
   480.0000     0.0001    19.1231   136.2800   -13.2969    43.0044   215.3160   -95.0608
   480.0000     0.0001     1.8886    86.9038    -9.4165  -103.8180   188.7040  -247.3400
   480.0000     0.0001    38.2730    35.7116   123.5480   -65.4871   -67.0385  -151.2300
   480.0000     0.0001    26.9648   114.3620   -17.5324    29.3923   263.0310  -165.8850
   480.0000     0.0001    28.5888   112.1870    -5.5271   -43.4831   282.4260  -131.2630
   480.0000     0.0001    26.1416   124.3460     4.5108    81.7019   234.2850   -58.6872
   480.0000     0.0001   -23.1356   186.5600   -25.2170    22.1315    49.1185    92.3705
   480.0000     0.0001    17.4109   155.3970   -23.6022    72.8613   195.9540    -4.0171
   480.0000     0.0001     6.3525   106.5210   -16.6130   -73.3154   257.4450  -149.9820
   480.0000     0.0001    25.4407    44.6549    15.3586  -141.6510    49.6398  -214.6100
   480.0000     0.0001    12.8501   101.9750   -19.8876  -101.7280   230.7820  -197.9470
   480.0000     0.0001    26.9087    79.7004    15.8935   -95.4066   167.5350  -218.2630
   480.0000     0.0001     6.6419   139.7810   -15.6005   -25.9132   203.6750    10.0339
   480.0000     0.0001   -87.9896   111.5160   -23.2780    46.1114   -21.9646    78.2010
   480.0000     0.0001    28.9224   110.6400     0.1753     6.4303   245.9040   -77.4499
   480.0000     0.0001    29.1588   164.5550   -14.0194    65.3728   196.7470    28.0949
   480.0000     0.0001   157.0190    67.3453    69.8455   106.0210    12.3939   100.6080
   480.0000     0.0001   228.4040    55.9913   153.6070    21.7148  -166.9570    39.5436
   480.0000     0.0001    15.8870    97.5105   -14.2597   -76.6407   232.7440  -269.9610
   480.0000     0.0001     8.7399   161.8190   -57.9220   -32.3713    74.2359   -52.8360
   480.0000     0.0001   -13.2883   180.4660   -50.2217    25.5878    57.5282    64.4677
   480.0000     0.0001    13.2570    85.7277   -11.9685   -78.7732   188.9430  -186.9160
   480.0000     0.0001     7.8412   103.4820   -22.9618  -132.3360   212.3810  -187.6210
   480.0000     0.0001   -46.1737   164.2070   -51.4123    21.3813    24.8690    70.5380
   480.0000     0.0001    29.4161    74.3942     3.5612  -130.4960   112.3890  -266.5110
   480.0000     0.0001    89.7575    34.1504   164.9320   -64.1586  -121.2280   -69.8761
   480.0000     0.0001   -22.2856   188.4610   -36.5005    -6.0747    45.4257    44.6482
   480.0000     0.0001    16.6349    83.1274    10.8068  -124.4230   192.5300  -220.6510
   480.0000     0.0001   -19.7881   172.0050   -16.2638   -19.6660   136.9850    70.6838
   480.0000     0.0001    11.7354    84.9242   -10.1535  -114.1240   160.7470  -141.3110
   480.0000     0.0001     9.5903    29.8442    62.4466   -71.2950   -25.0713  -212.4250
   480.0000     0.0001    28.2033   123.9930    -8.6453    30.0175   190.5490   -90.9471
   480.0000     0.0001    15.0392    93.2286   -14.7272   -79.6521   188.9360  -167.3690
   480.0000     0.0001   229.9240    76.9734   288.0720    62.1289  -124.3430    76.8193
   480.0000     0.0001    26.7224   126.8230    -7.0566    15.8254   197.9830   -47.2061
   480.0000     0.0001     3.5643   115.7700    -7.5962    -3.4810   237.9300  -181.2080
   480.0000     0.0001    -0.5274    68.0271    36.6357   -66.4044    79.0615  -254.2760
   480.0000     0.0001    48.8990    53.2251    37.9210  -170.3270    15.0441  -202.9970
   480.0000     0.0001     7.7860   117.4500   -17.7179   -19.4387   200.4160  -175.9560
   480.0000     0.0001     9.1409   163.1010   -25.2399     0.6744   178.7640    16.7540
   480.0000     0.0001   165.2790    33.3562   199.1590    -5.3491  -124.6860   -13.3495
   480.0000     0.0001    19.8624    98.0470    -7.4711  -106.2770   211.1150  -170.4790
   480.0000     0.0001    49.6917    57.6838    33.6086  -154.0600    34.8562  -228.9700
   480.0000     0.0001    10.0823    99.7475     0.6664   -23.9204   241.4570  -234.7080
   480.0000     0.0001    10.0669   118.7060   -19.4578    47.2914   193.1600  -179.3740
   480.0000     0.0001     8.2153   118.4210   -18.1765   -45.6158   180.1780  -125.6550
   480.0000     0.0001   124.6990    33.3786   158.2310   -48.3118  -101.5940   -63.9226
   480.0000     0.0001   152.6860    57.2012    67.3561   110.3340    10.6030   101.0490
   480.0000     0.0001   233.3240    76.6775   293.5460    64.2625  -124.6460    80.8121
   480.0000     0.0001    21.4328    76.9012    -1.8882  -139.0770   129.5730  -244.0330
   480.0000     0.0001   118.2190    15.3006   147.1970   -60.0096   -96.1401   -61.8189
   480.0000     0.0001    48.5148    43.6853    92.8012  -115.7510   -31.5843  -170.4800
   480.0000     0.0001   181.7870    44.8076   235.3350    14.6364  -125.6670    21.1117
   480.0000     0.0001    -4.2619   199.2740     7.7005    82.2518    -7.9689   109.0170
   480.0000     0.0001     2.6918   104.1870   -18.9818  -103.2910   225.5420  -168.3290
   480.0000     0.0001     7.6185    67.9070    13.1726   -79.3155   134.8100  -216.4340
   480.0000     0.0001    10.1257    94.1739    -6.8501   -57.6888   246.5400  -176.2850
   480.0000     0.0001    28.0328    53.2485     7.0412  -129.6080    40.2044  -245.6330
   480.0000     0.0001     9.5241    99.4115    -8.0499   -39.5898   223.4790  -224.8190
   480.0000     0.0001   173.8600    36.2693   205.6140     0.0103  -130.5290    -3.0493
   480.0000     0.0001   252.8920   192.9400   134.3460    86.2072  -154.4090    61.5147
   480.0000     0.0001    19.0675    90.1410    -2.6756   -19.6848   205.1300  -251.0200
   480.0000     0.0001     9.2326   157.4420   -28.2849    -9.3442   172.4350     5.7596
   480.0000     0.0001   293.5560   167.8470   139.3580   104.6910  -137.5810    52.3897
   480.0000     0.0001    97.5404    35.9453   153.5010   -62.1213   -84.1224   -84.2573
   480.0000     0.0001    11.4252    56.5307     1.2571   -94.9213    83.3294  -198.6600
   480.0000     0.0001     3.5971   105.6320    -7.7914   -70.1042   176.6250  -202.4860
   480.0000     0.0001    10.0893    96.0865   -22.5328  -126.8760   185.8510  -196.2010
   480.0000     0.0001    25.2750    92.9654   -18.2495   -81.6268   190.5080  -159.6550
   480.0000     0.0001     7.7662    99.2170   -17.6253  -115.9430   217.1830  -198.8140
   480.0000     0.0001    11.5473    88.5713   -14.6249   -62.3301   192.8510  -221.2500
   480.0000     0.0001    75.5707    53.2045    72.2971  -114.2790   -29.9806  -198.5120
   480.0000     0.0001   -82.3132    93.3579   -66.6696    27.3528   -29.5156    58.9879
   480.0000     0.0001   -68.5331   110.6850   -57.5533    36.8757   -25.8995    78.1803
   480.0000     0.0001   173.4850    29.3580   205.1320     2.9225  -133.1920    -5.3308
   480.0000     0.0001   132.3290    42.9842   162.6980   -47.1087  -106.0880   -56.8041
   480.0000     0.0001     8.2736   127.4330   -10.1952   -17.9519   189.7850   -32.9599
   480.0000     0.0001    65.7431   139.1320    -0.5181   124.8280  -134.8730  -133.3390
   480.0000     0.0001    85.7428    82.7116   123.8610    48.6728    75.0001    75.1669
   480.0000     0.0001    10.0512   118.2530   -22.0459    24.2516   182.7080  -115.2840
   480.0000     0.0001   249.6320   260.3400   122.3070   143.4020  -118.0890    64.5180
   480.0000     0.0001    17.3152    97.8775     1.5975   -45.1703   204.0720  -302.8070
   480.0000     0.0001    11.4252    56.5307     1.2571   -94.9213    83.3294  -198.6600
   480.0000     0.0001   173.4850    29.3580   205.1320     2.9225  -133.1920    -5.3308
   480.0000     0.0001    17.2902    88.1200   -23.0387   -56.6327   163.2820  -179.6270
   480.0000     0.0001    19.5258   140.6610   -20.5305   -20.5708   190.0130  -110.7160
   480.0000     0.0001    44.4556    73.3804    46.3291  -126.1260   -41.6562  -150.9580
   480.0000     0.0001    77.4549    34.0664    93.9086  -109.9020   -66.8942  -145.2050
   480.0000     0.0001    73.5607    -2.2306   159.4400   -61.8862  -107.9860   -61.0751
   480.0000     0.0001     4.8379    90.9684    -3.3087   -46.5734   216.5730  -201.4300
   480.0000     0.0001    85.4366    43.5219   144.6450   -70.7420  -114.7730  -105.2160
   480.0000     0.0001     7.8412   103.4820   -22.9618  -132.3360   212.3810  -187.6210
   480.0000     0.0001    14.6340   147.0060     2.1153    -6.0356   232.1040     7.7602
   480.0000     0.0001   190.7700    47.6906   205.1370    -0.7162  -131.7280    12.0929
   480.0000     0.0001   -51.5682   169.1280   -39.5082    31.2129    23.9924    78.3172
   480.0000     0.0001    22.2563   126.0220    -3.9785    79.2747   223.5540   -37.9954
   480.0000     0.0001    54.6875    47.0066    45.3524  -135.2840     3.6262  -215.0420
   480.0000     0.0001   185.5260    34.9006   253.9060    16.5245  -132.9420    44.4633
   480.0000     0.0001   129.7780    96.6381   -56.8092    92.5465   -32.1027   -19.4447
   480.0000     0.0001   213.6550    94.4973   296.7280    54.4129  -119.8980    76.7511
   480.0000     0.0001   165.0580    28.6470   190.7500   -13.9880  -136.7580   -13.0375
   480.0000     0.0001    13.7885   110.5810   -24.0190  -111.5810   222.4790  -220.9570
   480.0000     0.0001   157.9030    23.7364   175.5850   -35.7041  -142.1560    -0.9761
   480.0000     0.0001   111.6480    98.0776   124.8040  -101.0120  -105.5490   -98.6943
   480.0000     0.0001   240.2090    99.3856   114.2210    55.7176  -177.3700    28.6364
   480.0000     0.0001   130.5430    59.8939    28.4155   107.6190   -57.3195    45.9769
   480.0000     0.0001   -56.9813    88.8171  -109.9580    14.8665   -33.7093    34.9629
   480.0000     0.0001    28.2033   123.9930    -8.6453    30.0175   190.5490   -90.9471
   480.0000     0.0001    21.6797    90.2099    17.1120   -44.0402   176.7790  -303.4510
   480.0000     0.0001    20.5018   127.5400    -1.1411   112.9850   154.2200    25.9415
   480.0000     0.0001    14.6235   113.9200   -22.8460  -111.9460   230.6650  -195.3910
   480.0000     0.0001    31.1653    75.7799    40.4014   -89.0262    87.1320  -295.7630
   480.0000     0.0001    27.7493   123.0770    -1.6833    52.8582   234.9690  -111.9820
   480.0000     0.0001    29.4098   130.0000    -6.4338    39.1952   234.3420   -70.1773
   480.0000     0.0001    17.5381   110.6020   -29.2658   -92.3799   132.9690  -101.0390
   480.0000     0.0001    29.7806   161.8900    -4.3966    93.4594   217.2100    21.5448
   480.0000     0.0001    14.4133    83.8931    -1.4347   -65.0020   188.8280  -247.7510
   480.0000     0.0001     8.3892   105.6370   -19.9532  -113.4110   216.0560  -147.6770
   480.0000     0.0001    22.4161   116.6410     0.2757     0.9453   280.5080  -191.9460
   480.0000     0.0001   -65.1671   167.9020   -38.6376    37.8305    16.9525    67.4634
   480.0000     0.0001   118.5850    44.4942   162.2490   -58.0403  -111.0090   -61.2848
   480.0000     0.0001    28.1836   119.8720    -4.5157    31.4335   200.2710   -83.7937
   480.0000     0.0001   211.1030    13.3938   200.7300    13.9098  -154.2030    42.2247
   480.0000     0.0001   106.1010     5.5644   153.0010   -56.6578  -113.8700   -62.1189
   480.0000     0.0001   186.3370    65.6564   223.8880     8.1151  -129.6570    18.8606
   480.0000     0.0001     5.7063   104.6750   -16.5867  -158.2700   254.3960  -219.7410
   480.0000     0.0001    25.2698   100.6770   -10.3323   -68.0477   222.6360  -274.6720
   480.0000     0.0001   218.5830    39.8010   224.3470    28.7388  -126.8020    35.3116
   480.0000     0.0001    28.6846   128.3330    -6.4446    26.8464   207.5240   -47.9564
   480.0000     0.0001    32.3656   121.9890    -7.0503    38.3711   206.5700   -74.8482
   480.0000     0.0001    28.2103   120.5300   -10.1438    -2.0289   187.3640  -121.7640
   480.0000     0.0001     5.6959    88.5929   -14.4486   -89.1098   191.5430  -212.7120
   480.0000     0.0001    49.0622   139.7660    23.5891   251.6490   -49.4423  -310.2960
   480.0000     0.0001    17.3287   117.7510   -27.6152   -88.7773   158.6360   -48.6961
   480.0000     0.0001   218.2150    47.2114   203.5060    19.8271  -137.9690    33.6517
   480.0000     0.0001    90.3721    59.4900    91.4308   -28.5120  -150.6240   -31.7631
   480.0000     0.0001     5.5535    93.8997    -9.6244   -64.5071   215.0030  -253.5780
   480.0000     0.0001     2.7445   104.1560   -17.2317   -95.6125   233.4770  -190.2470
   480.0000     0.0001     5.9850   107.1920   -17.7219   -86.8404   219.8890  -118.9200
   480.0000     0.0001    26.7013   126.4960    -8.9332   -31.2182   203.4280   -65.4621
   480.0000     0.0001     8.8979   124.5230   -10.8994   -20.6054   198.1790   -13.3856
   480.0000     0.0001    27.4330   128.0780   -11.0125    17.0841   194.5240   -66.8070
   480.0000     0.0001     5.9921   130.6320   -19.3035   -49.9171   200.0400   -40.3222
   480.0000     0.0001    28.8429    75.8607    23.5510  -149.0350   113.0850  -261.4990
   480.0000     0.0001     2.5204   100.8670   -12.3195  -102.4900   218.1780  -171.9460
   480.0000     0.0001    84.9556    76.4021   110.3560    34.9526    45.7455    68.9045
   480.0000     0.0001    34.2035    75.1842    31.5081  -155.8370    99.2525  -259.0050
   480.0000     0.0001    25.8355   122.7750    -8.9287    -8.6594   188.8260  -118.7250
   480.0000     0.0001    17.9910   141.6860     6.5238    42.3569   250.3570    36.4593
   480.0000     0.0001   275.1690    95.8725   151.2690    56.7782  -152.7300    46.5695
   480.0000     0.0001    15.3085   114.3790   -24.2877  -102.1460   233.7570  -191.8510
   480.0000     0.0001   199.1060    34.7863   187.3870    -0.2506  -133.2770    10.5312
   480.0000     0.0001   116.3550    55.1595    87.6853    80.8550   -15.1054    89.3036
   480.0000     0.0001   175.3360    64.3199   219.8660     0.1237  -137.2720    14.7768
   480.0000     0.0001   107.0530    14.4444   133.4350   -68.8601   -80.8289   -77.5378
   480.0000     0.0001    15.4430    90.4960   -14.6627   -43.5193   152.8170  -195.4240
   480.0000     0.0001     8.7977    92.8439   -11.5110   -58.4791   217.7540  -206.8830
   480.0000     0.0001    89.1100    19.1584   133.2170   -77.7000   -76.8997   -90.6952
   480.0000     0.0001    17.3176   135.1710    -1.4415    -5.3329   229.8320   -74.9961
   480.0000     0.0001    10.1458   161.1280   -18.2769    16.6324   193.4560    33.8515
   480.0000     0.0001     7.6718   100.2740   -21.2545  -105.7040   213.7180  -165.4480
   480.0000     0.0001    14.9869    97.6235   -16.1107   -53.0154   199.8640  -314.5840
   480.0000     0.0001     2.9002    81.5482     3.9554     4.3033   124.4940  -279.3140
   480.0000     0.0001   -67.5637    87.5095   -38.1542    90.8600   -21.6813    93.1011
   480.0000     0.0001     3.8681   106.3160   -18.6052   -96.6056   224.5070  -140.9460
   480.0000     0.0001    11.7715   168.3310   -15.2665    -5.2722   185.7900    24.5786
   480.0000     0.0001     6.9404   106.4870   -29.7981   -59.1217   179.7200  -210.8240
   480.0000     0.0001    13.5303    98.4508   -19.1265  -163.5310   198.3780  -187.3890
   480.0000     0.0001   125.6350   114.6310    81.2529    14.9573  -206.3410    15.6387
   480.0000     0.0001    21.9339   129.1570   -14.8542    17.1640   224.1610   -99.5767
   480.0000     0.0001    28.3503   146.7610    -7.2636    66.3608   226.3010   -28.5552
   480.0000     0.0001    23.6591   100.7610   -13.6458   -57.0415   236.6710  -137.0960
   480.0000     0.0001    22.0942   172.1990   -16.6860    19.6674   178.8820    42.8680
   480.0000     0.0001    33.6585    71.6677    23.7988  -158.2340    97.5477  -252.0180
   480.0000     0.0001     5.2697   103.0410   -18.7621   -92.7700   224.5430  -153.0130
   480.0000     0.0001   237.8950    55.3769   245.4770    49.5337  -134.1140    57.0767
   480.0000     0.0001     4.6449   108.4200   -19.9177  -105.2500   232.9450  -151.3900
   480.0000     0.0001    21.4390   198.4400   -27.9732    47.5235    19.3735   105.2050
   480.0000     0.0001    23.4865   122.1070    -5.4705    11.3232   214.5350  -133.9490
   480.0000     0.0001    28.8429    75.8607    23.5510  -149.0350   113.0850  -261.4990
   480.0000     0.0001    23.9618    92.3567    -3.5154   -44.9706   203.0070  -272.2700
   480.0000     0.0001    26.6343   128.6160    -8.1919     4.2887   213.0050  -102.5720
   480.0000     0.0001    17.7804   104.1690   -23.7840  -115.3970   242.6620  -232.8800
   480.0000     0.0001    22.8791   147.6930     2.3595    80.5916   248.6580    36.0963
   480.0000     0.0001    10.9099    84.0097     4.4750  -142.0830   147.4570  -259.2600
   480.0000     0.0001    20.8587    98.6871   -18.7753   -96.1157   183.7710  -184.0390
   480.0000     0.0001    24.8744   121.2130    -4.3517    13.4803   206.8770  -143.0470
   480.0000     0.0001    18.9761   131.7590   -19.0853   -37.2626   182.9330   -86.2277
   480.0000     0.0001    70.3027   130.6380    15.0332   256.5200  -166.3360   -61.7612
   480.0000     0.0001    31.2158   128.3740    -3.9926    78.1324   229.3710   -17.7279
   480.0000     0.0001    25.6741   100.8540    -8.0623   -19.4834   275.4900  -204.0400
   480.0000     0.0001    19.4402   131.1960     2.4389   -71.3906   247.3100    -6.8251
   480.0000     0.0001    11.8122   103.4930   -19.6239  -118.4460   220.1710  -137.0430
   480.0000     0.0001   129.3940    28.0750   162.8330   -51.1494  -108.8880   -48.5929
   480.0000     0.0001    23.1123   159.5500     1.0432    51.7436   218.9260    57.3619
   480.0000     0.0001    25.2277   155.9320   -14.3195    54.6898   211.0170    -4.8416
   480.0000     0.0001    26.0025   127.2680   -10.6265   -27.4202   198.5860   -66.2119
   480.0000     0.0001    84.9342    13.7516   162.2140   -76.1618  -111.2450   -50.2316
   480.0000     0.0001    60.8261    32.8646   100.4160  -113.8240   -37.4502  -135.8330
   480.0000     0.0001   122.2500    63.7484    82.0491    63.1696    23.2921    91.0743
   480.0000     0.0001    30.9639   158.7130    -0.7483    99.3410   219.8510    28.7059
   480.0000     0.0001    78.7690    57.3275    82.8049   -60.6851   -43.3745  -211.6920
   480.0000     0.0001    78.9647    45.3698    84.0452  -113.1180   -47.5815  -172.0630
   480.0000     0.0001   117.1200    21.3132   197.1160   -19.8574  -108.1940   -37.3402
   480.0000     0.0001     5.1415   108.8920   -20.6351  -117.6960   240.6320  -168.8360
   480.0000     0.0001    26.6132   122.9220   -12.1484    -7.3964   177.1880   -78.4579
   480.0000     0.0001   207.7490   316.4850   115.8360   163.1120  -104.0200    65.8202
   480.0000     0.0001     6.7372    86.0392    -8.0150   -27.1573   170.6750  -207.6370
   480.0000     0.0001   255.7040   261.1590   122.4000   125.7230  -125.8230    65.9677
   480.0000     0.0001   -23.8167   193.1570    -2.5760     3.7846    58.2609    75.0500
   480.0000     0.0001    94.0069    24.5884   146.9580   -82.5500  -112.2190   -67.3657
   480.0000     0.0001    28.7931   107.0690   -13.6969   -91.6723   217.8310  -160.8400
   480.0000     0.0001    23.6923   121.7190    -4.1192     7.1852   239.4140  -131.8270
   480.0000     0.0001   -53.1932   104.4730  -112.1720    12.2179   -20.0992    24.9099
   480.0000     0.0001    57.9993    41.9274    67.8713  -137.2930   -15.2443  -177.3970
   480.0000     0.0001    77.4549    34.0664    93.9086  -109.9020   -66.8942  -145.2050
   480.0000     0.0001   164.2560    40.6504   183.0990   -21.3272  -113.8640   -17.9141
   480.0000     0.0001     6.3265   119.4910   -11.0015   -77.4718   268.1680  -152.7490
   480.0000     0.0001   119.4670    45.7408   160.4430   -59.4210  -112.4710   -62.4558
   480.0000     0.0001    10.5883   100.2740   -12.5843   -82.4084   254.1560  -131.7540
   480.0000     0.0001    39.1679    93.1681    40.3705  -122.4110     4.5974  -346.8560
   480.0000     0.0001     6.5827   150.9860   -18.1511   -47.3674   189.7150   -10.1278
   480.0000     0.0001   108.3170    71.2645    82.9133   -32.5278  -167.1900   -28.4227
   480.0000     0.0001   -24.8242   154.0520   -47.2186   -54.5180   107.6170   -10.2494
   480.0000     0.0001   122.1790    68.0267    79.5848   105.0240    12.2222   109.8180
   480.0000     0.0001    16.3655   125.4740    -8.9460   -14.1283   234.6640  -185.5620
   480.0000     0.0001    25.4331   120.5330    -2.2588    57.7780   233.8450  -140.5550
   480.0000     0.0001   270.8480   136.9510   141.5100    74.0575  -155.9710    51.3080
   480.0000     0.0001   152.0630    59.8473   179.0120    -2.1636  -123.0700   -50.6355
   480.0000     0.0001    17.7002   156.6070    29.1169   179.9680   187.0760    98.6216
   480.0000     0.0001    19.3111    96.5096    -8.8170   -86.6437   226.5440   -92.9854
   480.0000     0.0001    21.3500   106.3870   -22.3382   -81.0449   210.5250  -200.0800
   480.0000     0.0001    24.8272    92.0930    -3.9220   -34.1403   198.7070  -277.9070
   480.0000     0.0001     2.3483   161.3380   -23.7008   -48.2209   158.3000    39.2282
   480.0000     0.0001    95.9251    50.8275   107.1630    69.9243    38.2228    83.1917
   480.0000     0.0001     4.2439   104.3910   -16.9954   -38.8714   222.8140  -164.1790
   480.0000     0.0001    68.2078    41.1492   103.2490  -108.9600   -57.2731  -148.0630
   480.0000     0.0001    29.0782   116.8470    -4.2915    15.6537   183.0700   -81.2790
   480.0000     0.0001   144.5400    38.2515   191.8060   -30.0903  -116.7990   -23.1244
   480.0000     0.0001    59.4383   137.6180    59.9728  -120.8490  -153.9120   -78.2206
   480.0000     0.0001   130.3530    34.0518   200.2500   -22.6975  -109.3600   -29.4524
   480.0000     0.0001    14.5511    73.9205     3.9726  -151.7140   131.5940  -241.7020
   480.0000     0.0001    12.2403   102.0420   -18.0537  -128.1810   250.5140  -201.0300
   480.0000     0.0001    15.7299   147.0060   -19.0550   -14.9810   208.4890   -36.0763
   480.0000     0.0001    20.0660    63.8545    11.0505  -147.5620   101.3010  -235.2980
   480.0000     0.0001    19.3875    97.6751   -12.7462   -90.7980   216.3930  -201.9480
   480.0000     0.0001    26.0376   121.8290    -9.3406    56.9158   194.8450  -100.0320
   480.0000     0.0001   192.2660    42.6198   214.3550     3.1982  -141.6560    27.0816
   480.0000     0.0001   214.0930    40.1716   219.0590    31.2664  -143.7980    35.0747
   480.0000     0.0001    27.8012   109.9180   -16.8591   -55.1065   179.4740  -191.3380
   480.0000     0.0001    52.5819    47.2098    42.1719  -139.8470     3.6659  -216.2580
   480.0000     0.0001   251.8830    54.8869   201.9240    41.7985  -151.9510    55.4969
   480.0000     0.0001    25.8355   122.7750    -8.9287    -8.6594   188.8260  -118.7250
   480.0000     0.0001    24.8752   113.4580     4.9779    19.8367   229.5070  -115.3190
   480.0000     0.0001   102.7800    40.8242   103.8370   -80.5292   -69.3433  -139.3980
   480.0000     0.0001   274.1390   121.8070   140.9240    80.7672  -156.8880    43.0241
   480.0000     0.0001    19.7055   124.5080    -7.2018   -53.8036   199.5500   -68.9889
   480.0000     0.0001     4.5084   104.6640   -15.6391   -88.8391   230.4020  -143.1780
   480.0000     0.0001    20.6777    93.1561   -11.0576   -98.5488   203.1860  -272.5110
   480.0000     0.0001   143.1780    34.0111   169.4100   -41.1087  -119.8370   -38.2443
   480.0000     0.0001    20.9813   155.2070   -23.8822    22.8559   202.0720   -53.1664
   480.0000     0.0001   108.0760    26.6427   153.5760   -67.0190   -95.2878   -64.5990
   480.0000     0.0001    20.3419   135.2230   -15.0365    72.3084   202.7940  -117.7480
   480.0000     0.0001   -42.7455   146.9770   -54.1296   -54.4172    25.3531    -6.5419
   480.0000     0.0001   207.9420    30.3262   193.0900     1.3681  -148.0320    32.6969
   480.0000     0.0001    19.5326   172.8700    10.7220     0.2545   183.5580    74.7870
   480.0000     0.0001    22.6383   122.9350   -11.7854    53.7891   190.3340  -119.4170
   480.0000     0.0001   -39.1818   139.2780   -93.2861    22.5079     3.6568    42.6572
   480.0000     0.0001   118.7430    26.3040   196.6540   -47.1876  -120.0810   -14.7946
   480.0000     0.0001   125.5670    69.3663    84.5369    89.6116     4.2914   101.6790
   480.0000     0.0001    26.2417   132.5720     0.8917     4.7501   232.0620     3.3297
   480.0000     0.0001   142.8690    55.4380    85.1223    93.6330    -2.3314   101.3890
   480.0000     0.0001    27.6234   123.4210    -9.2523    66.6544   206.9910  -113.0480
   480.0000     0.0001     7.6462   106.5200   -21.7742   -77.2273   205.6750  -138.7730
   480.0000     0.0001    54.3407    53.7822    87.8653   -98.5712   -38.0478  -205.5640
   480.0000     0.0001    27.4706   145.7980    -5.8686    45.0109   241.5080   -46.7076
   480.0000     0.0001     5.4215   148.1740   -15.8965   -39.5208   197.4070    49.0404
   480.0000     0.0001    20.6302    99.9695   -18.2799   -96.3028   166.5210  -168.6800
   480.0000     0.0001     4.8088   105.8000   -20.3677  -104.3780   222.8900  -170.9260
   480.0000     0.0001    69.4031    43.1382    73.4265  -127.2040   -66.9703  -177.0060
   480.0000     0.0001    79.0876    31.3599    95.9856  -106.3880   -65.5737  -140.0370
   480.0000     0.0001    84.8177    65.5453   107.9340    61.7280    89.3529    38.0959
   480.0000     0.0001    12.8970    99.8577   -23.0084   -59.1104   197.3870  -135.9070
   480.0000     0.0001    28.0757   118.3050    -7.4056   -56.3008   214.5920  -124.5530
   480.0000     0.0001    79.4148    42.6604   104.7900  -111.2760   -72.8406  -137.7420
   480.0000     0.0001    19.7744   139.7360   -13.4743   -25.2547   205.5820   -70.9623
   480.0000     0.0001   293.5560   167.8470   139.3580   104.6910  -137.5810    52.3897
   480.0000     0.0001   124.5080    69.4697   191.3830   -16.4841  -116.3830   -49.7497
   480.0000     0.0001     8.6852    91.9404   -18.1747  -120.4900   193.7200  -200.5940
   480.0000     0.0001    26.6369   138.5910    -6.1843    -6.1631   233.2060   -59.8501
   480.0000     0.0001    32.2917   155.9860   -27.4122    64.8516   195.8320   -85.6271
   480.0000     0.0001   -19.0468   194.9870   -13.8630    10.4219    53.0198    82.0798
   480.0000     0.0001    41.3465    65.9098    64.3528   -94.1944     5.3192  -263.5360
   480.0000     0.0001    20.8260   129.8890     7.9761    67.8003   241.8430   -11.2166
   480.0000     0.0001    83.7524    35.5181    80.8907   -78.2083   -76.2504  -181.5270
   480.0000     0.0001    15.6697    88.7497   -13.4000   -59.0731   204.9080  -269.3690
   480.0000     0.0001    13.2127    97.3489    -4.3720   -10.8900   205.9160  -287.1000
   480.0000     0.0001    32.2427   119.2330    -8.4024     0.4681   205.4510  -129.4290
   480.0000     0.0001    10.7918    93.6798    -9.8039   -31.8945   222.7870  -243.8550
   480.0000     0.0001    28.4604   126.2230    -9.8535   -12.1257   211.5270   -74.2364
   480.0000     0.0001    12.5078    97.4997   -23.1469  -142.1080   209.4070  -223.7480
   480.0000     0.0001    19.4828   102.1490   -19.3443   -94.2376   212.9840  -179.9020
   480.0000     0.0001    11.8159   143.2940   -27.0536    -4.8471   196.1350   -43.1527
   480.0000     0.0001   138.8130    52.3981   139.6640   -44.5812  -116.1860   -81.3923
   480.0000     0.0001    13.9195    98.2165    -3.4207  -115.5600   239.6870  -103.7920
   480.0000     0.0001     9.7131    83.3352   -11.8278  -104.3940   179.0760  -239.3430
   480.0000     0.0001   -16.0928   187.0350   -28.3706    11.6659    91.0963    68.9597
   480.0000     0.0001    61.6435    41.4108    93.8705  -110.3080   -21.1312  -156.7230
   480.0000     0.0001    27.4495   137.3500    -3.9442    38.0159   237.8670   -42.2971
   480.0000     0.0001    20.2038    97.0658    -6.8460    -9.9301   257.4640  -205.6530
   480.0000     0.0001    17.4109   155.3970   -23.6022    72.8613   195.9540    -4.0171
   480.0000     0.0001    14.1948    95.1322   -19.1394   -82.7644   211.4630  -276.9900
   480.0000     0.0001    78.1407    45.0224    84.0312   -46.7016   -22.0785  -194.9880
   480.0000     0.0001    21.9204    92.6563     0.4315   -92.0758   212.7600  -217.6040
   480.0000     0.0001    14.6813    75.7484     5.5842   -37.8453    89.4497  -290.2570
   480.0000     0.0001   204.6180   314.7550   116.0210   164.1270  -106.7400    58.6157
   480.0000     0.0001    20.0174    90.1099    -7.5392   -74.1570   199.9020  -277.6830
   480.0000     0.0001    26.2011   116.3150   -17.5234   -31.4443   232.8560  -180.8510
   480.0000     0.0001    24.9708   124.5790    -8.2835   -46.9162   198.8260   -87.9223
   480.0000     0.0001    23.4580   103.0200   -18.5374   -80.2472   203.9940  -182.8160
   480.0000     0.0001   102.6220    30.8461   154.4190   -67.9202  -101.8970   -71.5158
   480.0000     0.0001    11.9199    98.9977   -13.5176  -101.6020   169.4840  -155.6750
   480.0000     0.0001    25.8809   131.6100    -3.5013    82.5833   230.5550   -85.8223
   480.0000     0.0001     8.6249   104.6690   -18.2631  -131.5190   251.8790  -196.0520
   480.0000     0.0001   207.2950    48.4656   195.1330     7.7900  -140.6610    25.2502
   480.0000     0.0001   -50.0990   139.3070   -61.5312    41.2954   -14.0253    82.7096
   480.0000     0.0001    25.4284   143.8230   -11.5399    21.4957   212.3940   -52.5963
   480.0000     0.0001    28.0842   114.7690    -5.4160    11.5707   202.6540  -142.0110
   480.0000     0.0001    45.5202   130.1380    37.1934   301.8130    10.4540  -139.8770
   480.0000     0.0001   103.9770    61.2131    97.4375    50.4673    24.9043    67.3818
   480.0000     0.0001    22.3754   124.3610     2.7990    50.0614   228.6010     6.1397
   480.0000     0.0001   125.5670    69.3663    84.5369    89.6116     4.2914   101.6790
   480.0000     0.0001    22.9771    73.5962    -9.8330   -63.7695   124.1750  -281.0670
   480.0000     0.0001     1.4042   100.5620   -20.4671   -87.7088   195.4100  -186.6490
   480.0000     0.0001    28.4957   118.3510    -6.7898     8.3990   226.7090  -169.3970
   480.0000     0.0001    37.1216   197.8030   -30.0136    67.4407    91.7747    34.5205
   480.0000     0.0001    26.6683    82.2942    37.7993   -40.7301    56.1435  -204.5150
   480.0000     0.0001    19.5564   130.2640     2.4094    10.7215   241.9850   -84.4230
   480.0000     0.0001     5.9309   136.4280   -17.8836    23.8008   201.7370   -54.9243
   480.0000     0.0001    49.0745    52.8937    72.1608  -133.1120    14.6463  -189.8200
   480.0000     0.0001    71.7296    41.9390    98.6609  -110.0510   -47.7451  -149.7380
   480.0000     0.0001   118.9050    67.5435    91.6087    59.3475    -0.4475    74.0800
   480.0000     0.0001    -0.0662   101.6430   -15.3341   -54.6673   223.2400  -220.8720
   480.0000     0.0001    11.6264   123.3180    -8.7347   -32.6654   178.8360   -30.2979
   480.0000     0.0001     9.8180    95.4720    -2.0794    -7.3579   209.4840  -259.9160
   480.0000     0.0001   114.2720    90.9154    62.6352     0.6425    58.8950    59.1813
   480.0000     0.0001     1.3115   109.9990   -10.9817   -73.9891   246.4930  -148.8850
   480.0000     0.0001    32.2023    54.1266    56.8893  -101.4070    61.3261  -219.0950
   480.0000     0.0001   -35.5248   159.2870   -41.9189    44.8535    -2.6394    97.7734
   480.0000     0.0001    26.9412   126.5730    -7.6815     9.2855   206.8060  -105.6940
   480.0000     0.0001   146.1920    37.4885   187.3240   -23.3774  -116.3230   -31.6238
   480.0000     0.0001     7.6007   105.0750   -24.1973   -80.0504   191.5160  -191.5470
   480.0000     0.0001    19.7055   124.5080    -7.2018   -53.8036   199.5500   -68.9889
   480.0000     0.0001    84.8429    26.0101   100.3490  -136.1020   -86.9382   -87.6666
   480.0000     0.0001    13.6407    99.8400    -1.7713    -5.1512   248.6830  -241.4100
   480.0000     0.0001    18.4332   132.3760     0.2893    88.2376   228.4560   -40.7261
   480.0000     0.0001   102.3830    44.1056   160.8950   -60.8432  -118.3330   -75.7850
   480.0000     0.0001    89.3207    40.1304   109.3390  -101.6530   -71.1836  -128.2870
   480.0000     0.0001    13.6407    99.8400    -1.7713    -5.1512   248.6830  -241.4100
   480.0000     0.0001    14.3145   149.0020    -4.8826    29.4839   221.5240    25.4677
   480.0000     0.0001    26.0949   124.4070    -8.7388    13.5993   198.9570  -134.5110
   480.0000     0.0001    27.2881   124.6620   -12.2006    -9.5048   185.5640   -88.5801
   480.0000     0.0001    80.9694    29.7175   116.3700   -97.0451   -60.4985  -113.0130
   480.0000     0.0001   122.0940    64.4862    89.5967    84.1950    -6.1307   100.7890
   480.0000     0.0001    19.9380    96.9359    -4.2284   -58.2231   269.9590  -207.2600
   480.0000     0.0001    45.5800    65.5240    43.2448  -142.7150    61.7945  -244.3210
   480.0000     0.0001   -76.9841   129.3980   -52.8377    29.9684    -9.5656    69.3364
   480.0000     0.0001    11.0688    52.2031    25.1277  -133.0370    62.8088  -225.7590
   480.0000     0.0001   -48.9537   164.9060   -43.8240    37.3759    11.8148    57.1520
   480.0000     0.0001     5.7007   113.7630   -16.7263   -78.3554   224.5310  -173.3110
   480.0000     0.0001   108.5180     9.0515   146.1390   -81.9519  -108.7020   -38.8116
   480.0000     0.0001   125.5670    69.3663    84.5369    89.6116     4.2914   101.6790
   480.0000     0.0001    26.6258   111.1470   -18.5666   -66.9590   217.2870  -196.9770
   480.0000     0.0001    29.8017   133.8530    -6.9905    30.6154   229.0490   -47.4496
   480.0000     0.0001     8.8665    86.2388   -13.1164   -98.8451   179.7440  -204.9470
   480.0000     0.0001   110.3100    89.0379  -110.2800    68.9265    -9.3671     8.0127
   480.0000     0.0001    49.5922   182.4200   -48.9103    89.6834   106.0900    16.8067
   480.0000     0.0001   109.1830    93.8742    83.2601   -21.6972  -190.1630   -14.8396
   480.0000     0.0001    19.2567   115.8820   -22.2283   -20.3972   201.0240   -98.8763
   480.0000     0.0001    15.5010    87.9586    -6.0272  -114.9180   196.6780  -217.8330
   480.0000     0.0001    22.6821    77.3432    16.0657    -8.8711   136.2570  -291.8970
   480.0000     0.0001    55.7543   149.4200    56.0421  -126.9190   161.1760  -179.4210
   480.0000     0.0001    26.9980   182.9580   -12.3212    33.2784   152.8240    25.7572
   480.0000     0.0001     4.0778   109.3450   -13.4735   -56.0957   253.7220  -147.8380
   480.0000     0.0001    49.4044    62.9522    44.8466  -145.2840    55.2976  -231.8130
   480.0000     0.0001    20.3658    80.3825     5.2835  -102.0470   179.4450  -236.4550
   480.0000     0.0001    48.5873    48.8878    97.5008  -107.2490   -27.5074  -173.7640
   480.0000     0.0001    67.5226    52.1766    56.0436  -120.9150   -10.1435  -218.0830
   480.0000     0.0001    18.8739   106.2760    36.2264  -316.6620  -232.2000    67.3456
   480.0000     0.0001     5.9051    89.5524   -11.3488   -83.3802   205.5210  -240.6520
   480.0000     0.0001    -7.7521    86.4054   -79.0799   -32.8009   -60.1525   -88.7439
   480.0000     0.0001    10.0562   138.2300   -14.6310    42.5449   199.7460   -57.0056
   480.0000     0.0001    29.5007   118.0870    -8.3385   -52.2326   199.4690  -117.8750
   480.0000     0.0001   206.3690    47.0297   180.6290    -3.8455  -155.4010    25.2256
   480.0000     0.0001    21.1260    88.8073    -1.6692   -31.2716   220.6120  -226.5890
   480.0000     0.0001    12.5690   128.3330   -10.4397    -4.8242   196.4960  -105.7540
   480.0000     0.0001    66.6540    40.0607   116.0610   -82.1294   -48.9840  -146.4340
   480.0000     0.0001    20.6940   131.1630    -1.2974    89.0395   225.5130   -37.7370
   480.0000     0.0001    36.4516    50.9999    81.9334   -98.7718   -25.7231  -214.5360
   480.0000     0.0001    90.5357     2.4204   146.4450   -62.1286  -131.9370   -71.0153
   480.0000     0.0001    22.5823   178.4880   -16.0343    24.6337   163.6390    40.1928
   480.0000     0.0001    15.5907    60.1397    37.7778  -114.7310    59.3099  -250.4740
   480.0000     0.0001    27.8077   124.0970    -5.7630   -26.5119   216.6790   -97.1005
   480.0000     0.0001     6.9230    93.9098   -19.9276  -115.1230   187.9250  -198.0450
   480.0000     0.0001    30.1932   144.0990    -3.2019    35.7413   244.3400   -38.1819
   480.0000     0.0001   122.8780    55.0476    91.6844    87.7425    17.7183   102.7300
   480.0000     0.0001    -7.9954   168.0810   -27.3525   -34.6771   139.3430    45.0534
   480.0000     0.0001   -33.7367   159.3160   -64.4177    26.6245    19.7773    61.9595
   480.0000     0.0001     4.3889   154.3180   -24.5838     9.5842   186.3620    -8.9818
   480.0000     0.0001    13.4740   100.1300   -19.4209  -121.8940   216.0930  -167.1280
   480.0000     0.0001   157.6400     9.7120   185.6260   -16.6079  -121.9750   -15.0983
   480.0000     0.0001   235.8580   259.3020   122.0200   141.5560  -132.3090    48.4211
   480.0000     0.0001    28.0043   142.3960    -4.7425    31.8542   241.5920   -41.4140
   480.0000     0.0001    11.8539   136.0360    -2.1641     4.0259   225.7840   -47.2477
   480.0000     0.0001    25.9330    74.2803    -0.2295  -136.6310   114.7690  -259.9670
   480.0000     0.0001    27.6090   190.9390   -21.4637    41.0861   129.2810    31.7097
   480.0000     0.0001     5.1627   102.5260     0.5525   -19.0973   247.5830  -211.5320
   480.0000     0.0001    13.4303   123.6400   -14.0861    30.2376   224.5060  -150.4950
   480.0000     0.0001   184.9260    32.5297   223.6310    16.6339  -137.3960    23.4406
   480.0000     0.0001     6.8824    92.7913   -16.3266   -97.0146   191.2410  -163.9460
   480.0000     0.0001     9.9505   105.9120   -20.2455  -120.3830   190.5710  -133.7280
   480.0000     0.0001     4.3113   101.5250   -14.7938   -56.6979   248.9870  -220.3620
   480.0000     0.0001    96.0879    40.2316   127.3360   -91.2653   -83.1044  -102.1690
   480.0000     0.0001     9.5272    99.6609   -15.7808   -74.4256   213.4230  -175.0270
   480.0000     0.0001   112.9720    91.3053   101.4600     0.1287  -190.6090     9.7296
   480.0000     0.0001     7.1123   100.0820   -24.0186  -124.0560   219.3460  -202.1590
   480.0000     0.0001     1.0545    94.7281   -12.4437   -16.5810   196.5310  -201.6310
   480.0000     0.0001   265.2780   144.0960   145.3650    83.1821  -158.1480    49.9606
   480.0000     0.0001    -7.7880   146.9070   -50.6655   -60.0027   106.6260   -54.1337
   480.0000     0.0001    14.3703   166.3420    -4.8329    21.0052   194.1890    58.3747
   480.0000     0.0001    29.1702   122.3490    -5.9954    48.2177   210.1270   -95.2641
   480.0000     0.0001    26.5125    95.0192    -5.7968   -46.8549   237.8090  -240.6230
   480.0000     0.0001    23.6817    94.1245    -6.7118   -83.7913   230.1600  -132.6050
   480.0000     0.0001    23.8065    94.6726    -3.9619   -61.2694   237.4210  -250.6250
   480.0000     0.0001     2.4913   107.6840   -17.9241   -19.5368   185.8770  -170.4220
   480.0000     0.0001    55.8135    56.9431    34.4062  -133.7170    25.7407  -236.6470
   480.0000     0.0001    14.7064   175.9750     1.1639    19.0268   177.7960    46.7889
   480.0000     0.0001    11.7746    90.1492    -5.8996   -60.1699   181.6560  -246.4410
   480.0000     0.0001     6.4407    89.2403   -13.7790   -66.3310   202.0540  -210.2870
   480.0000     0.0001     4.5585    94.0543    -4.1742   -48.3830   170.7280  -293.1630
   480.0000     0.0001     2.2593   186.2170   -52.4184     5.8762    76.9335    21.8527
   480.0000     0.0001    14.2240    73.2261    -9.7324  -174.4530   100.4860  -198.2180
   480.0000     0.0001    49.5928   134.6130    75.2540   -31.2336  -109.1030   -86.6589
   480.0000     0.0001    12.2439    94.9422   -16.9662    11.0144   206.4950  -172.7820
   480.0000     0.0001    18.6702   104.4290   -22.0247   -55.7740   204.0200  -106.7640
   480.0000     0.0001   214.1360   110.1160   239.9340    32.8221  -126.9920    51.2241
   480.0000     0.0001    38.1355    68.3466     8.8683  -185.7200    81.0006  -210.1500
   480.0000     0.0001     8.5983    87.2078     2.9859   -15.2445   182.7130  -234.8830
   480.0000     0.0001     2.7064    95.1352   -13.6613   -78.9984   188.4630  -285.2530
   480.0000     0.0001     8.5466    87.0837   -12.4080   -81.1495   199.2430  -189.4070
   480.0000     0.0001    12.4857    91.0264   -11.0734  -128.4890   202.1740  -207.7010
   480.0000     0.0001    20.0660    63.8545    11.0505  -147.5620   101.3010  -235.2980
   480.0000     0.0001    48.7370    27.9804   100.6270  -104.5990   -73.3112  -153.7170
   480.0000     0.0001    68.5884    38.8047   113.7340   -85.0957   -47.0236  -144.5110
   480.0000     0.0001   -20.5235   194.4830    -4.2109    12.4224    73.5225    82.3616
   480.0000     0.0001   163.6700    68.2593   189.2810    -6.0224  -126.2000   -29.1889
   480.0000     0.0001    22.2331    86.2286    -3.1193   -36.9296   220.2470  -205.8040
   480.0000     0.0001     8.2583   108.8100   -20.3778   -79.9944   205.7250  -189.9700
   480.0000     0.0001    27.6090   190.9390   -21.4637    41.0861   129.2810    31.7097
   480.0000     0.0001   174.7690    60.0311   205.6060     8.0598  -127.3510   -11.2018
   480.0000     0.0001    35.4334    22.4606    87.8010  -125.1820   -47.6881  -145.3060
   480.0000     0.0001    75.6733    47.3910    69.9540  -122.0990   -33.2514  -186.7370
   480.0000     0.0001    20.4432   121.7020    -3.4972    35.5075   195.6510  -109.3890
   480.0000     0.0001    11.2065   163.0600   -28.1565   -12.5313   173.5670    -4.9731
   480.0000     0.0001    10.0280    96.1777   -10.9309   -91.6769   238.6440  -206.1750
   480.0000     0.0001     6.3309    89.5643   -13.0290   -86.7637   205.3430  -191.6860
   480.0000     0.0001    94.0069    24.5884   146.9580   -82.5500  -112.2190   -67.3657
   480.0000     0.0001   116.0490    86.6316    90.3525    -5.6099  -182.9190     0.0746
   480.0000     0.0001   -56.9813    88.8171  -109.9580    14.8665   -33.7093    34.9629
   480.0000     0.0001    19.9674   181.1960    -1.5809    54.2174   164.4120    19.6031
   480.0000     0.0001    -6.5412    81.2256     3.6033   -91.9368   155.5850  -217.8670
   480.0000     0.0001    55.1475    63.4240    70.7244   -57.7933   -16.3864  -259.5440
   480.0000     0.0001    15.8464   109.7850   -23.4396   -92.3411   211.4400  -255.6090
   480.0000     0.0001     7.5634   170.0750   -11.8126     4.7958   177.2040    37.8917
   480.0000     0.0001    64.5434    39.4909   111.6160  -103.0060   -54.1199  -139.3760
   480.0000     0.0001    16.1801   128.0540   -10.7974   -74.1438   242.8870  -113.1100
   480.0000     0.0001    97.7800    49.0212   111.6700    80.0460    30.7955    95.7334
   480.0000     0.0001    18.2891    72.6293    -3.6421   -80.0667   131.8100  -250.5490
   480.0000     0.0001     5.2495   103.7640   -21.0717  -104.6610   221.8810  -179.1080
   480.0000     0.0001    27.6069   123.2690    -2.5193    49.3929   208.1350   -86.0393
   480.0000     0.0001    33.6333    43.3342    75.6785  -117.6890   -13.7698  -194.8520
   480.0000     0.0001    14.3795   203.2640   -30.4397    38.1444    73.9719    73.3901
   480.0000     0.0001     8.7077    95.8235    -2.8363  -134.3800   233.7290  -188.6650
   480.0000     0.0001   -23.0379   157.2990   -65.4276    33.9459     4.5965    85.8412
   480.0000     0.0001    20.5929   163.1610    -7.1692    -7.5438   192.9930    51.5044
   480.0000     0.0001   104.5290    20.2172   156.4190   -50.2547  -141.8930   -67.0055
   480.0000     0.0001   162.4550    45.0884   196.6660   -12.1891  -122.9320   -16.5061
   480.0000     0.0001    22.5712    80.2564    -2.9672   -97.1210   161.3550  -235.5790
   480.0000     0.0001   156.4550    19.5690   180.3290   -21.1196  -128.9180   -22.6141
   480.0000     0.0001    26.6698    90.6772    -5.9623   -93.4359   189.7220  -155.7470
   480.0000     0.0001    26.9412   126.5730    -7.6815     9.2855   206.8060  -105.6940
   480.0000     0.0001    96.7649    -4.9032   170.4050   -22.3541  -112.2980   -63.4098
   480.0000     0.0001    19.3878    94.3563     6.0216   -56.0592   108.4100  -315.4980
   480.0000     0.0001    15.4402    97.4985    -9.3204  -145.2900   218.5380  -151.5090
   480.0000     0.0001     7.6017   102.6600   -14.9326   -33.6566   238.2110  -161.8860
   480.0000     0.0001   101.8040    60.7892    79.3055   -34.2227  -181.0780    -6.1216
   480.0000     0.0001    22.4543   137.1600   -14.4424    36.4925   205.6440   -71.2184
   480.0000     0.0001    17.6740    92.8330   -18.5229   -81.2640   195.6910  -162.4320
   480.0000     0.0001   176.3080    30.2984   227.9980    15.2932  -140.4560    25.8425
   480.0000     0.0001    21.0233    97.7624   -20.6653   -17.4532   242.1630  -248.6100
   480.0000     0.0001   126.7090    89.4051    73.0458    42.5533    36.1847    81.1283
   480.0000     0.0001   -75.8686   101.0420   -63.0232    47.8034   -28.5793    72.3542
   480.0000     0.0001    29.2418   117.6780    -7.1716     8.9829   256.4090  -139.7520
