#         t          m          x          y          z         vx         vy         vz
   445.0000     0.0001    55.5111    86.4646    77.8987   -49.4582  -120.0230  -151.0660
   445.0000     0.0001    51.7801   109.9050    84.1912   -22.0063   -98.6728  -122.9660
   445.0000     0.0001    95.4717    91.5746   133.2410   -60.9524  -129.5770   -36.6306
   445.0000     0.0001     6.9169   144.3680   -29.2809   -34.6378   126.4230  -193.5300
   445.0000     0.0001    73.8932   110.0310   115.8030    -2.2237  -173.5470  -127.8200
   445.0000     0.0001    -0.6974    84.3342    47.0927   -13.3945    10.9079   168.0350
   445.0000     0.0001     5.7088   142.5110   -36.5253   -64.9651    98.9967  -170.7770
   445.0000     0.0001   -59.6237   114.8920   -81.7187   -81.8096   -40.3101   -61.8767
   445.0000     0.0001   106.2830   103.8750   136.4270   -11.4188  -142.3930   -59.8672
   445.0000     0.0001    69.8147   113.1060    95.0426   -29.3795  -141.8830  -130.9730
   445.0000     0.0001    55.8791   101.1320    67.4227   -76.6129  -112.4220  -175.5310
   445.0000     0.0001    22.6111   118.3600    12.1037   246.3700  -368.3330   218.8180
   445.0000     0.0001    79.2354    83.7746   149.1940   -77.7325  -157.2190     0.9084
   445.0000     0.0001    -2.4498   101.2260    53.5975    43.7216    82.0995   156.8090
   445.0000     0.0001    94.1973    92.8732   135.8570   -67.2822  -164.0270   -23.0580
   445.0000     0.0001    88.4566    94.2549   109.2000   -61.4446  -162.5940  -113.5300
   445.0000     0.0001    20.8336    70.7984    45.3309    93.2127   -22.4715   175.3460
   445.0000     0.0001    98.8593    92.5725   120.2880   -63.9614  -157.4690   -51.8272
   445.0000     0.0001    32.4504   186.6440    78.1423    32.0476  -217.4930  -133.0360
   445.0000     0.0001    38.6225   219.7270    24.7246     4.5408  -253.7470   -16.3773
   445.0000     0.0001     0.6724   123.5200    31.6311    63.9272   164.9320  -105.7710
   445.0000     0.0001   -55.1660    68.3849   -91.0952   -62.6776  -114.3170   -75.1516
   445.0000     0.0001    34.0297    84.5101    20.2761   189.0110  -199.8520   214.8440
   445.0000     0.0001   159.3780   104.0120   210.1200    55.8381  -146.7450    77.6515
   445.0000     0.0001   177.5770   111.2960   182.1950    59.5124  -147.5560    76.1774
   445.0000     0.0001   138.5000    93.6157   201.2560    37.0154  -144.2200    57.9066
   445.0000     0.0001    41.9783   107.1540    62.3211   -45.9236   -68.2704  -213.6900
   445.0000     0.0001    53.0057    88.0955   108.4360   -53.1863  -143.3330   -88.5264
   445.0000     0.0001   125.1780   111.8760   178.2070     2.0238  -139.0130    25.8488
   445.0000     0.0001   107.4360   110.0700   136.7930   -24.9848  -150.9670   -27.4397
   445.0000     0.0001    59.9967    92.5136    74.7326   -48.9869  -114.0430  -146.2640
   445.0000     0.0001    44.6142   108.2390    28.3569   276.6360  -233.3110   204.3820
   445.0000     0.0001   173.8640   117.7500   188.4760    50.4608  -159.6920    84.9157
   445.0000     0.0001    72.0340    92.8956   114.4130  -110.2530  -103.0480   -90.8085
   445.0000     0.0001    10.9623   116.0640     1.8898  -205.2420   111.5220  -253.5990
   445.0000     0.0001   206.5550   133.4510   201.1190    99.5777  -147.9040   106.8010
   445.0000     0.0001    45.7024   109.2390    67.2792   -50.5303  -104.8940  -219.3620
   445.0000     0.0001    -7.1449   134.7990   -48.8960   -96.7610    41.9636  -137.9480
   445.0000     0.0001   136.6580    88.2139   174.2170    16.4800  -150.1520    32.4956
   445.0000     0.0001    77.0579    90.5036    99.8625   -64.3270  -152.2970   -87.7237
   445.0000     0.0001    43.4935    92.7293    84.4844   -90.3249  -103.9990   -98.7668
   445.0000     0.0001    95.6221    96.9384   177.1400   -37.8279  -145.3790    30.6196
   445.0000     0.0001   192.7120   140.7830   241.5830    99.9905  -130.7790   128.9590
   445.0000     0.0001    85.6826    81.6562   124.7310   -81.2883  -150.5880   -45.0517
   445.0000     0.0001    44.9715   397.2220    62.7900   197.0980    11.2738    69.2366
   445.0000     0.0001    39.5407    84.2773    15.9782   228.3830  -213.4700   142.5610
   445.0000     0.0001   110.7810    97.6374   145.6880   -35.4504  -144.6170   -10.5164
   445.0000     0.0001   150.4120   118.1770   192.3010    33.9906  -141.6720    56.5481
   445.0000     0.0001   106.4760    91.6000   123.7170   -47.0677  -153.0570   -44.8865
   445.0000     0.0001    64.7189    97.6203   116.7750  -100.9820  -134.7750  -119.2430
   445.0000     0.0001    80.3828    99.9493    97.8987  -103.4750  -154.5210  -131.4050
   445.0000     0.0001    63.6049    95.0329    72.1127   -48.6772  -114.4090  -150.4850
   445.0000     0.0001   117.9590    81.9187   158.6310   -10.2786  -144.3530     4.4554
   445.0000     0.0001    82.3564   106.5680   107.2590   -54.3025  -177.9360  -129.4980
   445.0000     0.0001    -6.3805   120.1720   -12.4927  -144.8930   160.5470  -193.0790
   445.0000     0.0001     1.9774    84.4528    50.2153   -19.7474   -31.9503   217.1910
   445.0000     0.0001    50.2363   102.9420    66.4149   -69.2606   -86.9391  -162.4260
   445.0000     0.0001   -42.3192   123.3300   -75.2500   -92.9667    -4.9684   -94.9915
   445.0000     0.0001    48.1186   150.5160     5.6557   214.4440   -20.8866  -172.0210
   445.0000     0.0001   133.9750    88.9466   171.0010     1.6948  -160.9770    38.2119
   445.0000     0.0001    14.5870   147.7720    31.4884   188.3020  -354.5830  -282.4490
   445.0000     0.0001    -1.0316   139.8400   -36.2556   -81.8233   133.6900  -162.7340
   445.0000     0.0001    97.0464   100.6150   130.8550    -8.0795  -167.7430   -80.5224
   445.0000     0.0001    51.4775    89.3264    57.8284   -56.8614  -115.1950  -182.5250
   445.0000     0.0001    82.4778    86.8405   123.3640   -81.5951  -166.9950   -64.9974
   445.0000     0.0001   116.9250    81.0623   142.1220   -26.8017  -153.9010    -7.9097
   445.0000     0.0001    97.2616    82.8684   122.8600   -60.4009  -134.5440   -46.9657
   445.0000     0.0001    51.4703   121.6460    86.6010   -45.3725  -117.8540  -185.3770
   445.0000     0.0001   120.3070    97.4994   151.9280   -22.2224  -147.1660     3.9463
   445.0000     0.0001    75.6456    91.8058   119.2900   -63.5357  -136.3510   -84.6368
   445.0000     0.0001   104.5150   105.1190   129.7650   -21.7060  -145.4970   -69.1005
   445.0000     0.0001   150.3750   108.4460   180.5840    41.0218  -152.2170    38.8756
   445.0000     0.0001   182.9280   140.1130   174.3600    74.4668  -163.1060    91.4050
   445.0000     0.0001    58.5998    97.7358    76.0677   -41.7006  -110.2940  -110.4080
   445.0000     0.0001   205.3250   220.5840   112.4230   158.7600  -143.0770    82.4757
   445.0000     0.0001    36.2826   116.0470    27.4829   -78.0945   -35.0452  -356.0410
   445.0000     0.0001    62.9857   121.0470    85.8462   -31.3034  -193.5080  -162.8530
   445.0000     0.0001   158.7400   122.9800   191.8280    42.7820  -170.7180    97.8629
   445.0000     0.0001   154.8500    90.3829   181.2370    32.0267  -156.0430    54.2425
   445.0000     0.0001    71.3289    83.2122   110.7790   -54.0744  -148.0920   -79.6331
   445.0000     0.0001    75.7931    99.8300   106.9720   -54.7998  -171.7580  -133.6620
   445.0000     0.0001     2.4474   123.2640    17.4557   237.6560   150.7730   -82.1688
   445.0000     0.0001    80.9124   104.3600    99.4019   -96.6644  -126.8900  -135.4100
   445.0000     0.0001   109.6100    82.5764   143.1130   -52.5747  -173.4430    24.0281
   445.0000     0.0001    17.8364   122.7410    -6.3809  -179.2640   159.6700  -243.7590
   445.0000     0.0001    75.5273   150.0300   163.2760    31.1287  -142.7060   -20.0636
   445.0000     0.0001    96.1752   100.2050   112.5360   -55.3035  -141.7840   -96.2390
   445.0000     0.0001   184.7250   136.3720   195.1910    72.1838  -155.1670   108.2390
   445.0000     0.0001    96.3982    95.8490   129.9060   -62.7028  -129.6030   -40.3366
   445.0000     0.0001   127.4580   301.8940    75.9076   211.5830   -81.3911    81.7226
   445.0000     0.0001    51.1711   104.7980    64.1914   -43.3443  -113.6260  -205.6520
   445.0000     0.0001    75.4367   123.2380   126.9180    -6.6462  -146.5470   -92.9814
   445.0000     0.0001   109.7840   102.1000   133.2820   -24.0429  -143.2890   -51.4075
   445.0000     0.0001    -6.3581   143.2680   -42.5617   -48.8612    96.8536  -197.2680
   445.0000     0.0001   124.3050   152.9160    54.4289   -83.2580  -135.4480   -14.9550
   445.0000     0.0001    90.4003   104.5310   155.7250   -44.4590  -173.8080   -11.1157
   445.0000     0.0001   126.1740    88.0987   161.0930   -11.0710  -148.3440    20.9480
   445.0000     0.0001    64.9273   360.8910    76.2266   212.6430   -14.8641    62.6138
   445.0000     0.0001    55.3931   115.2260    88.7747   -60.3341   -81.4376  -161.7180
   445.0000     0.0001    84.8676    93.7712   121.5190   -86.0829  -129.2050   -65.1080
   445.0000     0.0001    58.6632   103.2750    73.8526   -38.2897   -78.0371  -130.8350
   445.0000     0.0001   128.3280    89.6860   162.9660   -10.4159  -150.0450    26.8430
   445.0000     0.0001    59.9912    89.8908   119.6380  -115.3740  -151.8840   -98.5587
   445.0000     0.0001   152.9460    88.8960   182.1970    37.2564  -160.4530    51.0172
   445.0000     0.0001   -15.4771   139.2340   -43.3171  -114.8380    90.6331  -121.2470
   445.0000     0.0001    16.8848   105.6090    15.9471  -213.7600    41.6004  -253.3920
   445.0000     0.0001   153.6950    85.3310   176.4990    30.9740  -160.2540    48.5096
   445.0000     0.0001    47.4707    94.1372    72.6971   -95.7181   -82.0998  -146.3170
   445.0000     0.0001    85.3476   107.4240   136.2450   -69.4667  -140.5200   -48.0972
   445.0000     0.0001    71.9126    94.4199   120.7440  -108.2460  -153.4340   -77.9206
   445.0000     0.0001    54.2646    83.0080   102.5660   -51.2208  -148.9890  -102.5930
   445.0000     0.0001    53.1274   106.0010    77.3269    -7.1540  -115.0400  -151.3010
   445.0000     0.0001    50.1091    85.0187    87.6477   -44.7380  -129.9500  -130.9120
   445.0000     0.0001    55.3789   104.1430   116.8830  -109.2890  -136.6190  -127.0520
   445.0000     0.0001   143.9670    83.3125   178.4060    18.1256  -161.7860    51.5347
   445.0000     0.0001    64.8520    95.4710   120.0610  -114.0490  -143.6450   -96.3106
   445.0000     0.0001   101.7360    95.2274   154.1540   -31.8560  -139.0400   -17.5431
   445.0000     0.0001   183.1430   134.0110   189.1320    72.5009  -161.2320   105.0560
   445.0000     0.0001    59.8506    75.5053   103.6710   -61.6358  -140.2810  -101.2070
   445.0000     0.0001    89.6837    94.7896   147.8660   -61.6529  -148.8180   -17.4171
   445.0000     0.0001   136.6940    95.9413   157.4300     0.8393  -163.9220    23.6273
   445.0000     0.0001    85.8978   105.5310   122.8850   -29.7210  -159.8190  -101.4370
   445.0000     0.0001   106.1710    87.4535   159.3330   -21.1659  -140.8210    -6.2013
   445.0000     0.0001    82.1816   133.2000   127.8850    18.6401  -166.7010   -82.5761
   445.0000     0.0001    81.4130    94.7058   177.9240   -41.7643  -148.5980    18.3017
   445.0000     0.0001    38.4585    80.0537    20.4280   225.4360  -197.8150   177.2820
   445.0000     0.0001    25.4620   156.6980    20.2441    49.2973  -505.1960   -68.9038
   445.0000     0.0001    85.4232   370.1970    67.8827   206.1650   -22.2773    75.2354
   445.0000     0.0001    99.6023    75.3670   162.8810   -13.5372  -149.8390    -6.2071
   445.0000     0.0001    55.0121    69.9091    26.0705   240.7820  -134.8390   154.2400
   445.0000     0.0001    73.3085   102.1920   124.0810   -70.2311  -163.0580  -101.9070
   445.0000     0.0001    99.3597   100.2240   170.6250   -10.5852  -141.5050    -9.2350
   445.0000     0.0001    45.1972   110.4260    12.7791   335.9860  -248.7010    36.5247
   445.0000     0.0001    30.4100    82.4772    11.7381   211.2420  -214.5950   178.3620
   445.0000     0.0001   -18.6216   126.6330   -34.7417  -109.0940   138.6020  -158.0280
   445.0000     0.0001   -80.8986   119.7550   -61.9912   -97.3371   -21.3359   -26.0840
   445.0000     0.0001    56.5933    83.1183   102.6490   -43.6079  -116.6070  -118.8970
   445.0000     0.0001     3.0063   122.1780    27.9039   101.1190     6.6142  -188.0490
   445.0000     0.0001    69.7850    99.4942   111.4590   -53.9689  -129.3840   -93.7872
   445.0000     0.0001   122.1550   119.7070   194.0910    14.8941  -142.4150    38.1951
   445.0000     0.0001   150.3540    99.2638   177.0070    23.2871  -152.4470    48.4647
   445.0000     0.0001    41.6298    98.7125    72.4855   -25.7926   -78.4144  -177.7650
   445.0000     0.0001   -15.9646   126.8350   -42.7703   -86.6832   120.1510  -168.1300
   445.0000     0.0001    29.7357   378.8690    60.0172   201.1390     2.3469    78.4676
   445.0000     0.0001   199.7550   169.7040   122.1970   114.7400  -174.1540    84.4810
   445.0000     0.0001    90.6252   117.2940   113.6290     2.0091  -175.4060  -107.9740
   445.0000     0.0001    36.3431   100.0250    88.9343   -46.5494   -86.3961  -124.0120
   445.0000     0.0001    85.5504    89.5010   102.2820   -95.6398  -163.0480   -89.5030
   445.0000     0.0001   161.8370   109.5360   195.6010    46.1687  -147.3540    68.7514
   445.0000     0.0001   178.5070   314.3250    84.9170   182.6680   -83.0761    83.1237
   445.0000     0.0001    54.9961    90.4531    77.2653  -111.9800  -111.0400  -165.1180
   445.0000     0.0001   -28.3998   132.3940   -46.9376  -131.2730    68.8801  -121.2660
   445.0000     0.0001    41.4865   105.4780    83.5892   -69.5679   -79.7570  -133.4740
   445.0000     0.0001    54.2739   173.4980    40.3395   232.0330  -203.6340   216.0620
   445.0000     0.0001    58.1221    95.8387    64.9281   -61.7857   -94.0673  -163.1510
   445.0000     0.0001    62.4799   122.8660    54.0261   -75.2439  -155.2610  -228.4930
   445.0000     0.0001    53.9731    86.5389   105.7380   -56.6769  -157.5820   -88.1064
   445.0000     0.0001    89.3999   103.3130   112.5470   -53.1468  -154.7230  -112.2220
   445.0000     0.0001   -28.7901   157.8730   -22.4340  -130.5520   124.9200   -37.4306
   445.0000     0.0001   142.9060    87.4119   176.2080    29.7264  -168.7960    47.1852
   445.0000     0.0001    71.5368   134.6440   137.6590   -28.0128  -166.1320   -49.8833
   445.0000     0.0001   215.5500   213.1220   108.5880   149.1700  -144.5690    80.4808
   445.0000     0.0001    76.6157   103.1780   105.3780   -55.4461  -181.4960  -151.4710
   445.0000     0.0001    17.7438   114.7580    -2.9476  -119.7940   112.7130  -295.8010
   445.0000     0.0001    98.0386   103.5970   120.7680   -35.2099  -138.2210   -90.9609
   445.0000     0.0001    80.7698    83.0641   141.7880   -78.0080  -156.2410   -16.8172
   445.0000     0.0001    72.2869   106.4880   132.4920   -85.4627  -141.9300   -66.8276
   445.0000     0.0001    78.0567   103.9180   106.8960   -88.6618  -124.7710  -133.7990
   445.0000     0.0001    24.1351    72.8070    44.9237    88.7602   -92.9324   235.4100
   445.0000     0.0001    57.5992    85.9111   146.9250   -66.1332  -141.3590   -47.4406
   445.0000     0.0001    85.5504    89.5010   102.2820   -95.6398  -163.0480   -89.5030
   445.0000     0.0001    56.8876   198.3940    48.0566   221.4600  -111.1740   114.5240
   445.0000     0.0001    61.1956    96.2294    69.0365   -62.0490   -96.8991  -142.9720
   445.0000     0.0001    89.7603   371.4210    73.8579   208.2990   -17.9826    63.3846
   445.0000     0.0001   177.7420   118.3290   168.2390    54.4950  -170.3730    76.1360
   445.0000     0.0001   189.9880   154.9630   188.4110    82.4095  -144.5660   104.9080
   445.0000     0.0001    85.4860   100.2260   102.7190   -91.1064  -135.2320  -112.9180
   445.0000     0.0001    81.7946   100.2640   138.5460   -35.8167  -120.6340   -73.6062
   445.0000     0.0001    95.3801   351.8610    71.4606   206.9710   -42.2685    78.6748
   445.0000     0.0001    61.0130   101.7140    27.8697   275.9070  -178.4720   128.0280
   445.0000     0.0001    49.9669   108.4030   109.4470     7.8418  -119.2820  -134.5080
   445.0000     0.0001   100.3370   104.9620   125.8410   -37.6183  -146.9250   -75.8376
   445.0000     0.0001    49.0786   102.5710    62.2811   -84.0743   -69.1534  -175.4610
   445.0000     0.0001    59.0910    99.5257    71.5882   -82.3121   -99.1439  -141.0360
   445.0000     0.0001    53.8575    99.2822    54.4038   -60.3298  -102.3730  -200.5470
   445.0000     0.0001   126.7120   299.2980    76.3357   201.9200  -100.2300    77.9924
   445.0000     0.0001    78.1335   148.7050   129.6230   -38.1920  -158.1470   -43.9947
   445.0000     0.0001    24.8252   141.3120    58.1475    66.1266  -197.3280  -290.5880
   445.0000     0.0001   135.6250    90.3365   168.8730     6.1291  -142.7510    30.6785
   445.0000     0.0001    64.7275   127.8530   144.9770    18.7650  -161.0560   -63.6554
   445.0000     0.0001    66.4936   112.9570   106.1360   -14.8446  -150.0970  -170.3030
   445.0000     0.0001    63.3117    98.6334   112.6820   -38.4606  -133.6060  -111.2890
   445.0000     0.0001    94.7139    96.8847   117.3110   -14.7549  -180.6190  -102.4190
   445.0000     0.0001    45.5140    95.8632    76.1395   -83.2896   -65.7677  -140.8280
   445.0000     0.0001    48.3171   102.4170    63.2087   -95.3609  -117.7320  -182.6270
   445.0000     0.0001   -64.1479   145.3790   -63.8151   -48.2990    16.2019   -19.1844
   445.0000     0.0001   149.9800   112.7140   177.0640    38.3576  -151.1810    36.4518
   445.0000     0.0001    34.3927   112.4650    18.8481   309.9690  -265.0340   208.9180
   445.0000     0.0001    39.4200    84.1507    29.0011   199.1470  -200.6840   199.1130
   445.0000     0.0001   101.0660    88.0840   140.3600   -39.8870  -136.0140   -29.2755
   445.0000     0.0001   111.4100   100.1870   130.7010   -26.0027  -140.7920   -47.4884
   445.0000     0.0001    16.8848   105.6090    15.9471  -213.7600    41.6004  -253.3920
   445.0000     0.0001   116.3130    97.5094   159.0550   -27.6237  -173.6640    29.8105
   445.0000     0.0001    44.5006    98.2185    70.9385  -130.2940  -158.2410  -131.9110
   445.0000     0.0001    39.9103   110.1280    24.3433   290.8600  -233.4450   219.0790
   445.0000     0.0001    63.9827   139.8220   106.9820     1.2625  -182.6960  -123.0170
   445.0000     0.0001   212.7680   167.1540   113.2360   123.6660  -169.1290    69.9104
   445.0000     0.0001   157.2850   117.2420   194.6570    48.9347  -149.3960    62.2530
   445.0000     0.0001    86.5662   106.2130   114.1300   -25.6701  -157.9120  -124.1840
   445.0000     0.0001     3.0962   126.2040   -64.3008   -45.8641   -31.2179  -134.2300
   445.0000     0.0001   -29.2979   140.1280   -44.1676  -130.4310    89.8517   -86.1948
   445.0000     0.0001   109.2000    94.7875   140.2310   -35.4003  -143.8700   -20.7847
   445.0000     0.0001   203.7960   203.2170   106.6290   128.5220  -160.3210    73.0312
   445.0000     0.0001   146.9700    99.6666   182.6660    23.3121  -150.7060    49.1952
   445.0000     0.0001    87.0350    97.8945   103.0260   -74.3828  -160.4230  -121.7270
   445.0000     0.0001    13.6554   133.1180   -10.9427  -158.7250   145.3940  -271.3160
   445.0000     0.0001   -30.7030   128.0730   -79.3418   -70.2917    -0.4508  -104.7500
   445.0000     0.0001   228.8780   181.1050   143.6200   138.9360  -145.3980    98.6158
   445.0000     0.0001   110.3630   100.3970   139.4230    -4.3693  -138.7110   -51.0712
   445.0000     0.0001    54.4873   156.4560    57.0462   145.9980  -228.2970   235.7210
   445.0000     0.0001   114.6860    80.0229   199.1470    22.5248  -161.3820    43.7913
   445.0000     0.0001    32.4363   116.6180    17.1216   301.8440  -354.5360   132.2450
   445.0000     0.0001    97.4838   103.7510   113.7590   -49.3155  -150.0180   -93.7641
   445.0000     0.0001   190.2420   141.0920   237.9700    98.6398  -130.9020   125.8090
   445.0000     0.0001    47.4547    97.0684    81.9935   -88.3007  -114.0290  -101.9230
   445.0000     0.0001   211.6400   285.4510   106.7090   180.6770   -91.3476    71.4683
   445.0000     0.0001    76.7856   107.0410    99.1771   -58.0401  -131.7090  -111.6150
   445.0000     0.0001   -13.3118   143.3270   -43.1177  -104.8550    80.4798  -112.8140
   445.0000     0.0001    32.3388   106.7630    54.6548   -53.6257   -51.7097  -250.6670
   445.0000     0.0001     0.1533   142.1490   -37.7929   -70.1404    81.4372  -159.3760
   445.0000     0.0001    77.3288   105.4980   115.4150   -36.4318  -160.2170  -130.5080
   445.0000     0.0001   103.4970   103.0730   135.3820     8.8915  -159.8380   -70.3214
   445.0000     0.0001    53.1707    84.2971   104.5320   -49.1633  -132.0340  -112.4070
   445.0000     0.0001   -42.6808   147.4830   -35.3584  -127.9630   113.0580   -86.6203
   445.0000     0.0001    10.9530   129.0140   -11.5645  -207.7910   164.8910  -179.1360
   445.0000     0.0001   181.1400   138.7920   174.6320    59.9345  -170.0210    97.0194
   445.0000     0.0001    63.3292   107.6990    75.3647   -69.5483  -152.3050  -154.6980
   445.0000     0.0001    84.9198    99.3881   102.6650   -66.1367  -146.8290  -141.6240
   445.0000     0.0001   149.2960    79.1906   173.3250    24.4186  -157.1660    45.0130
   445.0000     0.0001    86.0059    93.1401   108.7180   -73.8584  -158.1840  -112.5910
   445.0000     0.0001   131.3970   108.3750   171.3800    -1.8815  -146.6420    33.2573
   445.0000     0.0001   152.1370   136.5800   185.0870    52.9564  -143.1810    46.5521
   445.0000     0.0001    68.1093   146.6880   113.4190     4.9846  -175.9540  -104.2900
   445.0000     0.0001    18.1555   117.1380    -1.9689   -85.7047   140.5790  -309.4680
   445.0000     0.0001   174.3630   122.1610   203.8040    68.1892  -140.6130    94.1707
   445.0000     0.0001    30.1263    93.8309    58.0137   -56.4196   -63.2440  -216.0210
   445.0000     0.0001    49.2603    87.7010    78.6305   -41.6424  -123.4870  -117.4680
   445.0000     0.0001    95.7050   157.7400    62.7090  -131.8760  -151.5720   -49.4958
   445.0000     0.0001    51.9062    90.5461   108.0190   -57.0528  -137.5910   -94.5468
   445.0000     0.0001    62.2272    95.7270   112.1610   -17.7511  -121.3840  -127.2800
   445.0000     0.0001   116.0310   103.0200   134.4890   -33.3015  -154.4430   -19.9067
   445.0000     0.0001    53.7948    94.0252    74.3664   -47.2211  -144.8820  -181.9870
   445.0000     0.0001    48.7156   106.4510    33.8832   -96.8422   -53.6929  -265.4890
   445.0000     0.0001   181.2590   301.7490    85.8087   189.4290   -89.9833    70.4719
   445.0000     0.0001   172.5530   101.1290   212.5450    63.6868  -150.5360    91.7307
   445.0000     0.0001    93.5146    93.3889   109.7510   -76.1545  -166.5550   -69.1547
   445.0000     0.0001   111.9070    89.0071   160.3730    -5.7969  -135.5510    -4.6098
   445.0000     0.0001    49.6741   111.0520    87.3022  -105.3940  -108.1610  -160.1540
   445.0000     0.0001    14.5870   125.7150    26.5998   330.7280   106.2490   222.0630
   445.0000     0.0001    57.5206   106.2230   116.7050   -16.5400  -118.4020  -152.4170
   445.0000     0.0001    57.7188    90.3589    12.0122   313.3490  -143.2740   117.5460
   445.0000     0.0001   109.8860    75.9939   150.9930   -23.1595  -146.7530    -4.5343
   445.0000     0.0001    75.4130   109.3190   114.5180   -11.3360  -186.4390  -122.9050
   445.0000     0.0001   -24.1943   136.5360   -36.8888  -113.6290   134.5400  -130.6750
   445.0000     0.0001    48.4539    90.2212    77.9863  -107.2560   -92.5096  -136.3310
   445.0000     0.0001    98.5114   109.2170   156.2200   -36.4628  -126.0080   -16.3936
   445.0000     0.0001    57.8571    89.4273   119.9450  -113.2150  -158.9840  -101.9520
   445.0000     0.0001   174.2280   109.6360   192.8580    61.2748  -163.9500    77.7311
   445.0000     0.0001    85.2241   112.5950   140.4500    10.7553  -142.8740   -65.3301
   445.0000     0.0001   105.8210   109.6630   118.7290   -36.6680  -138.3510   -68.6283
   445.0000     0.0001   140.3830   283.3540    75.9680   202.4590  -108.0930    77.3963
   445.0000     0.0001   174.4810   109.4070   168.1410    53.6754  -161.4340    61.5874
   445.0000     0.0001   194.5500   121.0350   174.1170    77.5494  -155.0900    85.2887
   445.0000     0.0001    83.7809   105.5050   113.0450   -46.6323  -162.6960  -122.2610
   445.0000     0.0001   129.0050    91.1948   191.1620    17.5933  -152.1240    42.3460
   445.0000     0.0001    87.9487   153.2830    50.0800   183.0110  -225.5340   107.5090
   445.0000     0.0001    95.1035    95.8062   132.6450   -64.4107  -144.7060   -37.2410
   445.0000     0.0001   140.4750   114.9180   154.5270    25.3175  -154.8560     3.9247
   445.0000     0.0001   137.7470    83.8245   163.9080     8.0306  -159.4160    28.4869
   445.0000     0.0001   102.4680   105.0470   156.1900   -37.2739  -166.0780    -2.5753
   445.0000     0.0001   212.5440   130.1630   157.0500    88.6932  -164.4360    93.9734
   445.0000     0.0001   149.1180    95.4022   185.0870    25.7573  -166.3790    60.7718
   445.0000     0.0001    74.8234   138.1170   166.0910    28.0008  -148.8230   -21.0281
   445.0000     0.0001   182.9280   140.1130   174.3600    74.4668  -163.1060    91.4050
   445.0000     0.0001   116.5210   114.9110   177.0990    14.0661  -145.1640    19.6544
   445.0000     0.0001    40.9317   105.1210    11.7575   310.7740  -187.6810   121.2980
   445.0000     0.0001   179.4700   136.4400   178.6880    79.8202  -162.1090    87.1083
   445.0000     0.0001   146.7150   106.3270   177.2430    27.4254  -150.4230    38.2315
   445.0000     0.0001    51.3443   151.3050    35.6243   124.8340   162.4380   -18.3885
   445.0000     0.0001   140.8430   108.2640   171.9240    12.1191  -162.3690    39.3301
   445.0000     0.0001    14.2442   182.5820    61.0296    67.9739  -251.8580  -143.2770
   445.0000     0.0001   158.2180   106.8030   199.8660    59.8474  -163.6890    88.9926
   445.0000     0.0001   151.6260   101.9240   183.8110    35.3276  -154.3250    49.0353
   445.0000     0.0001   146.7730   103.8780   180.1280    21.3568  -150.7230    47.2113
   445.0000     0.0001    55.1540   106.8510    54.6536  -119.8020   -78.1725  -174.6420
   445.0000     0.0001    55.0168    95.7163    76.3393   -55.9210   -79.6140  -121.1840
   445.0000     0.0001    60.1219   113.9850    77.9038    -1.2804  -174.4020  -189.7830
   445.0000     0.0001    53.1274   106.0010    77.3269    -7.1540  -115.0400  -151.3010
   445.0000     0.0001   -75.4083   124.1320   -64.0666  -100.6280   -14.2197   -38.8253
   445.0000     0.0001    63.9250   114.2520   101.1770    -7.1550  -141.1870  -159.3310
   445.0000     0.0001   142.0800    96.4589   172.3480     8.3231  -173.5900    61.9538
   445.0000     0.0001   206.5240   250.1480   100.0350   155.1810  -127.6140    75.0339
   445.0000     0.0001    48.6580   106.9120    75.2526   -79.6649  -107.8810  -205.1590
   445.0000     0.0001   206.0690   151.1470   198.5390    97.4652  -115.8830    98.7748
   445.0000     0.0001   184.7430   108.2010   168.7240    60.2260  -157.6620    65.3728
   445.0000     0.0001   -68.6839   107.4040   -82.2469   -69.4773   -55.5826   -46.8325
   445.0000     0.0001    76.9891   105.5980   102.2310   -66.7850  -176.2830  -119.7950
   445.0000     0.0001    35.9964    95.7699    15.4846   237.1810  -220.8790   152.8870
   445.0000     0.0001    39.3223   104.2970    22.7064  -115.9610   -30.0943  -289.2830
   445.0000     0.0001   172.5530   101.1290   212.5450    63.6868  -150.5360    91.7307
   445.0000     0.0001    50.4912    93.3010    76.2877    -7.9086   -95.6000  -145.9290
   445.0000     0.0001    55.9321    94.5651    66.5295   -74.2696  -122.3770  -164.9690
   445.0000     0.0001   100.9720    98.8577   121.7740   -34.9037  -149.1480   -81.8850
   445.0000     0.0001   132.5110   108.6420   154.7240    -2.9091  -166.9100    16.3257
   445.0000     0.0001   117.8840    92.4489   142.8160   -38.3838  -169.4410    21.4830
   445.0000     0.0001    83.1437   104.1010   121.2980    12.2443  -152.5510  -122.1730
   445.0000     0.0001    -8.3737   121.7580   -62.7854   -66.3302   -25.3558  -134.3530
   445.0000     0.0001    53.0811   147.7340    46.4210     3.7830  -268.0790    73.9779
   445.0000     0.0001    66.1380    94.1762   113.7730  -100.1760   -87.1471  -118.4290
   445.0000     0.0001   159.2550   118.7740   189.2910    46.5577  -150.5320    58.8747
   445.0000     0.0001    71.4550    90.7616    75.0385  -101.0550  -170.1410  -103.0260
   445.0000     0.0001    52.0331    97.8535    73.1462   -59.4768  -146.4830  -196.0280
   445.0000     0.0001   149.4030   101.1580   194.4340    29.5667  -175.0880    88.3141
   445.0000     0.0001    31.3720   116.7410    27.1150  -182.8210    36.9170  -294.0260
   445.0000     0.0001    39.3186    94.3083    55.7217   -91.2683   -42.5333  -190.7150
   445.0000     0.0001   183.8890   248.4540   105.5570   176.2490  -126.8120    89.1006
   445.0000     0.0001    51.2574    93.1301    66.4473   -74.9842   -56.1098  -145.3230
   445.0000     0.0001    52.1357    93.6235   109.3750   -70.2091  -135.7550   -82.4226
   445.0000     0.0001  -128.8710   396.0570   -10.1891   134.0510    88.3651    55.6648
   445.0000     0.0001    55.4963    99.5981    76.0032  -119.2440  -127.5790  -136.9640
   445.0000     0.0001    46.1250   121.1300    -0.4823   346.3890  -165.1070  -162.1390
   445.0000     0.0001    75.6988   107.4590   100.9240   -66.9297  -150.4510  -118.8940
   445.0000     0.0001    28.8873    81.3501    20.1042   179.1280  -217.3710   201.4710
   445.0000     0.0001    29.3842   120.8520    13.1150   345.3250  -352.7030    66.2400
   445.0000     0.0001    55.7847    97.0794   112.1350   -30.4591  -130.8270   -96.7085
   445.0000     0.0001   -61.6706   133.5510   -76.7409   -40.1973   -24.8482   -25.9349
   445.0000     0.0001    54.3115    90.8634    19.6699   283.6230  -180.0840   153.1120
   445.0000     0.0001    79.2082    90.4839   129.2540   -59.9321  -110.3550   -75.1448
   445.0000     0.0001    73.2232   109.7540   124.7800     9.0174  -151.1400  -114.2390
   445.0000     0.0001   189.9880   154.9630   188.4110    82.4095  -144.5660   104.9080
   445.0000     0.0001    54.0117    84.3595   103.8700   -53.8064  -137.7210  -107.4080
   445.0000     0.0001    97.2906    87.5043   127.5290   -47.2520  -132.2320   -60.0448
   445.0000     0.0001   109.2000    94.7875   140.2310   -35.4003  -143.8700   -20.7847
   445.0000     0.0001    95.8422   100.0480   116.2450   -54.2398  -142.6560   -91.3880
   445.0000     0.0001    58.4978   107.0070    67.4659   -78.0068  -130.5570  -179.6060
   445.0000     0.0001    89.1964    83.6299   144.6160   -68.9384  -156.9640    -3.1941
   445.0000     0.0001    61.6772    93.4488    69.1848   -59.5139   -97.2352  -124.9780
   445.0000     0.0001    64.1134    85.8044    42.3258   -22.6756  -196.4300     7.4065
   445.0000     0.0001   223.8720   158.3990   117.0100   108.8830  -164.9080    60.0265
   445.0000     0.0001    48.5362    81.0396    33.8599   222.8970  -116.4790   225.9020
   445.0000     0.0001    25.9102    97.7552    31.6574  -118.8630   -10.9291  -261.6820
   445.0000     0.0001   196.4850   142.4830   115.3570    90.0522  -188.5990    69.9559
   445.0000     0.0001    10.9623   116.0640     1.8898  -205.2420   111.5220  -253.5990
   445.0000     0.0001   154.4330    86.8100   196.8250    43.7163  -154.8430    66.2798
   445.0000     0.0001    78.5334   103.9960   118.4940   -45.3094  -125.1200   -79.9413
   445.0000     0.0001     1.3056   131.5220   -29.7464  -106.3930   142.8440  -177.1630
   445.0000     0.0001     0.1533   142.1490   -37.7929   -70.1404    81.4372  -159.3760
   445.0000     0.0001    53.0057    88.0955   108.4360   -53.1863  -143.3330   -88.5264
   445.0000     0.0001    64.1134    85.8044    42.3258   -22.6756  -196.4300     7.4065
   445.0000     0.0001    50.6868   108.0030    66.9762   -67.3159  -130.0570  -195.2910
   445.0000     0.0001   -14.1371   136.0310   -43.0846  -105.2680    92.7711  -145.8980
   445.0000     0.0001    41.2853   113.6720    17.1269   329.7470  -314.8240    76.1731
   445.0000     0.0001   190.3260   143.9270   183.4120    76.8462  -147.3780    89.8496
   445.0000     0.0001   121.2180   104.5420   168.5570   -12.5068  -163.3390    26.8021
   445.0000     0.0001    15.1081   177.4640    35.6816    79.7073  -338.0690  -118.0470
   445.0000     0.0001    65.2550   164.8060   136.7680    13.8333  -154.9710   -53.7860
   445.0000     0.0001    81.2341   102.5370   112.2420   -71.9565  -159.7550  -120.1720
   445.0000     0.0001    58.8635   115.6090    88.1279   -49.0647  -107.4560  -145.3790
   445.0000     0.0001    17.7749   136.6350   -11.1515  -136.8420   146.4760  -289.0310
   445.0000     0.0001    81.5443   111.4270   110.7720   -18.9409  -184.8360  -112.9230
   445.0000     0.0001    44.5006    98.2185    70.9385  -130.2940  -158.2410  -131.9110
   445.0000     0.0001    76.5969    92.2926   111.2200  -104.9820  -126.5440  -105.1650
   445.0000     0.0001    56.2228    90.0101    78.4789  -113.1350  -111.4010  -124.1640
   445.0000     0.0001     6.7788   152.3470    27.1950   200.2200  -373.0590  -187.2150
   445.0000     0.0001    79.4445   115.5570   138.7210    14.2680  -152.3110   -71.4249
   445.0000     0.0001    67.6224    89.5348   112.4320  -128.1420  -111.6290   -85.1892
   445.0000     0.0001   134.8080   121.2310   179.7260     8.1251  -156.7090    48.3860
   445.0000     0.0001   -23.2127   154.5940   -44.7749   -85.9485   103.1650   -84.5904
   445.0000     0.0001    67.6686   111.3890   107.9660   -24.8960  -136.6890  -122.7140
   445.0000     0.0001    65.8264   108.4850   109.1620     4.3535  -164.3730  -153.9770
   445.0000     0.0001    67.9509   112.5660    83.6530   -56.7159  -145.3160  -146.2380
   445.0000     0.0001    54.1469    99.8918    69.9541   -76.7247  -132.1020  -146.4200
   445.0000     0.0001   -68.6839   107.4040   -82.2469   -69.4773   -55.5826   -46.8325
   445.0000     0.0001   -65.8550   128.8110   -73.2707   -41.8191   -37.5428   -16.2604
   445.0000     0.0001   104.0310    94.9943   154.3800   -41.2695  -149.5630    -1.0768
   445.0000     0.0001    70.6698    83.0793   118.2290   -90.7159  -100.7620   -76.6598
   445.0000     0.0001   -28.7334   138.8750   -53.5463  -111.8640    67.4478   -97.4355
   445.0000     0.0001    52.8099    97.8869    74.5166  -110.6690  -121.2480  -135.3870
   445.0000     0.0001   -22.7150   100.1890   -82.2692   -58.3728   -84.7512  -104.2960
   445.0000     0.0001    52.3001   106.4050    62.9993   -72.6512   -69.0388  -182.2910
   445.0000     0.0001    55.8202   115.0090    91.1871   -45.3500   -79.3701  -155.0520
   445.0000     0.0001    13.2802   133.0400    13.9500   354.7350   224.8300   -67.8606
   445.0000     0.0001    45.1972   110.4260    12.7791   335.9860  -248.7010    36.5247
   445.0000     0.0001   -42.6778   140.8750   -44.0580  -126.3290    85.0965   -80.5339
   445.0000     0.0001   -84.3071   124.3030   -57.0138  -102.7670   -11.3325   -37.4183
   445.0000     0.0001    31.3765   141.4730    15.9779   390.8080  -292.8580    17.5727
   445.0000     0.0001    51.7798   111.4400    74.3191   -77.2194  -101.6170  -201.2890
   445.0000     0.0001   225.0410   196.4750   142.6910   125.7790  -139.0400    93.4725
   445.0000     0.0001    97.9231    86.0528   145.5750   -52.8015  -155.5990    -8.6161
   445.0000     0.0001    54.3115    90.8634    19.6699   283.6230  -180.0840   153.1120
   445.0000     0.0001    57.2249   105.3690    74.9959   -40.2010  -129.1890  -201.1500
   445.0000     0.0001    51.2158   109.8160    80.4315   -42.4057   -91.4561  -189.7320
   445.0000     0.0001   177.7420   118.3290   168.2390    54.4950  -170.3730    76.1360
   445.0000     0.0001    96.0628   168.3250   110.1690   -45.7874  -151.4700   -36.3945
   445.0000     0.0001    70.2688   112.6020    99.0644   -82.2065  -139.8000  -121.2710
   445.0000     0.0001    45.4969    92.1066    84.4206   -82.6435   -71.2043  -123.1600
   445.0000     0.0001    56.2099    97.7598    73.3529  -110.9840  -107.2470  -121.2730
   445.0000     0.0001   189.8670   140.6230   185.9910    72.1176  -149.3810   101.3270
   445.0000     0.0001    62.5606    84.8693   126.9110   -38.6138  -115.8440  -103.5380
   445.0000     0.0001   114.6510    76.7644   197.4250    12.7155  -163.1040    55.1835
   445.0000     0.0001    63.7214   112.3160    80.9063   -85.2256  -105.8380  -160.6750
   445.0000     0.0001    86.4936   120.7640   146.6520    23.3470  -153.2420   -54.5996
   445.0000     0.0001   139.6970    93.4836   178.2040    10.4001  -155.4650    49.2165
   445.0000     0.0001    95.7050   157.7400    62.7090  -131.8760  -151.5720   -49.4958
   445.0000     0.0001    62.5127    94.1571    72.0569   -47.7185  -116.5780  -141.7000
   445.0000     0.0001    37.2104   116.8370    48.3951   -27.6498  -107.4450  -309.8050
   445.0000     0.0001    63.2696    97.0532   113.0160   -72.1801  -127.4280  -149.8810
   445.0000     0.0001    33.5734   108.8850    27.9221   222.9190  -257.5940   269.1110
   445.0000     0.0001    52.8000   112.9340    81.3369   -53.9317   -95.7437  -202.8020
   445.0000     0.0001    34.5211    77.8284    32.1504   175.5730  -190.0370   218.2560
   445.0000     0.0001    53.4586   103.0570    66.8032   -74.9876  -116.8550  -197.1200
   445.0000     0.0001   102.1370    70.7465   183.0760   -13.3241  -177.8050    49.9914
   445.0000     0.0001    52.1642    88.0439    69.4957   -77.1278   -79.8970  -127.5380
   445.0000     0.0001    28.0819   119.8080     7.0793  -190.6490    25.2262  -349.4920
   445.0000     0.0001    44.3309   104.5410    72.7491   -24.6964   -85.5470  -178.0600
   445.0000     0.0001    49.1383    99.4817    63.2653   -81.5105   -89.5210  -170.3430
   445.0000     0.0001    85.7904    99.5294   115.7360   -35.9886  -195.2770  -105.7950
   445.0000     0.0001    79.2874    79.7182    38.2102   242.9250   -86.0491   155.5210
   445.0000     0.0001   149.3020    85.5486   173.8860    29.6390  -159.5870    39.6391
   445.0000     0.0001    31.7867   105.5430    14.9581   276.4950  -240.2600   188.7230
   445.0000     0.0001    98.4154   108.1760   157.1250   -35.6921  -146.0590   -14.9215
   445.0000     0.0001   117.6330   307.2540    69.6508   213.5690   -75.7762    83.9223
   445.0000     0.0001    53.1139    94.4842    75.8817  -123.8890  -114.1030  -157.2530
   445.0000     0.0001   135.0270    98.9819   161.6570    21.6078  -143.3530     1.1780
   445.0000     0.0001    77.7525   100.2390   141.9420   -76.3107  -155.9800   -35.8827
   445.0000     0.0001    11.3108   137.3320   -33.4842   -27.7526   143.6970  -203.7130
   445.0000     0.0001    57.8166    79.9106    95.8667   -89.6228  -100.7310  -105.2940
   445.0000     0.0001   135.7070    81.4050   174.3280     8.9148  -160.9890    41.1957
   445.0000     0.0001    25.0067   102.9160    41.8665   -47.9220   -32.8669  -287.6830
   445.0000     0.0001   -34.5941   144.6150   -45.4050  -110.2680    26.7399   -57.7266
   445.0000     0.0001    50.8936    95.8312   110.5310   -52.0845  -125.5070   -91.5016
   445.0000     0.0001    15.5885   131.5710     7.0534   229.2470  -457.4160   190.8680
   445.0000     0.0001    36.7072   114.7390    17.8237   327.9840  -325.8130   127.8480
   445.0000     0.0001   -20.7655   138.0430   -60.4616   -78.0807    52.1755  -119.2600
   445.0000     0.0001    96.1852    99.0154   139.6100   -61.3302  -152.8230   -21.8374
   445.0000     0.0001   125.4140    82.9361   161.8810    -7.7161  -150.3410    21.3685
   445.0000     0.0001   159.9610    89.6782   167.6610    19.4578  -168.4920    72.7436
   445.0000     0.0001    75.4130   109.3190   114.5180   -11.3360  -186.4390  -122.9050
   445.0000     0.0001    57.2508    87.8453   108.5840   -87.0074  -146.1400  -150.0190
   445.0000     0.0001   189.8670   140.6230   185.9910    72.1176  -149.3810   101.3270
   445.0000     0.0001    65.7197   145.9660   117.2680     7.4654  -167.9370  -103.1900
   445.0000     0.0001    98.5850   106.3620   109.7830   -70.2169  -160.9130   -61.7214
   445.0000     0.0001    89.7603   371.4210    73.8579   208.2990   -17.9826    63.3846
   445.0000     0.0001    36.6041    70.4276    25.1797   191.7920  -175.4030   187.9730
   445.0000     0.0001    61.3573    59.8691   -63.8939   141.9100  -131.2290   -91.1868
   445.0000     0.0001    92.6718   103.3520   123.2360   -11.7255  -157.3400   -98.3638
   445.0000     0.0001   179.0550   128.0870   185.8040    75.3851  -158.4740    86.0173
   445.0000     0.0001    76.7180   154.0930   140.7870    19.4232  -157.4810   -49.5800
   445.0000     0.0001    14.2673   140.4550   -20.5853  -108.2090    88.8612  -276.1040
   445.0000     0.0001    76.5521    85.6076   112.9210   -99.1332  -186.2420   -82.5085
   445.0000     0.0001    52.7214   106.6520    66.8644   -79.0676   -64.9295  -155.7170
   445.0000     0.0001    55.9137   113.0890    80.3731   -43.8385  -101.4000  -200.7250
   445.0000     0.0001    53.3243   102.6810    68.9268   -53.1703  -101.0110  -180.8240
   445.0000     0.0001    43.2605    78.0937    37.3471   195.2610  -160.7480   225.6660
   445.0000     0.0001   229.5570   173.3670   120.4620   128.3240  -154.3390    77.3654
   445.0000     0.0001    45.5315    94.0564    83.8286   -67.4948   -64.9085  -122.4450
   445.0000     0.0001   118.5550   103.3750   145.3690   -21.3056  -161.7640    -7.7036
   445.0000     0.0001    78.0244   101.8070   109.8180   -79.0060  -159.9840  -131.2570
   445.0000     0.0001   149.6590    90.4917   191.7320    40.7765  -157.7990    54.9172
   445.0000     0.0001   228.4050   207.2820   124.3650   137.9800  -139.5060    76.5273
   445.0000     0.0001   -44.7546   114.4470   -81.4286   -82.5996   -28.9655   -96.5347
   445.0000     0.0001    22.7092   118.7130    -1.5743  -116.7510   105.4710  -325.5910
   445.0000     0.0001   164.2030   121.1990   134.3440    13.3318  -179.9080    44.1094
   445.0000     0.0001    77.4383   103.6690    95.8294   -65.7240  -134.8270  -114.3140
   445.0000     0.0001    28.0819   119.8080     7.0793  -190.6490    25.2262  -349.4920
   445.0000     0.0001    18.6833   115.2010     6.9410   310.9640  -317.9450   136.7770
   445.0000     0.0001   187.6870   260.3750    98.9787   177.8170  -122.5160    73.5278
   445.0000     0.0001   122.5890   105.8750   164.0800   -18.0777  -154.7060    27.1846
   445.0000     0.0001    69.8832   110.6740   128.3550    -8.9792  -130.0530   -89.2375
   445.0000     0.0001    40.8530    94.7011    55.4893   -45.2661   -84.7411  -219.1430
   445.0000     0.0001   143.7160   106.5040   163.9840    16.3310  -156.2710    26.4236
   445.0000     0.0001    97.3621   104.3250   120.4830   -36.2986  -148.1100   -91.9097
   445.0000     0.0001    61.4346   115.8360   101.1030   -45.3192  -139.3990  -132.3810
   445.0000     0.0001    22.1972    65.4424    37.9329    98.3793  -106.0310   214.2570
   445.0000     0.0001    46.5072   105.0570    56.9974   -75.5494   -78.6190  -221.2180
   445.0000     0.0001    79.6621   104.2630   108.7580   -68.4765  -143.8340  -138.3430
   445.0000     0.0001    63.4541    81.7689   154.5470   -53.6084  -133.4250   -26.9857
   445.0000     0.0001    63.5109    95.6288   113.1090   -54.2786  -119.1810   -93.2229
   445.0000     0.0001    85.9003   101.7210   109.9910   -76.2505  -145.2910  -107.0770
   445.0000     0.0001    59.6407    91.0356    74.2112   -39.7481  -113.8540  -141.3880
   445.0000     0.0001     0.2453    86.9437    45.1742   -58.1647    -6.5137    59.3854
   445.0000     0.0001    42.7624    92.3618    91.8567   -78.5884   -87.5293  -131.9260
   445.0000     0.0001   121.2180   104.5420   168.5570   -12.5068  -163.3390    26.8021
   445.0000     0.0001   149.8810   101.1210   187.1860    43.2807  -168.0330    66.4736
   445.0000     0.0001    58.6128   105.8090    78.0020   -55.1320  -108.3570  -192.9400
   445.0000     0.0001    50.8936    95.8312   110.5310   -52.0845  -125.5070   -91.5016
   445.0000     0.0001   108.2270   132.8040   198.9150    25.5566  -132.6580    46.1020
   445.0000     0.0001   103.8120   113.0450   150.6950    36.7268  -148.4430   -42.9832
   445.0000     0.0001    57.4598   103.3320    74.8405  -112.1410  -123.7910  -130.1930
   445.0000     0.0001   129.7880    88.0497   156.9380    -9.4964  -150.9160    18.9954
   445.0000     0.0001    65.0811   100.5920    67.8190   -22.7848  -109.2780  -154.6970
   445.0000     0.0001    28.7794   115.4880    28.0669   -41.9865   -34.1957  -377.2460
   445.0000     0.0001   130.6290    82.5750   167.9120    -1.4425  -158.1530    33.2208
   445.0000     0.0001    91.6511    97.3855   112.3690   -57.6748  -163.8190  -101.6910
   445.0000     0.0001   211.1310   137.0870   116.8370    87.7622  -177.2250    64.0309
   445.0000     0.0001   165.2370   105.9420   196.7430    56.4106  -154.1440    68.6825
   445.0000     0.0001   211.7180   160.1760   153.0020    92.1900  -157.3880    85.3467
   445.0000     0.0001    28.3998   111.0040    42.5453   -93.0117   -15.1962  -283.1210
   445.0000     0.0001    53.4586   103.0570    66.8032   -74.9876  -116.8550  -197.1200
   445.0000     0.0001    88.4305    90.5358   117.3320   -83.9516  -133.3930   -62.7900
   445.0000     0.0001   114.5210    88.1815   153.5090   -27.1746  -136.9660     4.3501
   445.0000     0.0001   -44.5276   135.0900   -75.1984   -85.0503    10.2818   -78.4912
   445.0000     0.0001    55.3299   102.5180   112.0550   -39.2971  -122.1350   -80.6332
   445.0000     0.0001    17.5409   134.0330    11.9762   363.2680  -465.6890   -32.8386
   445.0000     0.0001    81.5553   363.5440    51.1998   207.7160   -16.4130    82.4078
   445.0000     0.0001    91.1618    98.3447   155.2490    -5.2121  -131.7990   -41.1981
   445.0000     0.0001    37.1890   133.7840   -15.2310   195.3120    33.4772  -312.6300
   445.0000     0.0001    13.0309   104.6660     4.9738  -134.1440   114.9940  -255.5530
   445.0000     0.0001   157.5210    99.6261   174.9790    33.1242  -151.3650    51.9130
   445.0000     0.0001   100.0450    83.9916   169.0730   -36.3807  -154.0700    29.2553
   445.0000     0.0001    33.3366   125.8560    40.8518   -48.5502  -161.3280  -354.3700
   445.0000     0.0001    87.9019    93.7531   107.5650   -36.1385  -181.8600  -128.9280
   445.0000     0.0001    82.6095    85.0268   143.8010   -34.5276  -127.1450   -52.3881
   445.0000     0.0001    97.4838   103.7510   113.7590   -49.3155  -150.0180   -93.7641
   445.0000     0.0001    52.6262    84.5257    83.9686   -55.9395  -127.0590  -148.1460
   445.0000     0.0001    97.2200    96.3372   110.1760   -57.0446  -185.2130   -68.7990
   445.0000     0.0001    93.1395   110.9580   103.4500   -34.9361  -193.7340   -95.4681
   445.0000     0.0001   138.5000    93.6157   201.2560    37.0154  -144.2200    57.9066
   445.0000     0.0001    61.5288    96.6273    73.4688   -59.6960  -103.1560  -131.8530
   445.0000     0.0001   119.2390    90.8446   140.1110   -19.7008  -166.1930   -18.3429
   445.0000     0.0001   171.8190   184.0610   159.5100    55.1210  -103.6950    58.5153
   445.0000     0.0001    20.7674    63.0926    42.6256   100.0630   -77.4902   196.7350
   445.0000     0.0001    60.8693    99.0275    73.4762  -104.0210  -122.5430  -142.7550
   445.0000     0.0001   -41.0655   125.3130   -95.3867   -49.4439   -28.0133   -81.5926
   445.0000     0.0001    81.5492   101.9320   112.7430   -86.4087  -128.2960  -108.8460
   445.0000     0.0001    82.6152   366.1410    76.3468   204.8790   -26.7211    78.6464
   445.0000     0.0001   120.3140    96.9292   143.5570   -21.2412  -152.5260    -9.5729
   445.0000     0.0001    99.2774    74.6199   164.7200   -40.9645  -162.1290    38.3716
   445.0000     0.0001    58.8902   198.5400    44.2367   218.9780  -110.8540   154.9810
   445.0000     0.0001   163.9430    91.4468   214.7330    63.7139  -151.1120    87.7753
   445.0000     0.0001    69.5739   113.8810   104.4110     1.4390  -188.1880  -147.0610
   445.0000     0.0001    59.5473   107.5070    72.8526   -46.0348  -132.4570  -183.8040
   445.0000     0.0001   109.3400   101.2450   129.0780   -28.1467  -140.8260   -56.0519
   445.0000     0.0001    56.6492    82.3025    12.6023   298.6660  -129.8530   130.8740
   445.0000     0.0001   188.4060   136.5240   183.9470    77.9764  -158.8500    98.9983
   445.0000     0.0001    53.2652    89.8564   108.1390   -52.1516  -145.9900   -79.1822
   445.0000     0.0001   100.6930    97.2075   119.9850   -39.4678  -168.7540   -75.9736
   445.0000     0.0001    68.0736    91.5047   123.4400   -74.6017  -103.3270   -97.8363
