2.808508766602117817e+02 7.975558849292239927e+01 1.387181455582264675e+02 7.975558849292239927e+01
2.537823277789781855e+02 6.903097055930665249e+01 1.264929590942847852e+02 6.903097055930665249e+01
2.466062265440226611e+02 6.417898758115495639e+01 1.216675589000120681e+02 6.417898758115495639e+01
2.462364493969682826e+02 6.071429262042943265e+01 1.206267216143234435e+02 6.071429262042943265e+01
2.418322127461819946e+02 5.649161969204869393e+01 1.178930357245261291e+02 5.649161969204869393e+01
2.380997439004780460e+02 5.252796296269891485e+01 1.170948850185870072e+02 5.252796296269891485e+01
2.315030605158783601e+02 4.776925097785208152e+01 1.128406294961104379e+02 4.776925097785208152e+01
2.270593225540024775e+02 4.375666518390263349e+01 1.103184362492106345e+02 4.375666518390263349e+01
2.233184402355616101e+02 4.003375758615356972e+01 1.089228649704121068e+02 4.003375758615356972e+01
2.178188232041054562e+02 3.638374698851179545e+01 1.067928719355624878e+02 3.638374698851179545e+01
2.120288475344730159e+02 3.311051876529506899e+01 1.028268183484522922e+02 3.311051876529506899e+01
2.071015589934879984e+02 3.052142231376049253e+01 1.008497902090863647e+02 3.052142231376049253e+01
1.973858803176851495e+02 2.841379728194009502e+01 9.548792808256563092e+01 2.841379728194009502e+01
1.913262223562401516e+02 2.784988546977984569e+01 9.362909560464311198e+01 2.784988546977984569e+01
1.886893795001760452e+02 2.842560232712560975e+01 9.186578293638741854e+01 2.842560232712560975e+01
1.838878843214778840e+02 2.983137618191074480e+01 9.007342795966170002e+01 2.983137618191074480e+01
1.837766163446918313e+02 3.289277665244939186e+01 9.095089470471133097e+01 3.289277665244939186e+01
1.799468567039183711e+02 3.511408638197741539e+01 8.824396776631704142e+01 3.511408638197741539e+01
1.773891444113986040e+02 3.799069599022609367e+01 8.710796425186653380e+01 3.799069599022609367e+01
1.751353905513056191e+02 4.106919008281786887e+01 8.747444646758297893e+01 4.106919008281786887e+01
1.722929291224540691e+02 4.407946825311518069e+01 8.616584130471601100e+01 4.407946825311518069e+01
1.682450775692896627e+02 4.659968404696702748e+01 8.430654348381601437e+01 4.659968404696702748e+01
1.645565203772288783e+02 4.889075408948048107e+01 8.316294564215840524e+01 4.889075408948048107e+01
1.601304963220015907e+02 5.132617891503736018e+01 8.252598007356452570e+01 5.132617891503736018e+01
1.555989120010052318e+02 5.343120312150611539e+01 8.064815160003772121e+01 5.343120312150611539e+01
1.530684990179854879e+02 5.583253464184876691e+01 8.032816745414139348e+01 5.583253464184876691e+01
1.471752493570446347e+02 5.712658550379416766e+01 7.837699256958892136e+01 5.712658550379416766e+01
1.413440524640539593e+02 5.780730783731458189e+01 7.616448686649397359e+01 5.780730783731458189e+01
1.377957628519082505e+02 5.951448616602348096e+01 7.534226095176654781e+01 5.951448616602348096e+01
1.329730156029300190e+02 6.063641985583545591e+01 7.413509183038495109e+01 6.063641985583545591e+01
1.281476632520643761e+02 6.150820339333241549e+01 7.228750102075234452e+01 6.150820339333241549e+01
1.229000948150046497e+02 6.193416330337031894e+01 7.146095429707749247e+01 6.193416330337031894e+01
1.198910363705576003e+02 6.347420694724872448e+01 7.091038416804180144e+01 6.347420694724872448e+01
1.158784799348116934e+02 6.394897039342970402e+01 6.928068937798927607e+01 6.394897039342970402e+01
1.091806867651326769e+02 6.323435887941927547e+01 6.545446910196426415e+01 6.323435887941927547e+01
1.053855845270894491e+02 6.375711339364594465e+01 6.372092968240501420e+01 6.372092968240501420e+01
1.016190562721718038e+02 6.404371538501693806e+01 6.108480076673352244e+01 6.108480076673352244e+01
9.602641353240468902e+01 6.340261713987608516e+01 5.988772772196251282e+01 5.988772772196251282e+01
9.128989908318844471e+01 6.299229545710502975e+01 5.743115730850392708e+01 5.743115730850392708e+01
8.615604475050851363e+01 6.190270826104553237e+01 5.462460425004552889e+01 5.462460425004552889e+01
8.188053980804139087e+01 6.171421206228212242e+01 5.234125714020500197e+01 5.234125714020500197e+01
7.795468575527462463e+01 6.106006801846935872e+01 5.061110169230880729e+01 5.061110169230880729e+01
7.412118710845244607e+01 6.117576587122698584e+01 4.911436573230450620e+01 4.911436573230450620e+01
7.017500911165595312e+01 6.067542641387324664e+01 4.658717769500588446e+01 4.658717769500588446e+01
6.457140907496534510e+01 5.849880361275957341e+01 4.346576872548983062e+01 4.346576872548983062e+01
6.045179160420057229e+01 5.799101883759252729e+01 4.135661672076245310e+01 4.135661672076245310e+01
5.550965795874209618e+01 5.591328290071774632e+01 3.948187933886314482e+01 3.948187933886314482e+01
5.084409348644194893e+01 5.387523972426019014e+01 3.676103421258780202e+01 3.676103421258780202e+01
4.631197545094187973e+01 5.203828218140098016e+01 3.426831656498403333e+01 3.426831656498403333e+01
4.223513130251501480e+01 4.965997319975659252e+01 3.254697650242998463e+01 3.254697650242998463e+01
3.866121220657269220e+01 4.766162398227810115e+01 2.972366301752810713e+01 2.972366301752810713e+01
3.444544738686552421e+01 4.439106521156750063e+01 2.724330797911648006e+01 2.724330797911648006e+01
3.125954782364204476e+01 4.093238214836211597e+01 2.556664538047287039e+01 2.556664538047287039e+01
2.962786288925612510e+01 3.784445830016417744e+01 2.314297025015960685e+01 2.314297025015960685e+01
2.890253025146728305e+01 3.385757372923269770e+01 2.174068853791548506e+01 2.174068853791548506e+01
2.971207984008130509e+01 2.900757321590099025e+01 1.946621310756394863e+01 1.946621310756394863e+01
3.136996114434007410e+01 2.401614284656891485e+01 1.947471690706984759e+01 1.947471690706984759e+01
3.410980733670831455e+01 2.060117425191847929e+01 1.863534890331466443e+01 1.863534890331466443e+01
3.707905297966563296e+01 1.841992073913062455e+01 1.918239693964072146e+01 1.841992073913062455e+01
3.884422766070785826e+01 1.729176375222835915e+01 2.062768647261567878e+01 1.729176375222835915e+01
3.889944404234115893e+01 1.723940891719045965e+01 2.085346954195590286e+01 1.723940891719045965e+01
3.775061986748724507e+01 1.778730514158234044e+01 2.110282433469328467e+01 1.778730514158234044e+01
3.709563176244729021e+01 1.943114193947192092e+01 2.174637124621346729e+01 1.943114193947192092e+01
3.630534012535105148e+01 2.130476862338156252e+01 2.259873361753406229e+01 2.130476862338156252e+01
3.529784849408963510e+01 2.339851819431853741e+01 2.371215781284385216e+01 2.339851819431853741e+01
3.484938484332863595e+01 2.578149497137034629e+01 2.425580680835735947e+01 2.425580680835735947e+01
3.366452502380001732e+01 2.784043442560570014e+01 2.611594599308575937e+01 2.611594599308575937e+01
3.185411901487218955e+01 2.942603159444237093e+01 2.505652865404655927e+01 2.505652865404655927e+01
2.969739445439467573e+01 3.090610114434755218e+01 2.714180129666211272e+01 2.714180129666211272e+01
2.706177938536245975e+01 3.236282184097593273e+01 2.823732339506824474e+01 2.706177938536245975e+01
2.413610016109411660e+01 3.461455939400575232e+01 2.735935195487084926e+01 2.413610016109411660e+01
1.890523779608883359e+01 3.495856852304545725e+01 2.787569049258596721e+01 1.890523779608883359e+01
1.458478924158068679e+01 3.661816485198038862e+01 2.336943392224814531e+01 1.458478924158068679e+01
1.013277459746664455e+01 3.635879154568707605e+01 2.113346969939315656e+01 1.013277459746664455e+01
9.266565870712859976e+00 3.648436061883818127e+01 2.112560787707621657e+01 9.266565870712859976e+00
1.204636699172344017e+01 3.568772270514645584e+01 2.098726554267373601e+01 1.204636699172344017e+01
1.643165183030703247e+01 3.776948827838248235e+01 2.260004329663306422e+01 1.643165183030703247e+01
2.047343922443430841e+01 3.855302576180135077e+01 2.318930427728384558e+01 2.047343922443430841e+01
2.415677615827315350e+01 3.905778165899332066e+01 2.465220301558201754e+01 2.415677615827315350e+01
2.706271898468713388e+01 3.869963512162563291e+01 2.517528011624219886e+01 2.517528011624219886e+01
2.894038901027759891e+01 3.703490425286413057e+01 2.536169134874250375e+01 2.536169134874250375e+01
3.021037310704325662e+01 3.407902155619458995e+01 2.456949805343981197e+01 2.456949805343981197e+01
3.299025691730701482e+01 3.157472642701213061e+01 2.452888985369669328e+01 2.452888985369669328e+01
3.453487664717187045e+01 2.923307934941067998e+01 2.301523660373791458e+01 2.301523660373791458e+01
3.480423737618594515e+01 2.797338243645045708e+01 2.297668924101431287e+01 2.297668924101431287e+01
3.385001234642618329e+01 2.737973644867404133e+01 2.172947951183010673e+01 2.172947951183010673e+01
3.102476066115283260e+01 2.627924661867082534e+01 2.095289228989977914e+01 2.095289228989977914e+01
2.889406831537230147e+01 2.664815138739175282e+01 2.060400371789712892e+01 2.060400371789712892e+01
2.656746286148521463e+01 2.597454606366038377e+01 2.009106384124582689e+01 2.009106384124582689e+01
2.497679467247850482e+01 2.375452544446944003e+01 1.757838672555948989e+01 1.757838672555948989e+01
2.278924781597792659e+01 2.139850530371556303e+01 1.701489638621806577e+01 1.701489638621806577e+01
2.157895389094300498e+01 2.013915586194770668e+01 1.475647568316923497e+01 1.475647568316923497e+01
1.897145900671150898e+01 1.772597001321826227e+01 1.304540462089687480e+01 1.304540462089687480e+01
1.664908253861426601e+01 1.536296685881989177e+01 1.173082829916274328e+01 1.173082829916274328e+01
1.496369788055004335e+01 1.346554587855562524e+01 1.060518700886552601e+01 1.060518700886552601e+01
1.472461317731716335e+01 1.325621522696121701e+01 1.045982042291235459e+01 1.045982042291235459e+01
1.600383988653695155e+01 1.472436550598795080e+01 1.283890971308183815e+01 1.283890971308183815e+01
1.779174502737939534e+01 1.616432780337419572e+01 1.449062707311849074e+01 1.449062707311849074e+01
1.965791563746872228e+01 1.844268149026234838e+01 1.591525209155615528e+01 1.591525209155615528e+01
2.195077316391536826e+01 2.076186333501348003e+01 1.739767983217479852e+01 1.739767983217479852e+01
2.346999911041966769e+01 2.206274951578676280e+01 1.981600563495927148e+01 1.981600563495927148e+01
2.486770523453325765e+01 2.369386118309081724e+01 2.028053531997879588e+01 2.028053531997879588e+01
2.593463529886335195e+01 2.472495916842047237e+01 2.192732020796364978e+01 2.192732020796364978e+01
2.709417041511595414e+01 2.585992083472492808e+01 2.157911816391925086e+01 2.157911816391925086e+01
2.721159988736053847e+01 2.602943277868578420e+01 2.197378958211588085e+01 2.197378958211588085e+01
2.697241873896978603e+01 2.581087442603092441e+01 2.182511497607515949e+01 2.182511497607515949e+01
2.660725947716684203e+01 2.530993935050226895e+01 2.116759549507908744e+01 2.116759549507908744e+01
2.614927419106169282e+01 2.493009104690014510e+01 2.050660575908081640e+01 2.050660575908081640e+01
2.578999400275683840e+01 2.439397068883567954e+01 2.029955891005324276e+01 2.029955891005324276e+01
2.510334917157256740e+01 2.334984570193567066e+01 1.965039960104335037e+01 1.965039960104335037e+01
2.315719731060216091e+01 2.165801568676697642e+01 1.819928648780824432e+01 1.819928648780824432e+01
2.175888366571428989e+01 2.023598665298857924e+01 1.696323574568759440e+01 1.696323574568759440e+01
1.974506884085253233e+01 1.827807561629461475e+01 1.584876233258145461e+01 1.584876233258145461e+01
1.773472717155514999e+01 1.619734858756774543e+01 1.364022690967673768e+01 1.364022690967673768e+01
1.552689875795272556e+01 1.421702273141390727e+01 1.091438544836356606e+01 1.091438544836356606e+01
1.361174776590712376e+01 1.222852913671081865e+01 1.010983614299328792e+01 1.010983614299328792e+01
1.296615158716882554e+01 1.168977830698783116e+01 8.234604896747503844e+00 8.234604896747503844e+00
1.307073929731287798e+01 1.193913622379383987e+01 8.221353485672938888e+00 8.221353485672938888e+00
1.466587865175214667e+01 1.370861271896236211e+01 1.060669338769814551e+01 1.060669338769814551e+01
1.619583651464256491e+01 1.504616072078063027e+01 1.146084814691343823e+01 1.146084814691343823e+01
1.758642285867658117e+01 1.647871888685691033e+01 1.237273838824962979e+01 1.237273838824962979e+01
1.927510119958830614e+01 1.784179883334596539e+01 1.413411850977749040e+01 1.413411850977749040e+01
2.051303820714455739e+01 1.925994213636185748e+01 1.622845956139235923e+01 1.622845956139235923e+01
2.127192545849467820e+01 1.993811113531780066e+01 1.604934272853003563e+01 1.604934272853003563e+01
2.127044741823203111e+01 2.012272962324383485e+01 1.714543707114309612e+01 1.714543707114309612e+01
2.143314588809471033e+01 2.010305226176016902e+01 1.699995297283825124e+01 1.699995297283825124e+01
2.156713446364048536e+01 2.045409102018370007e+01 1.717322345890072555e+01 1.717322345890072555e+01
2.098202305079731644e+01 1.963263528285138548e+01 1.731370190733531444e+01 1.731370190733531444e+01
1.993301722165401202e+01 1.860948852929747588e+01 1.673683259097723308e+01 1.673683259097723308e+01
1.839433187426029193e+01 1.734117805045684335e+01 1.530801601180707117e+01 1.530801601180707117e+01
1.646080671598227241e+01 1.536243610495206902e+01 1.339222545134751208e+01 1.339222545134751208e+01
1.510797646113126902e+01 1.381749217464290602e+01 1.282055854005002438e+01 1.282055854005002438e+01
1.331668697271592272e+01 1.223646322681046783e+01 1.088910435369258423e+01 1.088910435369258423e+01
1.148324571466793564e+01 1.031831588155450596e+01 9.896007275387216140e+00 9.896007275387216140e+00
1.103722815415762604e+01 9.902494928592304291e+00 9.253935058820177417e+00 9.253935058820177417e+00
1.174669664726513574e+01 1.069503584266944962e+01 8.513037467954296389e+00 8.513037467954296389e+00
1.333026678688376521e+01 1.234432090312965613e+01 9.016047600964466113e+00 9.016047600964466113e+00
1.499659798721176251e+01 1.387784218789272117e+01 9.987064175854579062e+00 9.987064175854579062e+00
1.573324903321710622e+01 1.471052557911993297e+01 9.544462868905268849e+00 9.544462868905268849e+00
1.699042802613433878e+01 1.585536925571865297e+01 1.033243572355974749e+01 1.033243572355974749e+01
1.720630496449251012e+01 1.636809632857358565e+01 1.103869736760240805e+01 1.103869736760240805e+01
1.757382802730030136e+01 1.657762146194665220e+01 1.219487315649420545e+01 1.219487315649420545e+01
1.754186770282582231e+01 1.654564072441791112e+01 1.150866995770545387e+01 1.150866995770545387e+01
1.672092583940373700e+01 1.566982972324333900e+01 1.036144951949574100e+01 1.036144951949574100e+01
1.584361741688366365e+01 1.477906750099013955e+01 1.120270700044777179e+01 1.120270700044777179e+01
1.462154450870147926e+01 1.356917494503578858e+01 1.027525605161970645e+01 1.027525605161970645e+01
1.274360973133218877e+01 1.168759594960378401e+01 8.811786715380646839e+00 8.811786715380646839e+00
1.114258310925166739e+01 1.003993019784985030e+01 8.908081307326478182e+00 8.908081307326478182e+00
9.988526262204635131e+00 8.970536064416165800e+00 9.737618385773524565e+00 8.970536064416165800e+00
1.073910217148131885e+01 9.552650146368568684e+00 1.011123621587160670e+01 9.552650146368568684e+00
1.215204755549875770e+01 1.101529796532565086e+01 1.099780505501009742e+01 1.099780505501009742e+01
1.367426870222313795e+01 1.253643328494343123e+01 1.157857782836601146e+01 1.157857782836601146e+01
1.476269484502036455e+01 1.360992023968106501e+01 1.236575907409497432e+01 1.236575907409497432e+01
1.581078075189023835e+01 1.452370151861918401e+01 1.274986111443872083e+01 1.274986111443872083e+01
1.632661935668904007e+01 1.519337581489183719e+01 1.279840836274219562e+01 1.279840836274219562e+01
1.636681891305074998e+01 1.519454488312037554e+01 1.311182570772892575e+01 1.311182570772892575e+01
1.602283163389883569e+01 1.478220369737677409e+01 1.242638522924157840e+01 1.242638522924157840e+01
1.528532542865738009e+01 1.430151816863771508e+01 1.152574080985160521e+01 1.152574080985160521e+01
1.423943504485349010e+01 1.318033482737890694e+01 1.042205480428238218e+01 1.042205480428238218e+01
1.312510509689440497e+01 1.194706235220964174e+01 8.988830931785713574e+00 8.988830931785713574e+00
