2.808508766602117817e+02 7.975558849292239927e+01 1.387181455582264675e+02
2.847597185000813624e+02 6.903097055930665249e+01 1.350646283960350900e+02
2.857089775263993374e+02 6.417898758115495639e+01 1.334377074527253342e+02
2.849723073318099864e+02 6.071429262042943265e+01 1.324032298720085521e+02
2.826208264050143839e+02 5.649161969204869393e+01 1.306135206718704751e+02
2.820899601181653793e+02 5.252796296269891485e+01 1.318192693876709143e+02
2.791883660954736683e+02 4.776925097785208152e+01 1.291636386665539931e+02
2.785513336994828251e+02 4.375666518390263349e+01 1.279513731294009773e+02
2.764549690468356857e+02 4.003375758615356972e+01 1.283606428245894051e+02
2.753446029956128314e+02 3.638374698851179545e+01 1.283878444444661682e+02
2.732726228888864739e+02 3.311051876529506899e+01 1.258286251338770541e+02
2.712811409041004822e+02 3.052142231376049253e+01 1.257733804173744119e+02
2.668258134732963072e+02 2.841379728194009502e+01 1.223820586998724309e+02
2.622143365721260579e+02 2.784988546977984569e+01 1.220753577817969955e+02
2.590691505916291248e+02 2.842560232712560975e+01 1.199083499581097954e+02
2.529096403518006468e+02 2.983137618191074480e+01 1.176704371912320966e+02
2.470438688601977049e+02 3.289277665244939186e+01 1.159190504302489728e+02
2.419464585303401520e+02 3.511408638197741539e+01 1.115039916859462181e+02
2.360100134832570120e+02 3.799069599022609367e+01 1.093759909215970936e+02
2.296583315019993279e+02 4.106919008281786887e+01 1.071967582385388198e+02
2.245336237871404705e+02 4.407946825311518069e+01 1.049161740424975733e+02
2.168358121645183019e+02 4.659968404696702748e+01 1.004339317500294584e+02
2.107841545043726512e+02 4.889075408948048107e+01 9.662479661414718635e+01
2.051894158585034234e+02 5.132617891503736018e+01 9.469716009523605749e+01
1.983002746588253160e+02 5.343120312150611539e+01 9.111269065025248892e+01
1.928358490296511718e+02 5.583253464184876691e+01 8.916299231534907221e+01
1.843744919322038811e+02 5.712658550379416766e+01 8.616051547910332431e+01
1.762814070365233761e+02 5.780730783731458189e+01 8.281285693626317368e+01
1.688045520509125481e+02 5.951448616602348096e+01 8.031264185223817265e+01
1.606654315262521777e+02 6.063641985583545591e+01 7.813695676643081356e+01
1.536225715685277748e+02 6.150820339333241549e+01 7.532680824261963437e+01
1.456396785913223653e+02 6.193416330337031894e+01 7.419110539551164152e+01
1.387291039281261646e+02 6.347420694724872448e+01 7.298644232057021952e+01
1.320616537379014517e+02 6.394897039342970402e+01 7.068043005783752619e+01
1.240706509465479854e+02 6.323435887941927547e+01 6.644481045262706687e+01
1.173914652225080033e+02 6.375711339364594465e+01 6.418943656242657880e+01
1.115983076054841518e+02 6.404371538501693806e+01 6.111843446718354755e+01
1.047244461456279367e+02 6.369276366707936177e+01 5.991066207018597822e+01
9.899110034962345139e+01 6.348998754329102212e+01 5.744230999389179715e+01
9.339586161336326597e+01 6.257800161403213934e+01 5.462460425004552889e+01
8.805425961454938033e+01 6.274493065524832502e+01 5.234125714020500197e+01
8.274104408829538215e+01 6.237638461956925084e+01 5.061110169230880729e+01
7.820355011734594086e+01 6.245401053373358025e+01 4.911436573230450620e+01
7.333748053123088084e+01 6.212499725086448166e+01 4.658717769500588446e+01
6.706928212111016308e+01 5.997901679999905866e+01 4.346576872548983062e+01
6.275910359468688426e+01 5.963474627437416586e+01 4.135661672076245310e+01
5.769797941385208162e+01 5.795651025651399380e+01 3.948187933886314482e+01
5.285713997087526650e+01 5.600829696824163761e+01 3.676103421258780202e+01
4.817242095682343006e+01 5.443976372650906370e+01 3.426831656498403333e+01
4.377792845857248949e+01 5.201878289122405619e+01 3.254697650242998463e+01
3.999857738813958719e+01 5.012534788481725201e+01 2.972366301752810713e+01
3.587063284217369841e+01 4.731644571991004966e+01 2.724330797911648006e+01
3.252260341794283249e+01 4.379960870408248041e+01 2.556664538047287039e+01
3.079953739291584824e+01 4.074039816710639883e+01 2.314297025015960685e+01
3.037828233801143440e+01 3.690445837713960486e+01 2.174068853791548506e+01
3.178006129584709782e+01 3.169006848210665339e+01 1.946621310756394863e+01
3.446196091038721931e+01 2.637677927470164363e+01 1.947471690706984759e+01
3.822093978404947023e+01 2.205868399439930982e+01 1.863534890331466443e+01
4.194979070909536745e+01 1.904171052521797236e+01 1.918239693964072146e+01
4.508274560933279673e+01 1.744677307540426625e+01 2.085197434929813554e+01
4.589271496663199912e+01 1.726926031354400237e+01 2.171752816239964901e+01
4.533736672305939663e+01 1.779399286707124261e+01 2.231748429329753236e+01
4.473300059360999370e+01 1.943866548520284709e+01 2.302637702638688921e+01
4.301347377620590606e+01 2.130498929726459423e+01 2.343765551726479046e+01
4.062074283497513250e+01 2.339851819431853741e+01 2.422903905115456524e+01
3.867285328562234525e+01 2.578149497137034629e+01 2.444856463796278589e+01
3.630064120308207265e+01 2.809968539784025054e+01 2.614397124053095567e+01
3.396524324950446072e+01 2.992969346407275211e+01 2.505652865404655927e+01
3.119529356944925880e+01 3.177435616916339711e+01 2.714180129666211272e+01
2.757858091825390545e+01 3.317001045148383298e+01 2.823732339506824474e+01
2.417099930059261226e+01 3.556637293216462581e+01 2.752689369335012515e+01
1.890523779608883359e+01 3.702548313699493576e+01 2.842783775643079380e+01
1.458478924158068679e+01 4.033506156236523310e+01 2.488902830935636246e+01
1.013277459746664455e+01 4.207046913072014149e+01 2.288846495241318735e+01
9.266565870712859976e+00 4.548794591965301493e+01 2.452050366739760534e+01
1.204636699172344017e+01 4.617615380921911594e+01 2.510425675822796521e+01
1.643165183030703247e+01 4.680721996645515759e+01 2.607970834767207791e+01
2.047343922443430841e+01 4.587071174389532047e+01 2.541170504370951377e+01
2.415677615827315350e+01 4.518754157191953169e+01 2.564550093740605519e+01
2.706271898468713388e+01 4.313818687485058234e+01 2.547445845689417254e+01
2.929562002270892407e+01 4.055548034835920390e+01 2.538879062104062001e+01
3.083738731040286396e+01 3.670653387160128744e+01 2.456949805343981197e+01
3.393642292023162810e+01 3.342572150761288441e+01 2.452888985369669328e+01
3.637477432480292805e+01 3.074502506504918031e+01 2.301523660373791458e+01
3.632614274861317938e+01 2.875564101985692034e+01 2.297668924101431287e+01
3.541470610717377809e+01 2.801431470623784037e+01 2.172947951183010673e+01
3.231006062136551549e+01 2.673209621445183615e+01 2.095289228989977914e+01
2.984314586923818879e+01 2.704058469021866884e+01 2.060400371789712892e+01
2.707433947099740479e+01 2.637660965392458579e+01 2.009106384124582689e+01
2.553183292866734533e+01 2.418387033473754855e+01 1.757838672555948989e+01
2.358416318994635930e+01 2.204659953193869981e+01 1.701489638621806577e+01
2.225197159852131890e+01 2.065535791721288916e+01 1.475647568316923497e+01
1.968674515835049021e+01 1.832399238086871662e+01 1.304540462089687480e+01
1.726748593447431901e+01 1.579655168116963360e+01 1.173082829916274328e+01
1.547556103505751857e+01 1.387991907504332545e+01 1.060518700886552601e+01
1.539817120671870576e+01 1.367426721464375206e+01 1.045982042291235459e+01
1.668463988877519100e+01 1.514755269266832727e+01 1.283890971308183815e+01
1.830272265936060094e+01 1.645683546196520197e+01 1.449062707311849074e+01
2.007404244182570352e+01 1.864213232467211512e+01 1.591525209155615528e+01
2.259975313202135183e+01 2.119065397394771466e+01 1.739767983217479852e+01
2.403673775801421897e+01 2.250494836252689979e+01 1.981600563495927148e+01
2.530419519624787839e+01 2.403373775320677197e+01 2.028053531997879588e+01
2.652654196948622101e+01 2.511340683016102560e+01 2.192732020796364978e+01
2.763953243281045857e+01 2.620709066430501366e+01 2.157911816391925086e+01
2.791879290885769649e+01 2.661486477032648423e+01 2.197378958211588085e+01
2.738864322313950694e+01 2.613336001581889079e+01 2.182511497607515949e+01
2.719943124526337996e+01 2.578065809053845214e+01 2.116759549507908744e+01
2.655094555288852121e+01 2.523650562387376795e+01 2.050660575908081640e+01
2.630106624547367744e+01 2.483971010622707709e+01 2.029955891005324276e+01
2.546189484003439674e+01 2.354804291566612306e+01 1.965039960104335037e+01
2.340893836014024743e+01 2.183642888818269157e+01 1.819928648780824432e+01
2.210571840213389549e+01 2.046532628215359040e+01 1.696323574568759440e+01
2.011510238958050678e+01 1.844901741846373966e+01 1.584876233258145461e+01
1.792210413488221832e+01 1.631150048037176603e+01 1.364022690967673768e+01
1.583066571289574398e+01 1.442102363533466125e+01 1.091438544836356606e+01
1.404062368352770029e+01 1.253120608536411140e+01 1.010983614299328792e+01
1.333221380774824816e+01 1.191094572301485677e+01 8.234604896747503844e+00
1.357753456457526653e+01 1.230676483803770793e+01 8.221353485672938888e+00
1.547462415435889760e+01 1.433751155794321797e+01 1.060669338769814551e+01
1.685493444007987307e+01 1.559423367351468848e+01 1.146084814691343823e+01
1.821006667612802232e+01 1.694534587887806509e+01 1.237273838824962979e+01
1.972783682377862391e+01 1.817259152105971864e+01 1.413411850977749040e+01
2.094337341702938105e+01 1.955051428524222246e+01 1.622845956139235923e+01
2.168884288759568690e+01 2.023426455502602295e+01 1.604934272853003563e+01
2.172431596248427610e+01 2.036314341949446671e+01 1.714543707114309612e+01
2.169563686779996559e+01 2.023262720478669863e+01 1.699995297283825124e+01
2.188302310123404482e+01 2.068163495854087586e+01 1.717322345890072555e+01
2.121705947440260331e+01 1.978201429416770907e+01 1.731370190733531444e+01
2.007175447846606886e+01 1.867000202043335122e+01 1.673683259097723308e+01
1.851653152908148314e+01 1.741561280718791238e+01 1.530801601180707117e+01
1.662736449977838404e+01 1.549561353387523965e+01 1.339222545134751208e+01
1.529007619072100255e+01 1.393595172928300663e+01 1.282055854005002438e+01
1.345979406779060739e+01 1.231164464713306117e+01 1.088910435369258423e+01
1.158744911458953020e+01 1.036159938662589397e+01 9.896007275387216140e+00
1.116974558272009688e+01 9.930318125280916064e+00 9.253935058820177417e+00
1.186630147777593081e+01 1.072545126818197225e+01 8.513037467954296389e+00
1.365719158717498161e+01 1.257867828389521314e+01 9.016047600964466113e+00
1.542249198273170130e+01 1.419276218241271614e+01 9.987064175854579062e+00
1.625741973332567625e+01 1.514209544246388361e+01 9.544462868905268849e+00
1.763650034630319752e+01 1.640656478220666159e+01 1.033243572355974749e+01
1.776303745820998259e+01 1.685014791616126573e+01 1.103869736760240805e+01
1.794846004949359397e+01 1.686759787140284317e+01 1.219487315649420545e+01
1.788231256813774550e+01 1.675476878422832172e+01 1.150866995770545387e+01
1.703025359101831526e+01 1.595146037865700350e+01 1.036144951949574100e+01
1.624946746474820358e+01 1.510603510094809820e+01 1.120270700044777179e+01
1.489881721011669491e+01 1.376179008304337081e+01 1.027525605161970645e+01
1.292827721102534788e+01 1.180817396635429795e+01 8.811786715380646839e+00
1.134179162736532298e+01 1.014438137616598290e+01 8.908081307326478182e+00
1.009052221505399949e+01 9.030081039532515064e+00 9.737618385773524565e+00
1.079245356205254680e+01 9.552942792174283326e+00 1.014570266144160549e+01
1.222912872025623798e+01 1.101529796532565086e+01 1.104668382561025908e+01
1.374229281398448066e+01 1.253643328494343123e+01 1.157857782836601146e+01
1.486232995271194213e+01 1.363946151536019080e+01 1.236575907409497432e+01
1.608684193688640107e+01 1.464260816429423073e+01 1.274986111443872083e+01
1.649795505971136933e+01 1.527015717599401157e+01 1.279840836274219562e+01
1.656990666109048504e+01 1.534122371665246476e+01 1.311182570772892575e+01
1.610536976223072969e+01 1.483191806779029953e+01 1.242638522924157840e+01
1.536363938803881446e+01 1.433174419895020080e+01 1.152574080985160521e+01
1.435248348225130322e+01 1.327882936514405721e+01 1.042205480428238218e+01
1.327138069427444300e+01 1.206170326470916976e+01 8.988830931785713574e+00
