#         t          x          y          z
     0.0000  -377.1800   611.0800  -284.5200
     5.0000  -371.6100   605.8200  -281.2400
    10.0000  -366.2800   600.3200  -277.5400
    15.0000  -360.9600   594.8500  -273.8000
    20.0000  -355.8900   589.5500  -270.4700
    25.0000  -350.9200   583.9100  -266.9500
    30.0000  -346.2200   578.3000  -263.6100
    35.0000  -341.6100   572.5600  -260.4800
    40.0000  -336.9500   566.6800  -257.2300
    45.0000  -332.1600   560.6900  -254.0800
    50.0000  -327.9400   554.7100  -250.7600
    55.0000  -324.1000   548.8300  -247.5000
    60.0000  -320.5500   543.1700  -244.4200
    65.0000  -317.3500   537.8300  -241.3400
    70.0000  -314.1600   532.7400  -238.2300
    75.0000  -311.1400   527.9200  -234.8900
    80.0000  -307.7600   523.1900  -231.3400
    85.0000  -304.3900   518.5900  -227.5400
    90.0000  -300.7600   513.9900  -223.5700
    95.0000  -297.1400   509.6200  -219.4100
   100.0000  -293.3300   505.1500  -214.9900
   105.0000  -289.1300   500.5900  -210.4500
   110.0000  -284.8900   496.0400  -205.8400
   115.0000  -280.4200   491.6200  -201.5000
   120.0000  -275.6400   486.9800  -196.9800
   125.0000  -270.3700   482.0400  -192.1500
   130.0000  -264.9600   477.1000  -187.3100
   135.0000  -259.3800   472.0500  -182.2800
   140.0000  -253.7700   466.7900  -177.2300
   145.0000  -248.0800   461.3900  -172.1100
   150.0000  -242.2600   455.7900  -166.8700
   155.0000  -236.3300   450.1500  -161.7600
   160.0000  -230.1800   444.3700  -156.5900
   165.0000  -223.6300   438.3300  -151.4800
   170.0000  -217.3100   431.8400  -146.1800
   175.0000  -211.0600   425.3000  -140.9500
   180.0000  -204.6200   418.5000  -135.6100
   185.0000  -198.0900   411.6100  -130.3800
   190.0000  -191.3400   404.4900  -124.9400
   195.0000  -184.6400   397.2200  -119.3400
   200.0000  -178.0400   389.8800  -113.7100
   205.0000  -171.3300   382.3900  -108.0700
   210.0000  -164.4200   374.5900  -102.4300
   215.0000  -157.3800   366.4400   -96.5300
   220.0000  -150.0300   358.0300   -90.4700
   225.0000  -142.7900   349.4300   -84.4100
   230.0000  -135.2700   340.4300   -78.3000
   235.0000  -127.4700   330.7100   -71.7700
   240.0000  -119.3300   320.7000   -65.4600
   245.0000  -110.8600   309.7800   -59.1200
   250.0000  -102.2900   297.8500   -52.7400
   255.0000   -93.6800   285.2400   -46.4700
   260.0000   -84.6900   271.4200   -40.3300
   265.0000   -75.6300   256.2700   -35.0700
   270.0000   -66.6700   238.9900   -30.6400
   275.0000   -58.3300   218.9500   -28.3200
   280.0000   -53.3900   197.7800   -30.0100
   285.0000   -51.5600   179.7100   -35.0900
   290.0000   -50.6900   165.2400   -39.8200
   295.0000   -49.5400   153.3100   -43.5400
   300.0000   -48.0300   142.8200   -45.9200
   305.0000   -46.7600   133.8400   -47.0700
   310.0000   -45.5600   126.3000   -47.8700
   315.0000   -44.4100   119.8200   -48.0900
   320.0000   -43.3100   114.3600   -48.0500
   325.0000   -42.1200   109.9500   -47.5900
   330.0000   -41.2400   106.2600   -46.5400
   335.0000   -40.3400   103.6100   -45.5900
   340.0000   -39.3600   101.5200   -44.4800
   345.0000   -38.2300   100.1900   -43.2400
   350.0000   -36.9600    99.6000   -41.7600
   355.0000   -35.5700    99.6200   -40.0400
   360.0000   -33.9400   100.2900   -38.2800
   365.0000   -31.8500   101.3300   -36.1600
   370.0000   -29.7600   102.9200   -33.5700
   375.0000   -27.4600   105.3600   -30.8300
   380.0000   -25.1600   108.5000   -27.8900
   385.0000   -22.4200   112.3000   -24.9300
   390.0000   -19.2200   116.8800   -21.2100
   395.0000   -16.0300   122.5000   -16.5800
   400.0000   -13.0000   129.6700   -11.3600
   405.0000    -8.2600   138.7700    -5.1900
   410.0000    -0.3400   150.7700     3.2800
   415.0000    10.6000   156.8000     9.2100
   420.0000    17.6500   157.9000    12.1800
   425.0000    21.8600   156.4000    13.9800
   430.0000    21.6800   151.2900    16.9700
   435.0000    19.3300   145.6200    16.1000
   440.0000    19.3100   140.2400    14.4100
   445.0000    22.9800   139.7700    18.2000
   450.0000    25.5900   138.5100    20.5400
   455.0000    28.6100   136.5300    21.8800
   460.0000    31.5400   134.7600    23.8400
   465.0000    34.7200   133.2600    26.9200
   470.0000    36.5300   131.2700    29.8100
   475.0000    39.7300   129.3700    32.3400
   480.0000    42.5800   127.1900    34.6500
   485.0000    43.9200   125.8200    35.7800
   490.0000    48.4100   122.4200    38.7100
   495.0000    51.0200   120.0400    40.4500
   500.0000    51.8700   118.5000    41.6700
   505.0000    54.4400   116.1900    43.5700
   510.0000    56.9100   114.1800    45.2200
   515.0000    60.4000   112.3800    46.2500
   520.0000    62.7700   110.6500    47.8300
   525.0000    65.3400   109.0800    49.6300
   530.0000    67.8700   107.3200    51.3700
   535.0000    71.0100   105.4300    53.6100
   540.0000    73.3600   103.9000    54.9900
   545.0000    75.3900   103.2500    55.9900
   550.0000    77.3200   101.3000    58.3200
   555.0000    79.6300    99.9800    59.7900
   560.0000    82.0200    98.5700    61.0300
   565.0000    84.5600    97.3200    62.5300
   570.0000    87.3000    96.1700    64.1600
   575.0000    89.8500    94.9800    65.8700
   580.0000    92.4900    93.7500    67.7900
   585.0000    95.1300    92.3800    70.0700
   590.0000    97.4200    91.1500    72.2000
   595.0000   100.4000    88.8700    74.8500
   600.0000   102.4400    87.3800    76.3800
   605.0000   105.1500    84.9500    78.8900
   610.0000   107.4600    83.0400    80.4200
   615.0000   109.5000    81.1000    82.4200
   620.0000   112.2300    79.3100    83.7700
   625.0000   114.0500    77.2900    85.5500
   630.0000   116.4300    75.3500    87.0400
   635.0000   118.2100    73.4200    88.6800
   640.0000   120.5300    71.4100    90.3100
   645.0000   122.6300    69.8800    91.7500
   650.0000   124.7800    68.0900    92.9800
   655.0000   127.0600    66.3400    94.4100
   660.0000   129.1800    64.5200    95.8300
   665.0000   131.1300    62.7800    97.3400
   670.0000   132.8500    61.4300    99.0600
   675.0000   134.7600    60.5600   100.7300
   680.0000   136.9900    59.5900   102.4800
   685.0000   139.2900    58.4700   104.2700
   690.0000   141.6600    57.3200   106.1700
   695.0000   144.0200    55.8700   108.3800
   700.0000   146.4100    54.7200   110.7100
   705.0000   148.8500    53.4800   112.8000
   710.0000   151.3800    52.1200   114.8300
   715.0000   154.0700    50.1100   116.9600
   720.0000   156.4200    48.7700   119.1800
   725.0000   158.8600    47.4700   121.3700
   730.0000   162.1500    46.0100   123.1700
   735.0000   163.6400    44.2800   125.2200
   740.0000   165.8600    42.2500   126.8700
   745.0000   168.1100    40.1400   128.2500
   750.0000   170.2900    38.1100   129.6400
   755.0000   172.2500    36.2400   131.0600
   760.0000   174.0200    34.5700   132.3600
   765.0000   176.0100    33.2400   133.8800
   770.0000   178.1000    31.9600   135.6000
   775.0000   180.2800    30.7500   137.4500
   780.0000   182.3600    29.2800   139.3700
   785.0000   183.9400    27.5800   140.5300
   790.0000   186.5700    26.4000   143.3300
   795.0000   188.6800    24.9600   145.2900
