#         t          x          y          z         vx         vy         vz
     0.0000    71.5900   -73.3600    52.6100     0.0000     0.0000     0.0000
     5.0000    74.2500   -78.4500    56.2600     0.0000     0.0000     0.0000
    10.0000    72.9100   -77.6100    54.1400     0.0000     0.0000     0.0000
    15.0000    71.0500   -78.6500    55.5200     0.0000     0.0000     0.0000
    20.0000    71.3600   -81.6200    52.5300     0.0000     0.0000     0.0000
    25.0000    71.2800   -83.4600    50.1000     0.0000     0.0000     0.0000
    30.0000    68.7200   -81.5300    45.1800     0.0000     0.0000     0.0000
    35.0000    68.3400   -82.3800    42.1600     0.0000     0.0000     0.0000
    40.0000    67.6600   -81.9500    41.6900     0.0000     0.0000     0.0000
    45.0000    66.7100   -84.7100    43.2800     0.0000     0.0000     0.0000
    50.0000    59.5800   -82.8800    42.5100     0.0000     0.0000     0.0000
    55.0000    53.9400   -80.6200    42.4400     0.0000     0.0000     0.0000
    60.0000    47.2800   -75.7800    40.4800     0.0000     0.0000     0.0000
    65.0000    45.1300   -70.5600    37.3500     0.0000     0.0000     0.0000
    70.0000    45.5700   -68.4700    41.7800     0.0000     0.0000     0.0000
    75.0000    42.3200   -63.2900    45.6800     0.0000     0.0000     0.0000
    80.0000    45.2400   -61.0700    47.2600     0.0000     0.0000     0.0000
    85.0000    47.3100   -61.0800    52.6600     0.0000     0.0000     0.0000
    90.0000    46.4900   -59.9000    57.5800     0.0000     0.0000     0.0000
    95.0000    51.1400   -59.7600    58.5600     0.0000     0.0000     0.0000
   100.0000    52.5600   -60.8700    61.9300     0.0000     0.0000     0.0000
   105.0000    56.7900   -61.4100    62.5600     0.0000     0.0000     0.0000
   110.0000    57.8200   -62.0500    63.3300     0.0000     0.0000     0.0000
   115.0000    62.4900   -64.1500    65.5000     0.0000     0.0000     0.0000
   120.0000    69.6900   -68.0000    66.7600     0.0000     0.0000     0.0000
   125.0000    73.5500   -69.5000    68.9200     0.0000     0.0000     0.0000
   130.0000    76.4000   -72.7600    71.0000     0.0000     0.0000     0.0000
   135.0000    78.1100   -72.7500    73.5500     0.0000     0.0000     0.0000
   140.0000    78.5100   -74.5300    73.8300     0.0000     0.0000     0.0000
   145.0000    81.0700   -79.1600    74.7600     0.0000     0.0000     0.0000
   150.0000    83.1600   -81.9800    76.9300     0.0000     0.0000     0.0000
   155.0000    85.9200   -82.5600    74.0000     0.0000     0.0000     0.0000
   160.0000    90.1200   -83.9600    71.4800     0.0000     0.0000     0.0000
   165.0000    94.2900   -89.2200    72.2000     0.0000     0.0000     0.0000
   170.0000    91.3500   -92.9500    71.8500     0.0000     0.0000     0.0000
   175.0000    93.1500   -95.7300    73.1600     0.0000     0.0000     0.0000
   180.0000    94.7600   -97.2100    73.4300     0.0000     0.0000     0.0000
   185.0000    94.0300   -97.7100    73.0200     0.0000     0.0000     0.0000
   190.0000    94.9400   -99.7600    72.7200     0.0000     0.0000     0.0000
   195.0000    95.2500  -102.2700    76.2700     0.0000     0.0000     0.0000
   200.0000    97.4600  -103.9300    76.1500     0.0000     0.0000     0.0000
   205.0000    97.2800  -105.0300    74.9400     0.0000     0.0000     0.0000
   210.0000    98.1200  -110.3900    77.1800     0.0000     0.0000     0.0000
   215.0000    99.3900  -111.7700    80.1700     0.0000     0.0000     0.0000
   220.0000   102.7200  -117.5600    80.4900     0.0000     0.0000     0.0000
   225.0000   104.7000  -120.3300    79.8200     0.0000     0.0000     0.0000
   230.0000   108.8500  -128.7500    84.2400     0.0000     0.0000     0.0000
   235.0000   111.9100  -134.3400    86.6900     0.0000     0.0000     0.0000
   240.0000   114.7800  -143.8600    85.5600     0.0000     0.0000     0.0000
   245.0000   119.4100  -157.5700    86.2200     0.0000     0.0000     0.0000
   250.0000   116.1600  -168.7900    89.5400     0.0000     0.0000     0.0000
   255.0000   121.1200  -181.6600    86.1700     0.0000     0.0000     0.0000
   260.0000   121.5000  -198.8200    81.7500     0.0000     0.0000     0.0000
   265.0000   123.5100  -227.3800    71.1600     0.0000     0.0000     0.0000
   270.0000   121.2700  -259.1600    52.9800     0.0000     0.0000     0.0000
   275.0000    95.6400  -299.9400    13.9100     0.0000     0.0000     0.0000
   280.0000    44.1500  -286.6300   -52.5100     0.0000     0.0000     0.0000
   285.0000    18.1800  -232.6900   -68.6400     0.0000     0.0000     0.0000
   290.0000    20.4400  -186.2000   -59.1200     0.0000     0.0000     0.0000
   295.0000    26.2100  -159.5800   -41.7000     0.0000     0.0000     0.0000
   300.0000    27.2000  -136.0100   -25.6000     0.0000     0.0000     0.0000
   305.0000    25.5400  -115.1100   -14.6400     0.0000     0.0000     0.0000
   310.0000    22.2600   -99.8200    -4.5200     0.0000     0.0000     0.0000
   315.0000    23.2700   -83.0100     0.3300     0.0000     0.0000     0.0000
   320.0000    19.2000   -67.4500     4.6000     0.0000     0.0000     0.0000
   325.0000    18.3200   -54.7300     7.9200     0.0000     0.0000     0.0000
   330.0000    18.0800   -43.1400    11.7300     0.0000     0.0000     0.0000
   335.0000    15.6100   -32.2200    12.9300     0.0000     0.0000     0.0000
   340.0000    18.6700   -21.1300    14.3400     0.0000     0.0000     0.0000
   345.0000    18.4400   -10.4300    15.6500     0.0000     0.0000     0.0000
   350.0000    19.7900    -2.3900    19.6700     0.0000     0.0000     0.0000
   355.0000    20.9300     6.3700    22.2700     0.0000     0.0000     0.0000
   360.0000    23.6600    14.9800    26.1200     0.0000     0.0000     0.0000
   365.0000    26.3400    20.7600    32.4900     0.0000     0.0000     0.0000
   370.0000    25.7700    29.1600    37.1200     0.0000     0.0000     0.0000
   375.0000    29.2700    37.9100    41.4900     0.0000     0.0000     0.0000
   380.0000    33.9400    48.6800    45.3700     0.0000     0.0000     0.0000
   385.0000    38.3000    55.4500    52.1200     0.0000     0.0000     0.0000
   390.0000    45.4000    68.6600    60.2800     0.0000     0.0000     0.0000
   395.0000    49.5200    85.9400    69.8900     0.0000     0.0000     0.0000
   400.0000    60.7700   110.4500    80.0400     0.0000     0.0000     0.0000
   405.0000    81.3600   146.9400    98.8900     0.0000     0.0000     0.0000
   410.0000   196.9400   148.0200   134.9000     0.0000     0.0000     0.0000
   415.0000   120.0500    20.2200    64.6800     0.0000     0.0000     0.0000
   420.0000    50.9300    -6.6500    39.3400     0.0000     0.0000     0.0000
   425.0000     8.3400   -21.2900    22.2000     0.0000     0.0000     0.0000
   430.0000   -16.6500   -49.1600     4.7300     0.0000     0.0000     0.0000
   435.0000   -49.1900  -113.0900   -29.5100     0.0000     0.0000     0.0000
   440.0000    54.2900    -3.4400    28.9900     0.0000     0.0000     0.0000
   445.0000    34.1900    -4.6900    36.5800     0.0000     0.0000     0.0000
   450.0000    28.7500   -26.2800    31.7500     0.0000     0.0000     0.0000
   455.0000    36.4100   -34.5500    31.7500     0.0000     0.0000     0.0000
   460.0000    39.2000   -26.3500    45.6900     0.0000     0.0000     0.0000
   465.0000    41.9500   -26.7400    43.3000     0.0000     0.0000     0.0000
   470.0000    42.5100   -26.5100    40.8700     0.0000     0.0000     0.0000
   475.0000    36.6300   -34.2700    29.6700     0.0000     0.0000     0.0000
   480.0000    38.6300   -31.8700    29.3400     0.0000     0.0000     0.0000
   485.0000    39.8200   -34.3100    25.2900     0.0000     0.0000     0.0000
   490.0000    39.8400   -33.5300    30.6400     0.0000     0.0000     0.0000
   495.0000    33.6000   -34.7100    18.9200     0.0000     0.0000     0.0000
   500.0000    35.3400   -30.9700    14.2800     0.0000     0.0000     0.0000
   505.0000    33.5500   -28.0500    14.2700     0.0000     0.0000     0.0000
   510.0000    34.5700   -29.5900    14.5000     0.0000     0.0000     0.0000
   515.0000    37.7700   -25.9600    20.1100     0.0000     0.0000     0.0000
   520.0000    35.9600   -23.1300    20.6700     0.0000     0.0000     0.0000
   525.0000    38.2300   -23.1500    23.5000     0.0000     0.0000     0.0000
   530.0000    36.0400   -22.8300    25.8700     0.0000     0.0000     0.0000
   535.0000    34.1000   -20.8100    23.0700     0.0000     0.0000     0.0000
   540.0000    31.3300   -19.4700    23.3700     0.0000     0.0000     0.0000
   545.0000    33.5300   -16.2000    20.0500     0.0000     0.0000     0.0000
   550.0000    31.0400   -17.8900    19.4400     0.0000     0.0000     0.0000
   555.0000    31.7600   -19.8600    15.5300     0.0000     0.0000     0.0000
   560.0000    33.6200   -17.5400    19.8100     0.0000     0.0000     0.0000
   565.0000    34.1200   -18.3200    20.7500     0.0000     0.0000     0.0000
   570.0000    33.2600   -16.6700    23.8900     0.0000     0.0000     0.0000
   575.0000    34.7800   -16.0100    25.6600     0.0000     0.0000     0.0000
   580.0000    36.1300   -21.2500    31.1000     0.0000     0.0000     0.0000
   585.0000    37.2300   -20.5900    36.0900     0.0000     0.0000     0.0000
   590.0000    37.6200   -24.1700    32.4600     0.0000     0.0000     0.0000
   595.0000    33.6400   -27.7600    34.1400     0.0000     0.0000     0.0000
   600.0000    35.9300   -28.4300    29.8900     0.0000     0.0000     0.0000
   605.0000    32.5200   -32.7100    24.1100     0.0000     0.0000     0.0000
   610.0000    28.8400   -30.7500    25.2600     0.0000     0.0000     0.0000
   615.0000    31.8200   -27.4200    23.2600     0.0000     0.0000     0.0000
   620.0000    31.9200   -29.1000    20.8100     0.0000     0.0000     0.0000
   625.0000    31.5900   -27.0800    21.5400     0.0000     0.0000     0.0000
   630.0000    32.2700   -26.1200    19.7100     0.0000     0.0000     0.0000
   635.0000    29.2100   -24.3300    21.2200     0.0000     0.0000     0.0000
   640.0000    30.6300   -25.1600    21.1300     0.0000     0.0000     0.0000
   645.0000    29.7800   -25.4400    18.2000     0.0000     0.0000     0.0000
   650.0000    31.8700   -26.9000    18.8500     0.0000     0.0000     0.0000
   655.0000    31.6300   -26.8800    21.4000     0.0000     0.0000     0.0000
   660.0000    27.5600   -25.8300    21.1200     0.0000     0.0000     0.0000
   665.0000    25.0600   -21.0800    20.0600     0.0000     0.0000     0.0000
   670.0000    25.2100   -14.5800    22.2100     0.0000     0.0000     0.0000
   675.0000    29.2500   -13.0600    22.4200     0.0000     0.0000     0.0000
   680.0000    31.5800   -12.8500    22.7400     0.0000     0.0000     0.0000
   685.0000    33.2000   -14.2600    24.6400     0.0000     0.0000     0.0000
   690.0000    34.2600   -18.8500    25.1400     0.0000     0.0000     0.0000
   695.0000    32.7000   -20.0600    30.1200     0.0000     0.0000     0.0000
   700.0000    36.4100   -20.1800    31.5100     0.0000     0.0000     0.0000
   705.0000    33.2800   -19.1300    31.8500     0.0000     0.0000     0.0000
   710.0000    31.1800   -18.0600    33.3200     0.0000     0.0000     0.0000
   715.0000    33.6900   -18.7100    31.4600     0.0000     0.0000     0.0000
   720.0000    34.0700   -19.0900    30.0500     0.0000     0.0000     0.0000
   725.0000    36.0800   -19.2800    28.1600     0.0000     0.0000     0.0000
   730.0000    34.8100   -24.9400    28.0300     0.0000     0.0000     0.0000
   735.0000    33.4100   -31.3900    24.7800     0.0000     0.0000     0.0000
   740.0000    32.5200   -31.0700    18.6900     0.0000     0.0000     0.0000
   745.0000    29.4000   -30.2600    18.6500     0.0000     0.0000     0.0000
   750.0000    31.6800   -26.8900    16.7800     0.0000     0.0000     0.0000
   755.0000    27.0300   -22.8000    19.7900     0.0000     0.0000     0.0000
   760.0000    28.5700   -19.5700    18.9100     0.0000     0.0000     0.0000
   765.0000    28.4000   -17.7000    20.9100     0.0000     0.0000     0.0000
   770.0000    30.7500   -16.0100    24.2700     0.0000     0.0000     0.0000
   775.0000    32.4500   -17.3000    26.3000     0.0000     0.0000     0.0000
   780.0000    29.8600   -20.3700    27.4200     0.0000     0.0000     0.0000
   785.0000    29.2700   -18.9100    29.2200     0.0000     0.0000     0.0000
   790.0000    29.2200   -16.6900    27.4200     0.0000     0.0000     0.0000
   795.0000    30.4100   -19.3800    28.1700     0.0000     0.0000     0.0000
