#         t          x          y          z
     0.0000  -476.2200   491.4400  -412.4100
     5.0000  -472.9500   498.9500  -402.0400
    10.0000  -469.3100   506.7600  -391.4200
    15.0000  -465.0500   515.0300  -380.3000
    20.0000  -460.2000   523.5100  -368.4700
    25.0000  -454.6600   532.6700  -355.7800
    30.0000  -448.1000   541.9600  -342.3600
    35.0000  -440.9000   551.4300  -328.5300
    40.0000  -432.4700   561.1200  -313.9800
    45.0000  -422.3700   570.8700  -298.3500
    50.0000  -410.4500   580.3400  -281.7000
    55.0000  -396.7000   588.8600  -264.6400
    60.0000  -380.9100   596.2600  -247.1700
    65.0000  -362.7000   601.8000  -229.4100
    70.0000  -343.3000   605.1100  -212.1100
    75.0000  -323.0700   606.3400  -195.6100
    80.0000  -302.6500   605.5200  -180.4500
    85.0000  -282.3000   602.7900  -166.4700
    90.0000  -262.5400   598.3600  -153.5600
    95.0000  -243.4000   592.9700  -141.3500
   100.0000  -224.8400   586.5600  -130.1600
   105.0000  -206.9700   579.3000  -119.8200
   110.0000  -189.8600   571.2900  -110.3500
   115.0000  -173.3000   562.8200  -101.4200
   120.0000  -157.3300   553.8000   -93.0800
   125.0000  -142.1700   544.2400   -85.4000
   130.0000  -127.6800   534.3800   -78.1900
   135.0000  -113.6800   524.0600   -71.4400
   140.0000  -100.2900   513.2900   -65.1700
   145.0000   -87.6400   502.0800   -59.3000
   150.0000   -75.6900   490.7900   -53.8600
   155.0000   -63.9900   479.3800   -48.9400
   160.0000   -52.9800   467.6200   -44.1300
   165.0000   -42.3800   455.6100   -39.8800
   170.0000   -32.3600   443.3900   -35.7300
   175.0000   -23.0600   431.0800   -31.8300
   180.0000   -14.3700   418.4200   -28.1800
   185.0000    -6.2500   405.4600   -24.9100
   190.0000     1.3600   392.0900   -22.0100
   195.0000     8.5400   378.6600   -19.4900
   200.0000    15.2100   364.8900   -17.0800
   205.0000    21.0000   350.7200   -15.0700
   210.0000    26.2300   336.3400   -13.3600
   215.0000    30.7600   321.6400   -11.7800
   220.0000    34.5200   306.5500   -10.5900
   225.0000    37.4900   291.1500    -9.8300
   230.0000    39.5000   275.3300    -9.4800
   235.0000    40.3600   259.2800    -9.3500
   240.0000    40.2000   242.8200    -9.5300
   245.0000    38.4300   226.0700   -10.2700
   250.0000    35.5000   208.7800   -11.4900
   255.0000    30.8700   191.1800   -13.2900
   260.0000    24.0000   173.6600   -16.0300
   265.0000    14.4800   156.6000   -19.6500
   270.0000     2.4700   140.7600   -24.2400
   275.0000   -12.0200   126.7000   -29.6500
   280.0000   -28.6700   115.6700   -35.7000
   285.0000   -47.0000   108.4200   -41.5700
   290.0000   -65.3200   105.7400   -46.9700
   295.0000   -82.2300   108.1400   -51.0000
   300.0000   -96.0300   115.2300   -53.7000
   305.0000  -105.5900   125.3600   -55.0000
   310.0000  -111.0400   137.0100   -55.0500
   315.0000  -112.6000   149.1100   -54.1300
   320.0000  -111.1200   161.0900   -52.6800
   325.0000  -107.0600   172.6700   -50.7100
   330.0000  -100.8700   183.8500   -48.2300
   335.0000   -92.7100   194.4500   -45.0200
   340.0000   -82.7700   204.7200   -41.1300
   345.0000   -71.6000   214.3100   -36.3300
   350.0000   -59.1200   223.3100   -30.8000
   355.0000   -45.3600   232.1000   -23.9400
   360.0000   -29.7900   240.4500   -15.1000
   365.0000   -12.4300   247.7800    -2.5600
   370.0000     5.4800   250.9300    15.4400
   375.0000    20.1200   247.4900    34.8000
   380.0000    31.4500   240.3800    52.0100
   385.0000    40.7200   231.6800    66.4500
   390.0000    48.1700   221.8400    78.3500
   395.0000    54.2600   211.4000    88.3100
   400.0000    59.2800   200.3500    96.6900
   405.0000    63.2900   188.9100   103.4400
   410.0000    66.4300   177.1400   108.4400
   415.0000    68.7000   165.2000   111.9600
   420.0000    69.9100   153.2000   113.7500
   425.0000    69.6800   141.2600   113.5000
   430.0000    68.9000   129.6000   111.8300
   435.0000    67.1400   118.3200   108.2100
   440.0000    64.3800   107.7300   102.3400
   445.0000    60.3700    98.0900    94.1100
   450.0000    55.2900    89.9200    83.6500
   455.0000    49.3800    83.6500    70.8800
   460.0000    42.4000    80.1300    55.7300
   465.0000    34.9300    80.3100    38.3500
   470.0000    27.1600    85.6400    20.0000
   475.0000    20.8000    96.5300     2.8200
   480.0000    16.6000   111.4100   -10.3500
   485.0000    15.0000   127.7300   -19.1500
   490.0000    15.5100   143.8500   -23.4400
   495.0000    17.5800   158.5000   -24.6100
   500.0000    21.0400   171.6300   -23.2900
   505.0000    25.3600   182.9200   -19.8100
   510.0000    30.4400   192.3900   -14.3700
   515.0000    36.3100   199.9200    -7.5700
   520.0000    42.7900   205.4300     0.4400
   525.0000    49.6300   208.9800     9.6100
   530.0000    56.8400   210.2300    19.5400
   535.0000    64.2100   209.3000    30.1900
   540.0000    71.5500   206.0100    41.5200
   545.0000    78.9300   200.1800    53.2000
   550.0000    86.3100   191.5900    64.7800
   555.0000    93.5900   179.8900    76.1600
   560.0000   100.2600   165.0300    86.9600
   565.0000   106.0600   146.5500    96.3300
   570.0000   110.3300   124.7100   103.0500
   575.0000   112.3600   100.3200   105.4000
   580.0000   111.4600    75.5500   101.9700
   585.0000   107.5200    54.2700    93.2200
   590.0000   101.7900    38.1700    81.3700
   595.0000    95.6600    27.4800    68.3500
   600.0000    89.5300    21.5900    55.6200
   605.0000    84.1200    19.6600    43.9300
   610.0000    79.2700    20.8700    33.9400
   615.0000    75.7200    24.8000    26.0800
   620.0000    73.5600    30.7400    20.2000
   625.0000    72.7500    38.3200    16.8000
   630.0000    73.1800    47.1700    15.7300
   635.0000    75.1300    56.9300    17.2700
   640.0000    78.6300    67.1800    21.6800
   645.0000    83.7900    77.3700    29.2900
   650.0000    91.0200    87.0100    40.1100
   655.0000   100.6300    95.1600    54.6100
   660.0000   112.5500   100.2200    72.8200
   665.0000   126.6300    99.8500    94.1400
   670.0000   141.7700    91.6200   115.8400
   675.0000   155.2800    76.1400   133.6600
   680.0000   165.4900    57.8600   145.4900
   685.0000   172.3000    39.8700   151.9500
   690.0000   176.6200    23.6700   154.5100
   695.0000   178.6200     9.7400   153.9400
   700.0000   178.9500    -1.6300   150.9400
   705.0000   177.7000   -10.1700   145.8000
   710.0000   174.8200   -15.6100   139.1500
   715.0000   170.9100   -17.6800   131.1700
   720.0000   165.8900   -15.8300   122.4500
   725.0000   160.1100    -9.7500   113.5200
   730.0000   154.0700     1.4800   105.2400
   735.0000   148.7800    18.2300    99.5500
   740.0000   146.4000    39.9600    99.1400
   745.0000   148.8300    61.5500   105.6800
   750.0000   155.4000    78.2500   117.2600
   755.0000   164.4500    89.0500   130.7300
   760.0000   174.3900    94.2300   144.3000
   765.0000   184.5200    94.7400   157.0500
   770.0000   194.1600    91.0000   168.3400
   775.0000   203.0000    83.6700   177.5900
   780.0000   210.6500    73.2100   184.3600
   785.0000   216.4100    60.1100   188.2900
   790.0000   219.9000    45.0900   188.9900
   795.0000   220.6700    28.6800   185.6300
