#         t          x          y          z
     0.0000   375.2300  -608.0200   283.0600
     5.0000   369.8200  -602.7000   279.7500
    10.0000   364.3700  -597.0700   275.9700
    15.0000   358.7100  -591.3600   272.2100
    20.0000   353.4500  -585.8400   268.9100
    25.0000   348.0100  -579.8100   265.4200
    30.0000   342.9200  -573.5500   261.9900
    35.0000   337.9600  -567.1000   258.6700
    40.0000   333.0600  -560.5900   255.2300
    45.0000   328.1700  -554.0700   251.9300
    50.0000   323.8700  -547.7100   248.5400
    55.0000   319.6200  -541.3100   244.9400
    60.0000   315.3800  -534.9100   241.2300
    65.0000   311.3900  -528.7200   237.6200
    70.0000   307.4000  -522.7600   233.9000
    75.0000   304.0600  -516.9200   230.0400
    80.0000   300.4700  -510.9100   225.6600
    85.0000   296.7000  -505.2500   221.1000
    90.0000   292.6300  -499.5900   216.3800
    95.0000   288.1500  -494.1700   211.4300
   100.0000   283.2300  -488.3900   206.0700
   105.0000   278.2100  -482.4200   200.5400
   110.0000   273.2900  -476.2300   194.8900
   115.0000   268.1500  -470.1400   189.6900
   120.0000   262.4600  -463.6700   184.2100
   125.0000   256.2400  -457.0200   178.3700
   130.0000   249.7000  -450.2800   172.4600
   135.0000   242.6800  -442.8500   166.4700
   140.0000   235.5400  -435.0400   160.2900
   145.0000   228.2900  -427.0200   154.0500
   150.0000   220.9300  -418.5900   147.6500
   155.0000   213.6700  -409.9700   141.3000
   160.0000   205.9800  -401.3700   134.7300
   165.0000   197.6800  -392.3700   128.3400
   170.0000   189.6300  -382.7600   121.7000
   175.0000   181.6000  -373.1200   115.0500
   180.0000   173.3800  -362.6400   108.2100
   185.0000   164.9500  -351.8900   101.6100
   190.0000   156.3600  -340.7600    94.6500
   195.0000   147.7800  -329.4600    87.4400
   200.0000   139.2300  -317.9400    80.1000
   205.0000   130.3300  -306.0200    72.6800
   210.0000   121.3300  -293.1800    64.9700
   215.0000   112.2600  -279.5500    57.0700
   220.0000   102.7100  -265.1000    48.9400
   225.0000    93.1100  -250.2500    40.7000
   230.0000    82.9400  -234.8600    32.5700
   235.0000    72.1600  -218.2500    23.8300
   240.0000    60.8100  -200.6300    15.2900
   245.0000    49.1800  -181.3400     6.8100
   250.0000    37.4800  -160.3300    -1.6400
   255.0000    25.6800  -137.6800    -9.8600
   260.0000    13.6700  -112.3300   -17.7300
   265.0000     1.5900   -84.3300   -24.1500
   270.0000   -10.4100   -52.3600   -28.7100
   275.0000   -20.4500   -14.7200   -28.9000
   280.0000   -23.4300    25.1900   -20.4100
   285.0000   -19.5400    58.6000    -5.0600
   290.0000   -13.8400    84.0900     9.6800
   295.0000    -9.1800   103.7400    21.6800
   300.0000    -5.6400   119.6800    30.7900
   305.0000    -2.4700   132.5200    37.4200
   310.0000     0.9400   142.8200    42.9000
   315.0000     3.7600   150.4900    47.1600
   320.0000     6.5700   156.0400    50.7600
   325.0000     9.2300   159.4900    53.6000
   330.0000    12.1300   161.5700    55.5200
   335.0000    14.8600   161.8300    57.2800
   340.0000    17.6000   160.2600    58.1800
   345.0000    19.6600   158.0300    59.3300
   350.0000    21.4300   153.9400    59.4900
   355.0000    22.8900   148.4600    59.0000
   360.0000    24.3000   141.4600    58.0100
   365.0000    24.5000   134.1300    56.0000
   370.0000    24.7300   125.8900    52.4100
   375.0000    24.8200   116.9500    48.1600
   380.0000    25.0300   107.0800    43.6500
   385.0000    25.0400    96.0300    39.3300
   390.0000    24.2200    82.9300    34.3600
   395.0000    23.1700    67.3000    28.4100
   400.0000    21.3000    48.3000    21.4300
   405.0000    16.5500    25.2200    12.4800
   410.0000     4.5600    -6.2300    -1.7000
   415.0000   -15.1000   -21.6700    -9.9700
   420.0000   -25.8600   -25.2800   -13.4600
   425.0000   -26.2900   -24.8300   -12.8900
   430.0000   -18.8100   -18.0700   -11.5800
   435.0000    -5.4600    -6.4100    -4.3300
   440.0000     2.4600     4.2400     4.8100
   445.0000     0.0500     0.3500     0.6300
   450.0000    -0.2100    -0.3200    -0.3300
   455.0000    -0.0400     0.1800     0.2600
   460.0000     0.1600     0.1700     0.2800
   465.0000     0.0500    -0.0300    -0.1500
   470.0000     1.1500     0.2300     0.0700
   475.0000     0.5200     0.1000    -0.0300
   480.0000     0.5400    -0.0100    -0.1200
   485.0000     1.9300    -1.0900     0.6500
   490.0000     0.2400    -0.0800    -0.1500
   495.0000     0.0300    -0.0400    -0.1300
   500.0000     1.3900    -0.3800     0.3400
   505.0000     1.0800    -0.1300    -0.3300
   510.0000     1.0500    -0.0100    -0.5800
   515.0000    -0.0500     0.0400    -0.2100
   520.0000     0.0800     0.1300    -0.0500
   525.0000     0.0200     0.0900    -0.0500
   530.0000     0.4500     0.5900     0.0800
   535.0000    -0.6200     0.1700    -0.4500
   540.0000    -0.5700     0.1800     0.1600
   545.0000    -1.1100    -0.6400     0.2700
   550.0000    -0.1400    -0.0300    -0.0600
   555.0000    -0.2600    -0.1100    -0.1600
   560.0000    -0.3300    -0.1400    -0.2400
   565.0000    -0.2500    -0.0800    -0.2500
   570.0000    -0.2600    -0.1400    -0.2600
   575.0000    -0.1900    -0.1300    -0.1900
   580.0000    -0.0400    -0.0300    -0.0200
   585.0000     0.1600    -0.1300     0.1700
   590.0000     0.4600    -0.5600     0.4500
   595.0000     0.1000     0.0000     0.1400
   600.0000     0.5000    -0.4700     0.8900
   605.0000     0.1700     0.0500     0.8900
   610.0000    -0.1500    -0.2400     0.4300
   615.0000    -0.1200    -0.3700     0.0300
   620.0000    -0.7000    -0.4900     0.1700
   625.0000    -0.1900    -0.3900    -0.0300
   630.0000    -0.3900    -0.2700     0.0800
   635.0000     0.0000    -0.0100     0.0300
   640.0000    -0.1400     0.2700    -0.1400
   645.0000    -0.0600    -0.0300    -0.1700
   650.0000     0.0300     0.0600    -0.0600
   655.0000     0.0500     0.0500     0.0100
   660.0000    -0.0500    -0.0200    -0.1100
   665.0000    -0.0400    -0.0200     0.0000
   670.0000     0.0700     0.0500     0.0800
   675.0000     0.0600     0.0300     0.1000
   680.0000     0.0300     0.0800     0.0500
   685.0000    -0.0500     0.0800     0.0000
   690.0000    -0.0200    -0.0700    -0.0500
   695.0000     0.1800     0.0900    -0.2800
   700.0000     0.4100    -0.3500    -0.5900
   705.0000     0.5500    -0.7200    -0.4900
   710.0000     0.4600    -0.8400    -0.2000
   715.0000     0.3500     0.2700     0.3700
   720.0000     0.0500    -0.0300     0.1000
   725.0000     0.0100     0.0100     0.0900
   730.0000    -0.8800     0.0900     0.3400
   735.0000    -0.0900     0.0100     0.0000
   740.0000    -0.0400     0.0100    -0.0600
   745.0000    -0.0500    -0.0500    -0.1100
   750.0000    -0.1200    -0.0800    -0.1800
   755.0000    -0.1200    -0.0900    -0.2200
   760.0000    -0.0400    -0.0200    -0.0400
   765.0000    -0.0500     0.0000    -0.0800
   770.0000     0.0700     0.1200     0.1000
   775.0000     0.1000     0.1000     0.2000
   780.0000     0.0800     0.0800     0.1400
   785.0000     0.5600     0.2100     0.9300
   790.0000     0.0400     0.0000     0.0800
   795.0000     0.0000    -0.0700     0.0200
