#         t          x          y          z
     0.0000   185.9459  -303.9056   137.0932
     5.0000   188.8004  -307.7867   144.6692
    10.0000   181.5756  -300.0517   138.4303
    15.0000   176.0297  -302.6204   133.2485
    20.0000   174.5450  -287.9923   134.1074
    25.0000   178.0886  -292.9383   130.8029
    30.0000   171.8727  -287.6991   130.1680
    35.0000   169.9283  -279.4380   129.9204
    40.0000   170.2922  -276.5453   129.7285
    45.0000   167.9637  -280.1396   130.6865
    50.0000   159.7411  -273.6701   128.8191
    55.0000   162.3489  -268.8141   130.9203
    60.0000   160.6136  -262.8989   121.7568
    65.0000   162.1903  -266.1468   117.8802
    70.0000   158.0216  -261.1746   119.2659
    75.0000   159.5695  -259.3352   119.0911
    80.0000   158.8180  -260.4533   119.8204
    85.0000   158.9762  -250.8763   115.3076
    90.0000   152.0350  -248.4922   116.0264
    95.0000   152.6248  -254.2346   105.7614
   100.0000   144.1011  -249.0676   106.6232
   105.0000   148.8504  -240.3201   102.4598
   110.0000   142.9864  -240.0307    96.6304
   115.0000   142.0485  -240.8546    96.4687
   120.0000   138.6501  -237.0776    92.9382
   125.0000   134.8989  -235.4898    87.1062
   130.0000   134.3047  -230.7527    87.3770
   135.0000   128.7002  -228.8784    80.5901
   140.0000   122.1405  -224.3939    83.1638
   145.0000   122.2522  -222.8193    79.9635
   150.0000   115.9242  -213.2653    73.3732
   155.0000   119.8459  -218.8898    72.6174
   160.0000   115.0271  -208.6248    70.1045
   165.0000   109.7272  -201.5046    65.8907
   170.0000   104.7263  -205.1645    59.0115
   175.0000    99.4965  -197.6517    57.6395
   180.0000    92.1908  -187.8895    53.4165
   185.0000    94.0748  -185.8714    52.8166
   190.0000    88.9972  -179.5582    46.9647
   195.0000    84.6154  -173.3465    44.9324
   200.0000    76.2877  -174.0854    42.0408
   205.0000    76.2344  -162.5964    38.7246
   210.0000    73.1754  -158.6072    34.0786
   215.0000    66.6573  -150.8558    30.5227
   220.0000    59.1876  -144.1746    26.9733
   225.0000    52.5852  -131.9852    24.4421
   230.0000    52.6338  -135.0895    13.5578
   235.0000    45.0775  -124.5173    13.2019
   240.0000    38.7133  -113.6003     9.4048
   245.0000    31.8388  -106.4038    -0.0136
   250.0000    29.0105   -93.9355     4.1028
   255.0000    23.6192   -83.6989    -5.6078
   260.0000    11.9903   -70.5869    -6.2603
   265.0000    11.1349   -55.7303    -9.6399
   270.0000    -1.7432   -46.9345   -13.6934
   275.0000    -0.9270   -28.2700   -18.1952
   280.0000   -10.8555    -3.5930    -9.2821
   285.0000    -3.6918     9.3218    -5.0218
   290.0000    -2.4490    20.6093     3.2889
   295.0000    -1.0458    37.4383     8.0974
   300.0000     1.8894    43.0694    10.8977
   305.0000     2.7034    48.3935    17.1840
   310.0000     1.0555    55.6358    16.0023
   315.0000     5.4367    60.5388    20.9912
   320.0000    12.9523    66.4607    24.2668
   325.0000     2.4553    67.0916    24.2456
   330.0000    10.8942    70.8856    29.7046
   335.0000    11.2298    65.5422    28.5319
   340.0000    19.9417    68.6058    28.5853
   345.0000    17.6063    69.0641    32.3466
   350.0000     9.0525    64.3705    30.0607
   355.0000     7.7397    72.3582    30.2037
   360.0000    18.1228    62.2736    28.3192
   365.0000    19.3944    62.6350    26.7429
   370.0000    18.6481    57.0884    25.4584
   375.0000    12.9976    54.1237    25.6532
   380.0000    15.4519    47.0979    27.4469
   385.0000    22.6976    43.0493    26.0032
   390.0000    17.3169    35.0650    24.0483
   395.0000    15.7328    27.1766    23.0132
   400.0000    12.0450    22.7511    16.2741
   405.0000    16.2666     9.0097     9.8588
   410.0000     6.0672    -1.8804     3.9296
   415.0000     0.1393   -11.4564     5.7112
   420.0000    -4.9557   -15.6780     0.8180
   425.0000    -5.5665   -17.8066     4.9656
   430.0000    -4.7594   -12.5223     2.5549
   435.0000     0.5485   -11.1195     4.4555
   440.0000     3.8601    -4.2858     3.7510
   445.0000     9.0021    -7.0641     7.3228
   450.0000     2.4073    -0.2459     3.2838
   455.0000     2.4619    -9.7357     5.6564
   460.0000     3.3902    -5.3379     7.7418
   465.0000     1.4374    -5.0083     4.2490
   470.0000     1.8467    -5.9598     4.3667
   475.0000     1.2429    -8.4727     1.3711
   480.0000     3.5188    -7.1898     4.8530
   485.0000     7.2861    -7.5607     3.4180
   490.0000     1.4811    -7.4614     2.1518
   495.0000    -0.6172    -2.0779     2.5894
   500.0000    11.3286    -8.4411     3.0305
   505.0000     9.1400    -4.5097     0.5433
   510.0000     2.1457    -9.8050     5.8294
   515.0000     4.1373    -2.6329     0.7131
   520.0000     5.8582    -2.5299     4.4877
   525.0000     5.1498    -2.3045     7.0499
   530.0000     2.3285    -3.2327     0.7098
   535.0000     2.5383    -0.5533     3.4471
   540.0000     2.2131    -2.6103     0.3796
   545.0000     6.0531    -3.4554     2.0109
   550.0000     2.7669    -3.4237     6.6211
   555.0000    -0.0487    -2.7557     2.1551
   560.0000     5.1106    -8.3325     5.5456
   565.0000     2.3998    -4.0729     1.9979
   570.0000     6.9160    -6.0788    11.0696
   575.0000     2.0619    -3.7796     0.1271
   580.0000     7.9864    -8.3951     4.4279
   585.0000    -0.1551   -12.3886     4.5403
   590.0000     6.6135    -4.0615     5.4192
   595.0000     2.3502    -8.1012     5.6810
   600.0000     2.4153    -9.2492     0.4570
   605.0000     3.3480    -4.3074    -2.2812
   610.0000     7.2154    -3.5384     5.0728
   615.0000     6.3449    -9.4265     1.1020
   620.0000     9.7466    -9.4757     6.2322
   625.0000     7.5678    -4.3599     2.1974
   630.0000     5.8170    -9.7002     3.4855
   635.0000     7.8099    -3.7268     5.9138
   640.0000    11.6519    -4.9457     4.4420
   645.0000     5.3273    -0.9289     5.7802
   650.0000     2.3766    -9.1468     1.4839
   655.0000     7.8613    -4.7601     4.1838
   660.0000     7.4423     0.9213     4.4351
   665.0000     4.9824    -6.4016     6.4159
   670.0000     7.7373    -8.7188     2.9294
   675.0000     7.8270    -9.6104     6.8921
   680.0000     7.1388   -13.0986     8.2366
   685.0000     9.9400    -9.0686     4.6788
   690.0000    16.4478   -13.0583     9.7468
   695.0000    12.4951   -15.1259    10.2239
   700.0000    12.0047   -14.3773     5.4709
   705.0000    10.0244    -7.8816     1.6266
   710.0000    16.9527   -11.1178     9.2003
   715.0000     7.6456   -18.3623     3.0012
   720.0000    11.7745    -6.7393     2.9713
   725.0000     9.9740    -8.8291     4.3859
   730.0000     8.4640   -13.3800     4.1291
   735.0000    12.1932    -7.3232     1.0964
   740.0000    11.3639   -11.3941     8.9427
   745.0000    11.0470   -10.6846     1.8454
   750.0000    11.3752    -7.9872     4.0963
   755.0000     5.2762    -8.0018    -0.5267
   760.0000     8.2372    -8.6953     7.5778
   765.0000    12.0043    -7.5051     4.7832
   770.0000    11.2757    -7.4980     7.7602
   775.0000    10.9479   -11.8197     5.8766
   780.0000    11.0100    -9.2231     2.4922
   785.0000    13.8979   -11.0797     5.8941
   790.0000    10.2630    -8.8879     3.3078
   795.0000     9.3765    -6.1199     3.7741
