#         t          x          y          z         vx         vy         vz
      0.000     -1.950      3.060     -1.460      0.250      4.160     -0.440
      0.071     -1.790      3.120     -1.490     -1.080      7.940     -0.360
      0.143     -1.910      3.250     -1.570     -3.200      9.160     -0.930
      0.214     -2.250      3.490     -1.590     -2.640      8.040      0.070
      0.286     -2.440      3.710     -1.560     -4.520      8.120     -0.190
      0.357     -2.910      4.100     -1.530     -6.720      7.970      0.590
      0.429     -3.300      4.750     -1.620     -9.010     12.700     -2.310
      0.500     -3.650      5.460     -1.810     -4.840     10.990     -2.800
      0.571     -3.890      6.090     -2.000     -3.220      7.290     -1.920
      0.643     -3.990      6.620     -2.150     -5.100      4.450     -1.810
      0.714     -4.070      7.000     -2.220     -7.830      5.920     -0.890
      0.786     -4.480      7.520     -2.560     -8.570      9.390     -6.520
      0.857     -5.170      8.260     -3.190    -10.170      6.940     -9.650
      0.929     -5.960      9.110     -3.720    -11.820     11.000     -9.230
      1.000     -6.760      9.980     -4.330     -6.700     10.840     -7.740
      1.071     -7.080     11.000     -4.850     -4.180     11.030     -8.510
      1.143     -7.290     12.280     -5.680     -4.400     16.240    -10.650
      1.214     -7.690     13.340     -6.440     -7.590     14.270    -11.160
      1.286     -8.130     14.400     -7.190     -9.450     14.690    -10.920
      1.357     -8.990     15.450     -7.980    -12.280     17.180    -11.250
      1.429    -10.100     16.760     -8.920    -12.090     14.600    -13.510
      1.500    -10.920     18.170     -9.910    -13.450     22.400    -14.820
      1.571    -11.600     19.810    -10.950    -10.950     24.120    -15.710
      1.643    -12.270     21.480    -11.810    -13.930     25.680    -12.700
      1.714    -13.180     23.310    -12.770    -12.040     27.010    -14.230
      1.786    -14.130     25.020    -13.780    -14.790     24.950    -15.660
      1.857    -15.260     26.820    -14.850    -19.080     27.290    -15.180
      1.929    -16.700     29.200    -15.810    -24.520     29.940    -15.030
      2.000    -18.230     31.750    -16.940    -22.390     34.890    -15.280
      2.071    -19.790     34.370    -18.060    -21.890     39.640    -16.550
      2.143    -21.330     37.200    -19.220    -17.450     40.500    -15.540
      2.214    -22.660     40.180    -20.460    -18.550     39.040    -19.070
      2.286    -24.200     43.000    -21.860    -23.120     38.640    -19.190
      2.357    -25.950     45.960    -23.140    -24.590     44.020    -19.260
      2.429    -27.680     49.080    -24.480    -24.020     44.130    -19.480
      2.500    -29.460     52.180    -25.900    -24.630     49.940    -20.190
      2.571    -31.240     55.860    -27.400    -25.220     54.870    -21.940
      2.643    -33.140     59.720    -28.770    -26.190     54.500    -19.380
      2.714    -34.980     63.730    -30.290    -26.400     55.540    -22.130
      2.786    -36.860     67.760    -31.900    -28.230     58.000    -24.100
      2.857    -38.810     71.940    -33.610    -32.000     62.790    -23.880
      2.929    -41.000     76.370    -35.390    -31.980     65.730    -27.910
      3.000    -43.090     81.410    -37.460    -31.910     72.570    -28.350
      3.071    -45.120     86.890    -39.460    -34.260     79.400    -28.060
      3.143    -47.320     92.930    -41.530    -34.650     81.070    -30.330
      3.214    -49.680     99.180    -43.710    -36.660     83.250    -30.250
      3.286    -52.330    105.570    -45.730    -39.750     89.210    -30.460
      3.357    -55.310    112.460    -47.940    -42.990     96.910    -31.590
      3.429    -58.520    120.070    -50.170    -42.490    110.480    -30.460
      3.500    -61.680    128.440    -52.310    -39.870    120.520    -30.220
      3.571    -64.810    137.520    -54.380    -42.010    132.880    -28.120
      3.643    -68.000    147.560    -56.330    -43.140    149.550    -27.660
      3.714    -71.020    159.090    -58.060    -42.680    171.490    -21.080
      3.786    -74.040    171.940    -59.220    -43.290    191.840    -10.840
      3.857    -77.080    186.630    -59.350    -36.600    227.680     10.360
      3.929    -78.780    204.230    -57.220     -5.770    264.870     57.140
      4.000    -76.820    222.970    -50.420     57.040    245.680    129.520
      4.071    -71.100    238.310    -40.150     91.300    182.470    148.370
      4.143    -64.530    249.330    -30.140     84.760    125.310    128.880
      4.214    -58.720    257.050    -21.860     74.810     89.190    103.590
      4.286    -53.670    262.500    -15.130     67.400     65.210     86.160
      4.357    -49.230    266.360     -9.650     63.010     45.090     70.870
      4.429    -44.620    269.120     -4.970     62.370     26.240     62.930
      4.500    -40.650    270.310     -0.930     59.170      8.950     52.800
      4.571    -36.740    270.400      2.710     53.830     -5.620     49.870
      4.643    -32.890    269.440      6.010     52.080    -16.930     43.260
      4.714    -29.110    267.830      8.980     52.180    -28.360     37.640
      4.786    -25.480    265.440     11.690     50.940    -39.990     32.720
      4.857    -21.760    261.780     13.700     49.210    -51.380     29.880
      4.929    -18.570    258.220     16.090     44.890    -60.400     25.900
      5.000    -15.530    253.540     17.730     42.930    -70.700     21.360
      5.071    -12.680    248.080     18.960     36.990    -79.960     14.590
      5.143     -9.640    241.750     19.730     36.120    -88.790      5.150
      5.214     -7.350    235.460     19.840     29.820    -92.910     -6.100
      5.286     -5.030    228.810     18.840     32.160    -89.590    -19.820
      5.357     -2.640    222.310     17.330     36.860    -89.730    -23.480
      5.429     -0.130    215.580     15.760     37.460    -99.070    -21.010
      5.500      2.620    208.330     14.400     36.250   -113.510    -18.140
      5.571      5.000    199.810     13.150     33.260   -130.170    -15.530
      5.643      7.140    189.800     11.830     25.570   -152.270    -19.830
      5.714      8.300    177.970     10.070     11.810   -175.530    -31.940
      5.786      8.290    163.990      7.290    -10.860   -223.470    -49.020
      5.857      4.220    144.540      1.580   -171.760   -232.840    -87.700
      5.929     -4.500    135.130     -0.760    -81.390    -73.090    -14.070
      6.000     -8.210    132.620     -1.280     24.420    -33.000     22.720
      6.071     -4.430    131.570      1.090     79.040     -0.020     48.410
      6.143      2.870    133.220      5.390    124.930     41.740     72.970
      6.214     13.870    139.210     11.770    184.990    133.880    119.420
      6.286     21.770    144.480     19.220     37.420    -44.540     31.740
      6.357     23.030    140.120     18.830     41.720    -50.430     22.510
      6.429     25.380    138.190     20.210     41.760    -26.850     18.190
      6.500     28.570    136.710     22.140     42.390    -20.300     21.640
      6.571     31.700    134.930     24.120     41.690    -31.140     21.640
      6.643     34.770    133.230     26.770     39.720    -23.360     34.000
      6.714     37.680    131.500     29.880     37.990    -25.970     33.910
      6.786     40.250    129.470     32.310     43.460    -27.670     40.520
      6.857     43.120    127.180     34.530     41.380    -30.900     28.580
      6.929     45.850    124.730     36.430     42.860    -31.450     24.290
      7.000     48.650    122.340     38.560     38.410    -28.540     22.240
      7.071     51.050    120.000     40.320     38.680    -22.540     29.530
      7.143     53.260    118.120     42.010     33.020    -20.690     20.050
      7.214     55.520    116.060     43.240     36.660    -24.080     20.970
      7.286     57.960    114.170     44.640     32.690    -26.670     20.510
      7.357     60.350    112.420     46.040     31.070    -25.200     21.960
      7.429     62.850    110.780     47.780     31.120    -22.600     26.660
      7.500     65.360    109.170     49.580     30.590    -24.150     24.400
      7.571     68.320    107.910     51.450     29.020    -26.990     23.340
      7.643     70.390    105.600     53.160     31.540    -25.240     30.040
      7.714     72.790    104.080     55.150     28.920    -21.490     25.340
      7.786     74.280    102.610     56.260     29.220    -20.590     18.480
      7.857     77.180    101.270     58.260     30.460    -17.080     18.740
      7.929     79.370     99.870     59.630     32.930    -20.240     18.100
      8.000     81.690     98.430     60.790     36.450    -16.950     21.510
      8.071     84.310     97.240     62.280     37.430    -17.420     23.060
      8.143     87.040     96.030     63.900     37.640    -19.900     22.940
      8.214     89.660     94.850     65.680     37.930    -17.150     29.750
      8.286     92.450     93.720     67.770     41.180    -16.880     35.160
      8.357     95.290     92.250     70.240     40.460    -23.440     38.920
      8.429     97.880     90.590     72.650     37.930    -22.870     37.200
      8.500    100.500     88.870     74.990     34.620    -25.240     32.580
      8.571    102.940     86.910     77.270     32.530    -25.020     26.170
      8.643    105.320     85.000     79.780     32.400    -25.560     26.950
      8.714    107.310     82.800     80.850     31.400    -25.460     19.980
      8.786    109.380     80.730     82.450     26.660    -27.380     14.360
      8.857    111.530     78.820     83.940     32.960    -25.930     18.950
      8.929    113.860     76.900     85.520     32.900    -25.500     21.570
      9.000    116.040     75.080     87.120     30.560    -24.300     20.230
      9.071    118.210     73.410     88.710     29.210    -24.090     20.110
      9.143    120.390     71.680     90.170     30.320    -27.710     19.060
      9.214    122.570     69.850     91.580     31.420    -25.340     21.890
      9.286    124.810     68.150     92.920     31.550    -25.780     21.380
      9.357    127.110     66.390     94.420     28.730    -25.780     17.990
      9.429    129.130     64.500     95.720     27.410    -29.390     20.660
      9.500    131.090     62.760     97.340     25.320    -22.220     24.130
      9.571    132.920     61.480     99.140     26.970    -17.210     27.030
      9.643    134.820     60.590    100.830     29.330    -13.470     24.650
      9.714    137.020     59.670    102.530     29.110    -14.740     22.090
      9.786    139.240     58.550    104.270     32.120    -17.940     24.950
      9.857    141.640     57.250    106.120     35.830    -16.290     25.750
      9.929    144.200     55.960    108.100     36.790    -17.190     29.820
     10.000    146.820     54.370    110.120     38.240    -19.820     31.600
     10.071    149.400     52.760    112.310     35.940    -21.790     31.560
     10.143    151.840     51.280    114.630     31.220    -19.680     34.860
     10.214    154.420     50.380    117.330     33.160    -17.850     32.480
     10.286    156.470     48.740    119.280     33.250    -18.390     32.040
     10.357    158.870     47.480    121.460     34.080    -16.880     30.060
     10.429    161.270     46.100    123.510     34.160    -19.610     24.360
     10.500    163.550     44.290    125.220     29.730    -26.770     20.320
     10.571    165.820     42.260    126.810     32.260    -31.840     18.150
     10.643    168.060     40.090    128.140     30.770    -31.560     17.370
     10.714    170.170     38.030    129.460     29.150    -30.450     17.720
     10.786    172.130     36.150    130.840     25.140    -23.910     18.390
     10.857    173.980     34.550    132.320     25.960    -20.510     18.630
     10.929    175.960     33.240    133.800     30.390    -17.490     24.210
     11.000    178.170     32.080    135.700     31.860    -17.320     27.230
     11.071    180.380     30.850    137.650     30.370    -20.470     27.000
     11.143    182.440     29.360    139.510     29.560    -21.890     29.000
     11.214    184.500     27.790    141.460     29.820    -22.440     28.920
     11.286    186.610     26.400    143.410     29.370    -18.310     28.480
     11.357    188.680     24.890    145.310     29.570    -22.690     27.770
